-11.7508237318
-11.7507537448
-11.7506837578
-11.7506137708
-11.7505437839
-11.7504737969
-11.7504038099
-11.7503338229
-11.7502638359
-11.750193849
-11.750123862
-11.750053875
-11.749983888
-11.749913901
-11.7498439141
-11.7497739271
-11.7497039401
-11.7496339531
-11.7495639661
-11.7494939792
-11.7494239922
-11.7493540052
-11.7492840182
-11.7492140312
-11.7491440443
-11.7490740573
-11.7490040703
-11.7489340833
-11.7488640964
-11.7487941094
-11.7487241224
-11.7486541354
-11.7485841484
-11.7485141615
-11.7484441745
-11.7483741875
-11.7483042005
-11.7482342135
-11.7481642266
-11.7480942396
-11.7480242526
-11.7479542656
-11.7478842786
-11.7478142917
-11.7477443047
-11.7476743177
-11.7476043307
-11.7475343437
-11.7474643568
-11.7473943698
-11.7473243828
-11.7472543958
-11.7471844089
-11.7471144219
-11.7470444349
-11.7469744479
-11.7469044609
-11.746834474
-11.746764487
-11.7466945
-11.746624513
-11.746554526
-11.7464845391
-11.7464145521
-11.7463445651
-11.7462745781
-11.7462045911
-11.7461346042
-11.7460646172
-11.7459946302
-11.7459246432
-11.7458546562
-11.7457846693
-11.7457146823
-11.7456446953
-11.7455747083
-11.7455047214
-11.7454347344
-11.7453647474
-11.7452947604
-11.7452247734
-11.7451547865
-11.7450847995
-11.7450148125
-11.7449448255
-11.7448748385
-11.7448048516
-11.7447348646
-11.7446648776
-11.7445948906
-11.7445249036
-11.7444549167
-11.7443849297
-11.7443149427
-11.7442449557
-11.7441749687
-11.7441049818
-11.7440349948
-11.7439650078
-11.7438950208
