206.873109121
206.873037624
206.872966128
206.872894631
206.872823134
206.872751637
206.87268014
206.872608643
206.872537146
206.87246565
206.872394153
206.872322656
206.872251159
206.872179662
206.872108165
206.872036668
206.871965171
206.871893675
206.871822178
206.871750681
206.871679184
206.871607687
206.87153619
206.871464693
206.871393197
206.8713217
206.871250203
206.871178706
206.871107209
206.871035712
206.870964215
206.870892718
206.870821222
206.870749725
206.870678228
206.870606731
206.870535234
206.870463737
206.87039224
206.870320744
206.870249247
206.87017775
206.870106253
206.870034756
206.869963259
206.869891762
206.869820266
206.869748769
206.869677272
206.869605775
206.869534278
206.869462781
206.869391284
206.869319787
206.869248291
206.869176794
206.869105297
206.8690338
206.868962303
206.868890806
206.868819309
206.868747813
206.868676316
206.868604819
206.868533322
206.868461825
206.868390328
206.868318831
206.868247334
206.868175838
206.868104341
206.868032844
206.867961347
206.86788985
206.867818353
206.867746856
206.86767536
206.867603863
206.867532366
206.867460869
206.867389372
206.867317875
206.867246378
206.867174881
206.867103385
206.867031888
206.866960391
206.866888894
206.866817397
206.8667459
206.866674403
206.866602907
206.86653141
206.866459913
206.866388416
206.866316919
206.866245422
206.866173925
206.866102429
206.866030932
