0.530995212193 0.498534778458 0.498040988106 0.472290050703 0.545131291396 0.540506677395 0.515608335328 0.534536410593 0.517749455352 0.499106830673 0.49960539171 0.500103952747 0.495884248399 0.605349754378 0.647358438131 0.644017571674 0.640676705217 0.463402462109 0.470912118215 0.432675741557 0.417091258427 0.420152559526 0.50487160628 0.515726767536 0.531265459076 0.548661161744 0.558088424618 0.570434165268 0.603961868103 0.617928848187
0.516992564077 0.490443551569 0.466413672681 0.48459597415 0.461510187375 0.534301430137 0.517707773382 0.520251157414 0.481488719918 0.478169620007 0.478668181044 0.506710035897 0.57375426913 0.573729400607 0.610876817685 0.607535951228 0.443910220091 0.447974976455 0.414987975418 0.423307934675 0.410368769973 0.413430071072 0.416491372171 0.440749382899 0.523310402487 0.565294465942 0.54540036636 0.577949389434 0.591916369518 0.579917105734
0.475158237608 0.502202121982 0.456107005771 0.472443986776 0.45259598043 0.48916285662 0.496043785183 0.501224326133 0.487417171133 0.415776664983 0.414519355294 0.482412003694 0.542133915359 0.542109046836 0.574395197239 0.571054330783 0.428482734437 0.432547490801 0.405620168535 0.400584980419 0.403646281519 0.406707582618 0.427260922321 0.437140482208 0.450249718101 0.576322455784 0.551936910766 0.565903890849 0.554643378742 0.61547864719
0.434065670324 0.490414305074 0.46370655151 0.44858876197 0.377251970044 0.304905753102 0.300181907483 0.350874642802 0.35474741029 0.466020426204 0.402778037085 0.458113971491 0.510513561587 0.510488693065 0.537913576794 0.534572710337 0.413055248782 0.421388912083 0.390801190866 0.393862491965 0.396923793064 0.399985094163 0.42365202163 0.436289273408 0.440867389346 0.423079220603 0.539891412181 0.571630003799 0.587199833103 0.602769662406
0.492047613293 0.436656271322 0.421794714384 0.318875130065 0.365624192465 0.378148467371 0.310482842709 0.304891633315 0.347256524569 0.351129292057 0.298070124649 0.299429768595 0.478893207816 0.478868339294 0.501431956348 0.393563006764 0.397627763128 0.40430561975 0.384078702412 0.387140003511 0.39020130461 0.410163561052 0.422328828715 0.426906944652 0.377993498403 0.415028909541 0.414155031811 0.472370474643 0.621584837882 0.641551471875
0.358078701376 0.369977542701 0.350895594586 0.327983890784 0.301799499882 0.313470129441 0.0785281239029 0.365863751615 0.356737432096 0.343638406337 0.347511173825 0.30374757602 0.311596875224 0.447247985523 0.464950335902 0.37813552111 0.369641152395 0.374294912858 0.377356213957 0.380417515056 0.396675100473 0.408368384021 0.412946499959 0.374042288236 0.373885371178 0.438966925783 0.458038330972 0.465286619192 0.498873121282 0.625442989169
0.344037371148 0.372319995351 0.361973498068 0.357582548962 0.29751124219 0.245708184791 0.173056215212 0.368191049533 0.347251783148 0.349007889154 0.340020288104 0.308065383445 0.314750910843 0.353853757649 0.377917477352 0.35632480862 0.358586667529 0.367572424404 0.370633725503 0.373695026602 0.394407939328 0.398986055266 0.370091078068 0.369934161011 0.425147895221 0.444815448386 0.448026797663 0.455579697977 0.463132598292 0.470685498607
0.362817756641 0.370389519756 0.369545253818 0.424290824287 0.32891028627 0.255712040905 0.319481043371 0.276136390184 0.357648754247 0.339522240206 0.341278346212 0.325438464213 0.32548298312 0.345521369407 0.33877053285 0.383369349971 0.354706564823 0.360849935949 0.363911237048 0.380447494635 0.385025610572 0.366139867901 0.365982950844 0.412602778727 0.41828375469 0.4325073929 0.440060293215 0.44761319353 0.455166093845 0.462718994159
0.367537283288 0.371153381553 0.38448012563 0.227982817429 0.222359236557 0.329123078362 0.32102177251 0.373723449086 0.342937898308 0.330036591258 0.331792697264 0.33354880327 0.32171693749 0.320349811995 0.335064668944 0.361232572254 0.332699656852 0.354741159714 0.37369804488 0.371065165879 0.362188657734 0.362031740676 0.347759916069 0.390095458643 0.416987988137 0.424540888452 0.432093788767 0.439646689082 0.470883399562 0.481037414667
0.370048153665 0.3758729082 0.444678636549 0.234854914988 0.246841158308 0.323269386212 0.322562501649 0.370210576898 0.332952086341 0.364833712961 0.322307048316 0.324063154322 0.330434684539 0.320136017323 0.32926363208 0.331240690189 0.332338584394 0.334165256997 0.319404031697 0.368280094048 0.37055623121 0.344769372198 0.383002927562 0.396150010125 0.409297092688 0.416574384004 0.424127284319 0.451526136275 0.46168015138 0.471834166485
0.370181903041 0.0758582714709 0.474564683236 0.268858442557 0.283629783374 0.311181291768 0.340758852019 0.345786610515 0.330610858819 0.327017185128 0.308657075503 0.307529065857 0.291759209211 0.324436067076 0.32361796433 0.323680768483 0.337428547892 0.34426044257 0.340525070058 0.391967199429 0.329138175553 0.35767692825 0.370824010813 0.383971093376 0.527916059095 0.496701981309 0.526505179398 0.556308377487 0.586111575576 0.615914773665
0.0779761674381 0.376881394518 0.45840397134 0.308542629793 0.294456613116 0.319817887495 0.309783656008 0.346658355505 0.381858475964 0.335098306164 0.337266584098 0.292433931249 0.28565785064 0.272843761749 0.34140666167 0.322359293548 0.327321913258 0.330421146583 0.35696497464 0.384371096711 0.349058159485 0.381253351464 0.454979103009 0.49056485155 0.452773797061 0.474837331366 0.496900865671 0.518964399976 0.541027934281 0.563091468586
0.287463905007 0.304656897055 0.396311411529 0.328141651722 0.303081120657 0.331762264634 0.313865775831 0.362618278798 0.348549901082 0.318787539153 0.309847793068 0.292062525765 0.243772471182 0.267380482575 0.280429994729 0.275741995321 0.289738481777 0.308091017392 0.337533015007 0.341439369678 0.361538397035 0.381637424392 0.401736451749 0.312679015833 0.444180268223 0.466243802528 0.488307336833 0.510370871138 0.507703858627 0.527699309538
0.443426378142 0.300550470971 0.428260384018 0.302623882524 0.339154243579 0.334497331439 0.33116428591 0.363944011554 0.343121147647 0.29076056134 0.303361468922 0.294774073965 0.282119338309 0.236729374866 0.250190810226 0.278596319768 0.294350661546 0.313797099256 0.305110077021 0.30837069299 0.30905573315 0.315923720744 0.317684635681 0.319445550618 0.380683478692 0.441476710317 0.461472161229 0.48146761214 0.501463063051 0.521458513963
0.46744486495 0.424888078959 0.362770657671 0.326988554804 0.333755760638 0.32320707475 0.351749972104 0.353926220507 0.34157695601 0.290022316461 0.297916591519 0.312000608645 0.296238577695 0.258771131945 0.274498750648 0.287725739818 0.313938689713 0.312837801508 0.319869763028 0.304941478687 0.305626518847 0.306311559006 0.306996599165 0.307681639324 0.383042347207 0.395378948844 0.4091917857 0.421662323687 0.434132861674 0.446603399661
0.432096727223 0.459629394592 0.361540549325 0.319432822828 0.338589270732 0.33543896426 0.328810063322 0.347321851508 0.302444796638 0.310347020923 0.310268817852 0.331478087629 0.311348487932 0.31497346817 0.283888728539 0.284101009258 0.304278683658 0.322641247478 0.329596302494 0.31236211144 0.288981243313 0.282547348271 0.346269157293 0.371632873725 0.383969475362 0.396306077 0.408642678637 0.425963675968 0.443784922917 0.455246904694
0.394897967 0.410244658253 0.400260535839 0.341978700597 0.343052953579 0.354363007312 0.323709643811 0.32119237532 0.312469893538 0.317978516689 0.309927239144 0.311296323608 0.294112934533 0.302881711992 0.324142546228 0.301479158597 0.320034322638 0.332960288057 0.342837734175 0.363671019681 0.314305006199 0.27788671362 0.271452818577 0.340767936384 0.34663108098 0.393192890801 0.428141733719 0.440599442786 0.453057151854 0.455427805823
0.339513517701 0.344327677158 0.362987217626 0.340800009247 0.351517668792 0.344013727284 0.331473120645 0.301944620506 0.292283281985 0.312625576596 0.293969314189 0.304358379441 0.29221630149 0.296642270989 0.290102509094 0.328780398424 0.334410485211 0.34491119991 0.345108425705 0.372802962937 0.388248920371 0.409082205877 0.403315219036 0.340150999032 0.38170052862 0.389794722977 0.397888917333 0.414558005855 0.422874995555 0.431191985256
0.34376148596 0.344592046182 0.364366392925 0.363205777555 0.356611003403 0.324414711614 0.322069503456 0.323709810765 0.285404014495 0.259212913294 0.319505709249 0.292375255354 0.294681618259 0.290247151673 0.288671242118 0.302462313612 0.333085257669 0.33851956306 0.369788077182 0.381786070718 0.398739664234 0.414973415147 0.441121634258 0.385467308517 0.388729733531 0.396823927887 0.404918122244 0.413012316601 0.421106510958 0.434998749879
0.358584255172 0.362864102082 0.355036983913 0.3789485323 0.364275086031 0.349967537418 0.332219770301 0.344911368261 0.294972333108 0.278990924726 0.309769084963 0.341898228971 0.242485942527 0.291250992439 0.291945724231 0.300699145236 0.318356961794 0.364864726747 0.334821687927 0.328667385411 0.407722772015 0.418819072259 0.435608688885 0.389141868462 0.404155090871 0.403853132798 0.411947327155 0.420041521512 0.428135715868 0.436229910225
0.342988627704 0.358258855682 0.369249412993 0.406788654613 0.387088558849 0.358896250119 0.347350802059 0.352807734826 0.355150384292 0.305026719459 0.32089385332 0.307379451362 0.33016446162 0.304625474793 0.292292992948 0.298309194503 0.310860736032 0.382545740629 0.344289480766 0.398625726125 0.413725811895 0.426648546443 0.388026483874 0.39886162841 0.407505372753 0.401615656357 0.418369586408 0.427070726423 0.435164920779 0.443259115136
0.331131237846 0.341464803735 0.36387413985 0.383557558891 0.405780596718 0.31776106316 0.297489278851 0.333985745913 0.366905134607 0.352645161514 0.335043598216 0.302205504078 0.336506177856 0.308703163778 0.313339406144 0.300877295905 0.308470785298 0.365208792572 0.378368926929 0.336707689432 0.339489295502 0.439829442118 0.394611460348 0.40520661762 0.395484606342 0.425868877044 0.413916844888 0.419459692223 0.422325316876 0.429078578198
0.358792672232 0.334409208449 0.36981285033 0.377617988024 0.374991338029 0.310242715566 0.280052749611 0.3311663753 0.363202872192 0.386618235627 0.419624347664 0.354665972631 0.318186574215 0.315574126905 0.31741709513 0.292670439363 0.31987037736 0.378451572355 0.391611706712 0.344861616382 0.347643222452 0.350424828521 0.402714258403 0.412897442317 0.422386751366 0.404794790916 0.409325309589 0.42621803342 0.431760880755 0.43730372809
0.348375653467 0.378933842588 0.352262554206 0.392558916307 0.354558966583 0.392658079225 0.274017086804 0.310278218184 0.32033712102 0.37712236121 0.392320168851 0.290462392493 0.40155472091 0.42379222138 0.312802355105 0.292061134041 0.302505520246 0.316444893326 0.404854486495 0.425567257475 0.355797149401 0.358578755471 0.405330678193 0.4202035665 0.430077576063 0.439566885112 0.41410497549 0.418635494163 0.438519221951 0.444062069286
0.351873054459 0.377371218499 0.367104232281 0.38991787005 0.346314503827 0.315849729796 0.265804648087 0.329865745579 0.305002229035 0.391398862995 0.394088865248 0.334562187367 0.286253222381 0.367726699775 0.347601915597 0.334992727599 0.301896214923 0.312340601128 0.418097266279 0.439227641828 0.454955489025 0.410325456493 0.412787312293 0.421194058747 0.437692874597 0.40736708467 0.456747018858 0.423415160064 0.427945678737 0.432476197411
0.346968100932 0.370856663496 0.391349263508 0.339275951325 0.34365853825 0.284966242661 0.230915100021 0.342998981907 0.285596619415 0.39843463254 0.411028524018 0.379374219121 0.357078755597 0.363016753193 0.374177217082 0.379949897115 0.301286909601 0.311731295806 0.32217568201 0.452888026181 0.468615873378 0.428663233342 0.424088115071 0.428650692848 0.392971849023 0.455182182694 0.415047612684 0.418629876265 0.432725344638 0.437255863311
0.274661507677 0.366146980127 0.389009215325 0.348838650901 0.344718977834 0.284212520483 0.123464531701 0.296015920144 0.28957108565 0.400110228533 0.453830021737 0.39692579133 0.359805606087 0.373241015075 0.384316507187 0.380255649032 0.367589255836 0.368343802408 0.321566376688 0.466548410534 0.482276257731 0.46565789497 0.432682084898 0.43785077365 0.444514073402 0.397683120779 0.39968061467 0.422728140697 0.426310404279 0.429892667861
0.288213113356 0.361369691403 0.389941412994 0.418330602892 0.34357318304 0.279280868735 0.0580532056354 0.303437118529 0.280020531569 0.396728735305 0.439120417404 0.363924670521 0.374006211402 0.382384155855 0.389724940629 0.402051284329 0.33541597236 0.379894041145 0.369015492576 0.387531312195 0.495936642084 0.479798447726 0.488061573477 0.446444743477 0.451613432228 0.400396898645 0.402394392535 0.404391886426 0.480685742662 0.484663388516
0.283363314718 0.314873917437 0.417635393074 0.417542009791 0.309892810581 0.0596176352532 0.01506386219 0.326826187445 0.392281114285 0.40344978903 0.353164500789 0.369739705895 0.370853171254 0.391405188361 0.398932549215 0.41487517086 0.419786061472 0.339062524873 0.378782453172 0.413326118143 0.442550763861 0.493939000483 0.502202126233 0.510465251984 0.460207402055 0.465376090807 0.405108170401 0.479041160921 0.487174268287 0.495307375652
0.278513516079 0.307522669744 0.395513384007 0.420137648121 0.301555400164 0.0404574449911 -0.0320168997176 0.270409454632 0.48861491088 0.374835248239 0.342954288394 0.329833826591 0.353137319567 0.416633977621 0.435982527892 0.41713211751 0.423049952482 0.336996719211 0.378856886728 0.392367102822 0.428829676408 0.446478146668 0.51634267899 0.524605804741 0.468801371883 0.468167053843 0.473223324499 0.478279595155 0.493662793911 0.501795901276
