2
0
0
0
1
1
2
3
8
14
13
1
0
9
14
12
13
19
23
17
13
20
31
42
0
0
0
0
0
0
0
0
0
0
0
0
0
0
0
0
3
1
1
1
4
2
0
4
9
14
15
10
7
13
12
12
12
18
23
18
15
24
34
47
0
0
0
0
0
0
0
0
0
0
0
0
0
0
0
0
4
0
1
3
6
5
1
4
6
8
13
15
15
21
16
17
16
21
25
21
19
26
31
49
0
0
0
0
0
0
0
0
0
0
0
0
0
0
0
0
5
2
4
8
9
7
4
4
3
7
14
20
22
26
30
33
31
31
32
26
23
28
31
48
0
0
0
0
0
0
0
0
0
0
0
0
0
0
0
0
6
2
5
10
11
9
7
4
3
12
23
26
27
32
46
48
47
42
38
32
29
30
26
44
0
0
0
0
0
0
0
0
0
0
0
0
0
0
0
0
0
1
9
12
10
7
4
4
13
19
27
31
33
45
57
70
66
55
37
35
30
34
35
49
0
0
0
0
0
0
0
0
0
0
0
0
0
0
0
0
1
1
4
6
6
5
3
4
12
17
25
34
47
69
86
95
88
72
48
42
38
43
55
73
0
0
0
0
0
0
0
0
0
0
0
0
0
0
0
0
0
0
0
0
3
4
4
6
12
15
21
35
56
85
105
115
107
86
60
51
50
57
68
86
0
0
0
0
0
0
0
0
0
0
0
0
0
0
0
0
0
0
1
0
0
1
3
5
11
14
23
38
60
87
114
125
120
97
72
61
64
71
68
83
0
0
0
0
0
0
0
0
0
0
0
0
0
0
0
0
0
0
2
0
0
0
2
1
7
12
27
45
62
86
122
134
133
111
88
71
73
78
74
85
0
0
0
0
0
0
0
0
0
0
0
0
0
0
0
0
0
4
7
2
0
1
6
4
8
12
29
48
64
81
116
131
137
121
102
82
80
81
78
89
0
0
0
0
0
0
0
0
0
0
0
0
0
0
0
0
0
5
8
4
3
4
8
7
12
14
30
46
60
77
107
124
140
130
119
96
92
87
83
96
0
0
0
0
0
0
0
0
0
0
0
0
0
0
0
0
0
1
3
2
3
5
5
6
15
17
28
41
54
71
105
125
147
142
134
110
105
95
93
105
0
0
0
0
0
0
0
0
0
0
0
0
0
0
0
0
0
4
5
2
4
9
11
11
14
20
28
36
50
70
95
129
151
157
156
139
118
106
101
109
0
0
0
0
0
0
0
0
0
0
0
0
0
0
0
0
0
2
7
6
5
4
9
9
11
16
23
33
47
64
96
133
158
169
170
155
133
119
111
118
0
0
0
0
0
0
0
0
0
0
0
0
0
0
0
0
3
4
9
13
14
8
6
8
9
13
21
35
49
65
95
129
157
171
177
165
145
128
126
130
0
0
0
0
0
0
0
0
0
0
0
0
0
0
0
0
5
0
0
7
11
8
5
10
12
12
20
34
51
68
98
128
155
174
183
177
160
143
138
139
0
0
0
0
0
0
0
0
0
0
0
0
0
0
0
0
13
1
0
0
4
5
8
15
18
17
22
34
52
69
100
127
155
174
185
185
172
153
145
147
0
0
0
0
0
0
0
0
0
0
0
0
0
0
0
0
15
7
0
0
4
9
12
19
22
22
25
35
48
66
95
121
151
174
187
190
181
161
153
154
0
0
0
0
0
0
0
0
0
0
0
0
0
0
0
0
4
2
0
0
0
5
11
16
19
23
28
33
42
57
88
114
146
170
187
198
193
178
161
163
0
0
0
0
0
0
0
0
0
0
0
0
0
0
0
0
0
0
0
0
0
4
9
10
14
21
29
30
35
49
75
100
133
157
177
195
198
186
166
171
0
0
0
0
0
0
0
0
0
0
0
0
0
0
0
0
7
0
0
0
0
0
8
7
14
23
27
29
30
36
62
87
119
156
171
175
188
186
174
176
0
0
0
0
0
0
0
0
0
0
0
0
0
0
0
0
5
1
1
0
0
1
6
2
6
17
23
24
24
26
52
80
107
137
157
167
183
181
179
179
0
0
0
0
0
0
0
0
0
0
0
0
0
0
0
0
1
1
3
0
0
3
2
2
8
15
17
17
17
18
40
70
90
113
137
153
169
173
171
172
0
0
0
0
0
0
0
0
0
0
0
0
0
0
0
0
5
4
7
5
0
0
1
5
15
17
12
8
10
16
31
58
76
93
117
134
150
162
169
165
0
0
0
0
0
0
0
0
0
0
0
0
0
0
0
0
11
7
9
10
3
0
3
10
18
18
9
5
5
11
22
45
63
78
96
112
127
150
154
152
0
0
0
0
0
0
0
0
0
0
0
0
0
0
0
0
8
2
5
9
6
6
9
13
16
16
14
10
8
7
16
30
48
61
76
89
107
131
132
135
0
0
0
0
0
0
0
0
0
0
0
0
0
0
0
0
1
0
3
6
6
12
12
14
15
15
15
14
10
9
12
21
38
43
54
74
91
108
120
126
0
0
0
0
0
0
0
0
0
0
0
0
0
0
0
0
1
1
4
3
4
13
7
11
14
12
11
10
10
12
13
17
30
31
40
66
82
92
104
113
0
0
0
0
0
0
0
0
0
0
0
0
0
0
0
0
4
4
8
11
10
8
11
9
8
8
9
10
11
10
13
16
29
33
38
50
65
83
84
93
0
0
0
0
0
0
0
0
0
0
0
0
0
0
0
0
2
4
7
9
12
13
10
12
13
11
7
8
13
16
8
11
24
32
38
49
58
71
70
77
0
0
0
0
0
0
0
0
0
0
0
0
0
0
0
0
0
4
5
5
10
18
17
20
19
14
9
8
9
12
7
9
23
30
40
49
52
60
64
66
0
0
0
0
0
0
0
0
0
0
0
0
0
0
0
0
0
3
4
3
8
18
27
22
17
14
14
14
10
7
6
10
23
28
37
47
49
55
54
60
0
0
0
0
0
0
0
0
0
0
0
0
0
0
0
0
0
2
4
2
5
13
22
18
12
11
16
16
13
10
6
9
20
20
28
39
44
49
45
54
0
0
0
0
0
0
0
0
0
0
0
0
0
0
0
0
0
1
6
3
4
8
13
12
9
7
6
8
9
8
8
11
17
16
21
33
38
43
41
41
41
44
45
37
31
33
22
22
19
13
9
8
10
12
15
13
0
3
9
8
6
8
8
9
7
5
3
2
4
5
8
10
16
15
21
34
34
33
30
25
26
32
34
31
24
18
15
18
19
13
8
6
7
7
5
2
0
6
12
13
11
12
9
8
7
5
7
9
10
9
8
9
15
13
21
33
30
24
20
25
34
28
22
25
23
8
7
13
17
14
9
9
9
8
0
0
3
4
6
7
6
6
7
10
10
5
5
9
13
12
13
15
14
13
16
21
21
18
26
31
33
25
19
18
14
7
6
7
5
5
6
7
8
3
0
0
2
0
2
0
3
4
10
13
11
6
3
7
10
9
11
14
12
7
10
18
24
21
27
33
31
22
14
14
13
11
0
0
1
3
6
7
5
3
0
0
2
0
1
0
1
2
9
15
14
10
7
6
7
5
10
15
13
6
8
18
27
27
27
29
26
14
7
7
10
10
0
0
0
4
6
4
2
0
0
0
