0
0
4
4
2
1
1
0
0
0
1
1
1
4
3
2
5
12
11
4
0
0
0
0
0
1
0
1
5
10
11
5
5
3
2
5
6
5
1
0
0
0
2
4
4
2
1
0
0
0
2
1
1
3
3
1
3
10
11
5
0
0
1
2
0
0
0
5
11
12
12
10
9
7
5
4
2
0
0
0
0
0
4
7
6
3
1
0
0
3
7
2
1
3
3
1
0
4
6
4
1
0
1
6
3
0
0
3
6
5
2
7
9
10
8
2
0
0
0
0
0
3
9
11
8
3
0
0
0
7
11
5
1
2
3
1
0
0
1
1
0
0
0
3
4
4
1
0
0
0
0
0
4
9
8
1
0
0
1
4
0
1
6
8
5
2
0
0
3
4
2
2
5
5
2
0
0
3
2
0
0
0
0
0
1
5
7
3
0
0
1
3
4
4
4
1
0
0
4
8
3
5
6
4
0
0
0
1
5
8
7
5
7
8
7
0
1
5
6
2
1
5
4
0
0
0
2
1
0
0
2
2
3
4
6
4
3
5
6
10
5
8
8
5
1
1
1
0
5
8
7
4
6
9
8
4
5
8
10
6
5
9
6
0
0
0
0
1
0
0
0
1
2
4
6
5
3
2
2
10
1
4
5
3
2
3
3
0
1
9
7
4
7
11
15
15
12
12
10
6
5
7
4
0
0
0
1
2
0
0
0
2
1
3
5
5
3
1
1
2
0
1
0
0
0
0
0
0
0
8
8
6
9
16
20
19
14
12
11
8
7
6
0
0
0
2
3
2
1
0
0
0
1
2
6
7
8
8
7
0
1
0
0
0
2
2
0
1
3
6
6
6
6
10
14
20
16
17
17
13
10
8
2
0
0
1
2
3
3
1
0
2
1
3
5
7
6
7
8
0
2
0
0
5
10
12
9
8
5
6
7
9
11
14
16
30
31
37
38
29
21
15
8
7
7
7
6
6
7
5
1
2
4
5
6
5
4
6
5
4
1
2
2
6
12
15
14
11
9
9
13
20
25
31
32
47
54
64
63
50
36
26
19
23
18
12
8
8
10
7
2
3
4
7
8
7
5
8
9
3
2
3
5
9
17
19
17
16
12
12
14
24
26
26
38
61
98
112
100
85
64
45
37
27
24
14
7
6
6
5
6
3
0
0
5
8
6
10
12
5
3
7
6
2
4
12
17
14
10
8
8
18
24
28
46
75
113
131
123
107
85
62
52
37
22
10
10
14
12
10
9
4
2
3
7
6
3
7
10
5
3
7
6
1
0
6
15
10
8
7
5
14
22
32
52
78
113
135
131
119
100
80
69
49
27
20
23
16
10
12
15
3
4
7
11
9
2
4
7
7
2
1
6
7
3
3
7
8
8
9
7
14
21
30
50
71
101
125
129
125
115
98
89
71
48
38
35
18
8
13
14
2
4
8
13
12
5
3
3
10
2
1
8
11
5
2
2
4
6
9
7
13
21
29
48
72
97
120
131
137
135
123
114
102
75
55
43
27
20
18
8
5
3
5
8
7
3
0
0
7
1
3
9
8
0
0
1
0
2
4
2
8
16
24
44
64
86
112
131
145
154
151
142
125
104
80
56
36
28
23
14
10
5
1
0
0
0
0
0
0
0
0
4
3
0
0
3
2
3
5
0
4
11
16
35
48
68
96
119
139
159
166
165
152
136
110
79
53
38
27
21
15
8
6
2
1
0
0
0
0
0
0
0
2
4
4
4
4
7
7
2
4
7
10
24
41
59
85
109
130
155
173
176
182
161
129
97
74
52
32
21
14
12
13
11
7
2
0
0
2
0
0
0
0
3
3
0
1
1
1
1
3
6
9
13
31
49
74
99
125
149
166
173
184
176
155
125
99
73
49
35
25
19
16
14
9
6
3
0
0
0
0
0
0
0
0
1
0
0
3
5
5
7
11
13
25
42
67
94
118
142
161
171
171
177
172
151
123
93
62
47
34
25
18
12
8
9
6
5
4
0
0
0
0
0
0
1
0
0
7
11
4
6
11
9
15
29
51
75
97
122
145
162
169
177
177
163
140
111
82
66
48
34
21
9
5
5
6
7
5
0
0
1
0
0
0
3
0
0
9
13
1
1
8
5
14
21
34
52
71
93
123
144
159
162
160
152
143
124
98
81
63
46
24
7
1
0
1
4
3
3
1
0
1
5
7
5
0
0
9
12
0
0
6
4
17
19
27
37
51
71
100
122
129
135
140
142
142
129
106
89
72
55
28
10
5
0
0
2
2
2
0
0
2
10
12
7
0
0
6
8
1
2
9
9
16
17
22
27
38
56
78
94
100
112
121
125
127
117
100
86
73
58
29
12
11
5
1
4
1
0
0
0
0
4
7
3
0
1
4
4
3
4
7
9
9
12
15
17
28
43
59
67
76
88
96
97
100
95
86
79
67
52
26
11
14
6
1
5
0
0
0
0
0
0
0
0
1
2
0
1
2
1
1
4
4
6
7
8
18
33
45
49
53
63
71
75
79
79
72
65
59
45
21
11
14
7
0
3
2
0
1
1
0
5
8
0
1
1
0
2
2
1
0
0
0
4
5
2
10
23
31
30
35
41
45
49
54
56
50
36
33
33
24
14
14
14
10
4
3
2
4
4
0
5
9
4
0
0
0
0
2
3
1
0
0
3
5
4
10
17
19
18
20
27
30
27
27
31
32
27
25
27
25
19
15
15
11
4
5
1
2
3
0
1
5
3
0
0
0
0
4
8
10
11
11
11
12
13
15
16
14
11
7
12
17
15
15
19
21
18
20
20
23
21
12
12
12
5
5
0
0
1
1
1
3
3
3
0
0
0
1
5
11
14
16
14
13
15
16
13
10
9
6
8
8
9
12
20
19
15
15
11
17
16
8
9
12
4
3
0
0
2
8
7
4
5
12
7
3
0
0
0
2
3
12
9
7
9
11
9
8
8
10
9
5
4
6
13
17
17
11
5
10
12
6
9
13
6
1
0
0
1
11
9
5
8
12
9
6
4
3
2
1
0
5
3
2
3
5
7
8
10
6
9
11
7
3
4
8
11
9
1
4
7
5
8
11
10
5
0
0
3
12
8
3
11
9
8
6
6
6
7
6
5
3
5
5
4
4
6
8
8
0
4
12
10
6
2
1
2
4
1
1
2
3
4
6
12
10
5
2
6
13
8
4
13
11
7
4
1
2
3
4
4
3
7
7
4
2
3
4
2
0
1
3
2
3
1
0
0
1
2
0
0
0
0
0
7
9
5
11
14
8
2
2
9
11
11
8
4
1
2
4
6
6
7
3
0
2
2
2
4
2
0
0
0
0
0
0
1
7
9
10
7
0
0
3
11
7
4
8
15
15
11
7
6
15
12
8
5
2
3
6
8
3
6
4
2
3
3
7
12
2
0
0
1
0
0
0
0
7
8
7
4
0
0
0
7
6
2
4
13
20
20
12
5
12
10
7
5
5
5
4
5
0
5
5
4
5
3
6
9
4
3
8
11
6
1
0
0
1
2
4
3
0
0
0
5
6
1
1
8
18
18
11
4
7
9
9
11
10
7
5
4
1
2
3
3
7
4
0
0
0
2
10
15
10
4
1
0
0
0
2
4
3
0
0
1
4
