37.7448771295
37.7448635434
37.7448499574
37.7448363714
37.7448227853
37.7448091993
37.7447956132
37.7447820272
37.7447684412
37.7447548551
37.7447412691
37.7447276831
37.744714097
37.744700511
37.7446869249
37.7446733389
37.7446597529
37.7446461668
37.7446325808
37.7446189948
37.7446054087
37.7445918227
37.7445782366
37.7445646506
37.7445510646
37.7445374785
37.7445238925
37.7445103065
37.7444967204
37.7444831344
37.7444695483
37.7444559623
37.7444423763
37.7444287902
37.7444152042
37.7444016182
37.7443880321
37.7443744461
37.74436086
37.744347274
37.7448742449
37.7448606588
37.7448470728
37.7448334868
37.7448199007
37.7448063147
37.7447927287
37.7447791426
37.7447655566
37.7447519705
37.7447383845
37.7447247985
37.7447112124
37.7446976264
37.7446840404
37.7446704543
37.7446568683
37.7446432822
37.7446296962
37.7446161102
37.7446025241
37.7445889381
37.7445753521
37.744561766
37.74454818
37.7445345939
37.7445210079
37.7445074219
37.7444938358
37.7444802498
37.7444666638
37.7444530777
37.7444394917
37.7444259056
37.7444123196
37.7443987336
37.7443851475
37.7443715615
37.7443579755
37.7443443894
37.7448713603
37.7448577743
37.7448441882
37.7448306022
37.7448170161
37.7448034301
37.7447898441
37.744776258
37.744762672
37.744749086
37.7447354999
37.7447219139
37.7447083278
37.7446947418
37.7446811558
37.7446675697
37.7446539837
37.7446403977
37.7446268116
37.7446132256
37.7445996395
37.7445860535
37.7445724675
37.7445588814
37.7445452954
37.7445317094
37.7445181233
37.7445045373
37.7444909512
37.7444773652
37.7444637792
37.7444501931
37.7444366071
37.7444230211
37.744409435
37.744395849
37.7443822629
37.7443686769
37.7443550909
37.7443415048
37.7448684757
37.7448548897
37.7448413036
37.7448277176
37.7448141316
37.7448005455
37.7447869595
37.7447733734
37.7447597874
37.7447462014
37.7447326153
37.7447190293
37.7447054433
37.7446918572
37.7446782712
37.7446646851
37.7446510991
37.7446375131
37.744623927
37.744610341
37.744596755
37.7445831689
37.7445695829
37.7445559968
37.7445424108
37.7445288248
37.7445152387
37.7445016527
37.7444880667
37.7444744806
37.7444608946
37.7444473085
37.7444337225
37.7444201365
37.7444065504
37.7443929644
37.7443793784
37.7443657923
37.7443522063
37.7443386202
37.7448655911
37.7448520051
37.744838419
37.744824833
37.744811247
37.7447976609
37.7447840749
37.7447704889
37.7447569028
37.7447433168
37.7447297307
37.7447161447
37.7447025587
37.7446889726
37.7446753866
37.7446618006
37.7446482145
37.7446346285
37.7446210424
37.7446074564
37.7445938704
37.7445802843
37.7445666983
37.7445531123
37.7445395262
37.7445259402
37.7445123541
37.7444987681
37.7444851821
37.744471596
37.74445801
37.744444424
37.7444308379
37.7444172519
37.7444036659
37.7443900798
37.7443764938
37.7443629077
37.7443493217
37.7443357357
37.7448627065
37.7448491205
37.7448355345
37.7448219484
37.7448083624
37.7447947763
37.7447811903
37.7447676043
37.7447540182
37.7447404322
37.7447268462
37.7447132601
37.7446996741
37.7446860881
37.744672502
37.744658916
37.7446453299
37.7446317439
37.7446181579
37.7446045718
37.7445909858
37.7445773998
37.7445638137
37.7445502277
37.7445366416
37.7445230556
37.7445094696
37.7444958835
37.7444822975
37.7444687115
37.7444551254
37.7444415394
37.7444279533
37.7444143673
37.7444007813
37.7443871952
37.7443736092
37.7443600232
37.7443464371
37.7443328511
37.744859822
37.7448462359
37.7448326499
37.7448190638
37.7448054778
37.7447918918
37.7447783057
37.7447647197
37.7447511337
37.7447375476
37.7447239616
37.7447103755
37.7446967895
37.7446832035
37.7446696174
37.7446560314
37.7446424454
37.7446288593
37.7446152733
37.7446016872
37.7445881012
37.7445745152
37.7445609291
37.7445473431
37.7445337571
37.744520171
37.744506585
37.7444929989
37.7444794129
37.7444658269
37.7444522408
37.7444386548
37.7444250688
37.7444114827
37.7443978967
37.7443843106
37.7443707246
37.7443571386
37.7443435525
37.7443299665
37.7448569374
37.7448433513
37.7448297653
37.7448161793
37.7448025932
37.7447890072
37.7447754211
37.7447618351
37.7447482491
37.744734663
37.744721077
37.744707491
37.7446939049
37.7446803189
37.7446667328
37.7446531468
37.7446395608
37.7446259747
37.7446123887
37.7445988027
37.7445852166
37.7445716306
37.7445580445
37.7445444585
37.7445308725
37.7445172864
37.7445037004
37.7444901144
37.7444765283
37.7444629423
37.7444493562
37.7444357702
37.7444221842
37.7444085981
37.7443950121
37.7443814261
37.74436784
37.744354254
37.7443406679
37.7443270819
37.7448540528
37.7448404667
37.7448268807
37.7448132947
37.7447997086
37.7447861226
37.7447725366
37.7447589505
37.7447453645
37.7447317784
37.7447181924
37.7447046064
37.7446910203
37.7446774343
37.7446638483
37.7446502622
37.7446366762
37.7446230901
37.7446095041
37.7445959181
37.744582332
37.744568746
37.74455516
37.7445415739
37.7445279879
37.7445144018
37.7445008158
37.7444872298
37.7444736437
37.7444600577
37.7444464717
37.7444328856
37.7444192996
37.7444057135
37.7443921275
37.7443785415
37.7443649554
37.7443513694
37.7443377834
37.7443241973
37.7448511682
37.7448375822
37.7448239961
37.7448104101
37.744796824
37.744783238
37.744769652
37.7447560659
37.7447424799
37.7447288939
37.7447153078
37.7447017218
37.7446881357
37.7446745497
37.7446609637
37.7446473776
37.7446337916
37.7446202056
37.7446066195
37.7445930335
37.7445794474
37.7445658614
37.7445522754
37.7445386893
37.7445251033
37.7445115173
37.7444979312
37.7444843452
37.7444707591
37.7444571731
37.7444435871
37.744430001
37.744416415
37.744402829
37.7443892429
37.7443756569
37.7443620708
37.7443484848
37.7443348988
37.7443213127
37.7448482836
37.7448346976
37.7448211115
37.7448075255
37.7447939395
37.7447803534
37.7447667674
37.7447531813
37.7447395953
37.7447260093
37.7447124232
37.7446988372
37.7446852512
37.7446716651
37.7446580791
37.744644493
37.744630907
37.744617321
37.7446037349
37.7445901489
37.7445765629
37.7445629768
37.7445493908
37.7445358047
37.7445222187
37.7445086327
37.7444950466
37.7444814606
37.7444678746
37.7444542885
37.7444407025
37.7444271165
37.7444135304
37.7443999444
37.7443863583
37.7443727723
37.7443591863
37.7443456002
37.7443320142
37.7443184282
37.744845399
37.744831813
37.7448182269
37.7448046409
37.7447910549
37.7447774688
37.7447638828
37.7447502968
37.7447367107
37.7447231247
37.7447095387
37.7446959526
37.7446823666
37.7446687805
37.7446551945
37.7446416085
37.7446280224
37.7446144364
37.7446008504
37.7445872643
37.7445736783
37.7445600922
37.7445465062
37.7445329202
37.7445193341
37.7445057481
37.7444921621
37.744478576
37.74446499
37.7444514039
37.7444378179
37.7444242319
37.7444106458
37.7443970598
37.7443834738
37.7443698877
37.7443563017
37.7443427156
37.7443291296
37.7443155436
37.7448425144
37.7448289284
37.7448153424
37.7448017563
37.7447881703
37.7447745843
37.7447609982
37.7447474122
37.7447338261
37.7447202401
37.7447066541
37.744693068
37.744679482
37.744665896
37.7446523099
37.7446387239
37.7446251378
37.7446115518
37.7445979658
37.7445843797
37.7445707937
37.7445572077
37.7445436216
37.7445300356
37.7445164495
37.7445028635
37.7444892775
37.7444756914
37.7444621054
37.7444485194
37.7444349333
37.7444213473
37.7444077612
37.7443941752
37.7443805892
37.7443670031
37.7443534171
37.7443398311
37.744326245
37.744312659
37.7448396299
37.7448260438
37.7448124578
37.7447988717
37.7447852857
37.7447716997
37.7447581136
37.7447445276
37.7447309416
37.7447173555
37.7447037695
37.7446901834
37.7446765974
37.7446630114
37.7446494253
37.7446358393
37.7446222533
37.7446086672
37.7445950812
37.7445814951
37.7445679091
37.7445543231
37.744540737
37.744527151
37.744513565
37.7444999789
37.7444863929
37.7444728068
37.7444592208
37.7444456348
37.7444320487
37.7444184627
37.7444048767
37.7443912906
37.7443777046
37.7443641185
37.7443505325
37.7443369465
37.7443233604
37.7443097744
37.7448367453
37.7448231592
37.7448095732
37.7447959872
37.7447824011
37.7447688151
37.744755229
37.744741643
37.744728057
37.7447144709
37.7447008849
37.7446872989
37.7446737128
37.7446601268
37.7446465407
37.7446329547
37.7446193687
37.7446057826
37.7445921966
37.7445786106
37.7445650245
37.7445514385
37.7445378524
37.7445242664
37.7445106804
37.7444970943
37.7444835083
37.7444699223
37.7444563362
37.7444427502
37.7444291641
37.7444155781
37.7444019921
37.744388406
37.74437482
37.744361234
37.7443476479
37.7443340619
37.7443204758
37.7443068898
37.7448338607
37.7448202746
37.7448066886
37.7447931026
37.7447795165
37.7447659305
37.7447523445
37.7447387584
37.7447251724
37.7447115863
37.7446980003
37.7446844143
37.7446708282
37.7446572422
37.7446436562
37.7446300701
37.7446164841
37.744602898
37.744589312
37.744575726
37.7445621399
37.7445485539
37.7445349679
37.7445213818
37.7445077958
37.7444942097
37.7444806237
37.7444670377
37.7444534516
37.7444398656
37.7444262796
37.7444126935
37.7443991075
37.7443855214
37.7443719354
37.7443583494
37.7443447633
37.7443311773
37.7443175913
37.7443040052
37.7448309761
37.7448173901
37.744803804
37.744790218
37.7447766319
37.7447630459
37.7447494599
37.7447358738
37.7447222878
37.7447087018
37.7446951157
37.7446815297
37.7446679436
37.7446543576
37.7446407716
37.7446271855
37.7446135995
37.7446000135
37.7445864274
37.7445728414
37.7445592553
37.7445456693
37.7445320833
37.7445184972
37.7445049112
37.7444913252
37.7444777391
37.7444641531
37.7444505671
37.744436981
37.744423395
37.7444098089
37.7443962229
37.7443826369
37.7443690508
37.7443554648
37.7443418788
37.7443282927
37.7443147067
37.7443011206
37.7448280915
37.7448145055
37.7448009194
37.7447873334
37.7447737474
37.7447601613
37.7447465753
37.7447329893
37.7447194032
37.7447058172
37.7446922311
37.7446786451
37.7446650591
37.744651473
37.744637887
37.744624301
37.7446107149
37.7445971289
37.7445835428
37.7445699568
37.7445563708
37.7445427847
37.7445291987
37.7445156127
37.7445020266
37.7444884406
37.7444748545
37.7444612685
37.7444476825
37.7444340964
37.7444205104
37.7444069244
37.7443933383
37.7443797523
37.7443661662
37.7443525802
37.7443389942
37.7443254081
37.7443118221
37.7442982361
37.7448252069
37.7448116209
37.7447980349
37.7447844488
37.7447708628
37.7447572767
37.7447436907
37.7447301047
37.7447165186
37.7447029326
37.7446893466
37.7446757605
37.7446621745
37.7446485884
37.7446350024
37.7446214164
37.7446078303
37.7445942443
37.7445806583
37.7445670722
37.7445534862
37.7445399001
37.7445263141
37.7445127281
37.744499142
37.744485556
37.74447197
37.7444583839
37.7444447979
37.7444312118
37.7444176258
37.7444040398
37.7443904537
37.7443768677
37.7443632817
37.7443496956
37.7443361096
37.7443225235
37.7443089375
37.7442953515
37.7448223223
37.7448087363
37.7447951503
37.7447815642
37.7447679782
37.7447543922
37.7447408061
37.7447272201
37.744713634
37.744700048
37.744686462
37.7446728759
37.7446592899
37.7446457039
37.7446321178
37.7446185318
37.7446049457
37.7445913597
37.7445777737
37.7445641876
37.7445506016
37.7445370156
37.7445234295
37.7445098435
37.7444962574
37.7444826714
37.7444690854
37.7444554993
37.7444419133
37.7444283273
37.7444147412
37.7444011552
37.7443875691
37.7443739831
37.7443603971
37.744346811
37.744333225
37.744319639
37.7443060529
37.7442924669
37.7448194378
37.7448058517
37.7447922657
37.7447786796
37.7447650936
37.7447515076
37.7447379215
37.7447243355
37.7447107495
37.7446971634
37.7446835774
37.7446699913
37.7446564053
37.7446428193
37.7446292332
37.7446156472
37.7446020612
37.7445884751
37.7445748891
37.744561303
37.744547717
37.744534131
37.7445205449
37.7445069589
37.7444933729
37.7444797868
37.7444662008
37.7444526147
37.7444390287
37.7444254427
37.7444118566
37.7443982706
37.7443846846
37.7443710985
37.7443575125
37.7443439264
37.7443303404
37.7443167544
37.7443031683
37.7442895823
37.7448165532
37.7448029671
37.7447893811
37.7447757951
37.744762209
37.744748623
37.7447350369
37.7447214509
37.7447078649
37.7446942788
37.7446806928
37.7446671068
37.7446535207
37.7446399347
37.7446263486
37.7446127626
37.7445991766
37.7445855905
37.7445720045
37.7445584185
37.7445448324
37.7445312464
37.7445176603
37.7445040743
37.7444904883
37.7444769022
37.7444633162
37.7444497302
37.7444361441
37.7444225581
37.744408972
37.744395386
37.7443818
37.7443682139
37.7443546279
37.7443410419
37.7443274558
37.7443138698
37.7443002838
37.7442866977
37.7448136686
37.7448000825
37.7447864965
37.7447729105
37.7447593244
37.7447457384
37.7447321524
37.7447185663
37.7447049803
37.7446913942
37.7446778082
37.7446642222
37.7446506361
37.7446370501
37.7446234641
37.744609878
37.744596292
37.7445827059
37.7445691199
37.7445555339
37.7445419478
37.7445283618
37.7445147758
37.7445011897
37.7444876037
37.7444740177
37.7444604316
37.7444468456
37.7444332595
37.7444196735
37.7444060875
37.7443925014
37.7443789154
37.7443653294
37.7443517433
37.7443381573
37.7443245712
37.7443109852
37.7442973992
37.7442838131
37.744810784
37.744797198
37.7447836119
37.7447700259
37.7447564399
37.7447428538
37.7447292678
37.7447156817
37.7447020957
37.7446885097
37.7446749236
37.7446613376
37.7446477516
37.7446341655
37.7446205795
37.7446069934
37.7445934074
37.7445798214
37.7445662353
37.7445526493
37.7445390633
37.7445254772
37.7445118912
37.7444983051
37.7444847191
37.7444711331
37.744457547
37.744443961
37.744430375
37.7444167889
37.7444032029
37.7443896168
37.7443760308
37.7443624448
37.7443488587
37.7443352727
37.7443216867
37.7443081006
37.7442945146
37.7442809285
37.7448078994
37.7447943134
37.7447807273
37.7447671413
37.7447535553
37.7447399692
37.7447263832
37.7447127972
37.7446992111
37.7446856251
37.744672039
37.744658453
37.744644867
37.7446312809
37.7446176949
37.7446041089
37.7445905228
37.7445769368
37.7445633507
37.7445497647
37.7445361787
37.7445225926
37.7445090066
37.7444954206
37.7444818345
37.7444682485
37.7444546624
37.7444410764
37.7444274904
37.7444139043
37.7444003183
37.7443867323
37.7443731462
37.7443595602
37.7443459741
37.7443323881
37.7443188021
37.744305216
37.74429163
37.744278044
37.7448050148
37.7447914288
37.7447778428
37.7447642567
37.7447506707
37.7447370846
37.7447234986
37.7447099126
37.7446963265
37.7446827405
37.7446691545
37.7446555684
37.7446419824
37.7446283963
37.7446148103
37.7446012243
37.7445876382
37.7445740522
37.7445604662
37.7445468801
37.7445332941
37.744519708
37.744506122
37.744492536
37.7444789499
37.7444653639
37.7444517779
37.7444381918
37.7444246058
37.7444110197
37.7443974337
37.7443838477
37.7443702616
37.7443566756
37.7443430896
37.7443295035
37.7443159175
37.7443023314
37.7442887454
37.7442751594
37.7448021302
37.7447885442
37.7447749582
37.7447613721
37.7447477861
37.7447342001
37.744720614
37.744707028
37.7446934419
37.7446798559
37.7446662699
37.7446526838
37.7446390978
37.7446255118
37.7446119257
37.7445983397
37.7445847536
37.7445711676
37.7445575816
37.7445439955
37.7445304095
37.7445168235
37.7445032374
37.7444896514
37.7444760653
37.7444624793
37.7444488933
37.7444353072
37.7444217212
37.7444081352
37.7443945491
37.7443809631
37.744367377
37.744353791
37.744340205
37.7443266189
37.7443130329
37.7442994469
37.7442858608
37.7442722748
37.7447992457
37.7447856596
37.7447720736
37.7447584875
37.7447449015
37.7447313155
37.7447177294
37.7447041434
37.7446905574
37.7446769713
37.7446633853
37.7446497992
37.7446362132
37.7446226272
37.7446090411
37.7445954551
37.7445818691
37.744568283
37.744554697
37.7445411109
37.7445275249
37.7445139389
37.7445003528
37.7444867668
37.7444731808
37.7444595947
37.7444460087
37.7444324226
37.7444188366
37.7444052506
37.7443916645
37.7443780785
37.7443644925
37.7443509064
37.7443373204
37.7443237344
37.7443101483
37.7442965623
37.7442829762
37.7442693902
37.7447963611
37.744782775
37.744769189
37.744755603
37.7447420169
37.7447284309
37.7447148448
37.7447012588
37.7446876728
37.7446740867
37.7446605007
37.7446469147
37.7446333286
37.7446197426
37.7446061565
37.7445925705
37.7445789845
37.7445653984
37.7445518124
37.7445382264
37.7445246403
37.7445110543
37.7444974683
37.7444838822
37.7444702962
37.7444567101
37.7444431241
37.7444295381
37.744415952
37.744402366
37.74438878
37.7443751939
37.7443616079
37.7443480218
37.7443344358
37.7443208498
37.7443072637
37.7442936777
37.7442800917
37.7442665056
37.7447934765
37.7447798905
37.7447663044
37.7447527184
37.7447391323
37.7447255463
37.7447119603
37.7446983742
37.7446847882
37.7446712022
37.7446576161
37.7446440301
37.744630444
37.744616858
37.744603272
37.7445896859
37.7445760999
37.7445625139
37.7445489278
37.7445353418
37.7445217557
37.7445081697
37.7444945837
37.7444809976
37.7444674116
37.7444538256
37.7444402395
37.7444266535
37.7444130674
37.7443994814
37.7443858954
37.7443723093
37.7443587233
37.7443451373
37.7443315512
37.7443179652
37.7443043791
37.7442907931
37.7442772071
37.744263621
37.7447905919
37.7447770059
37.7447634198
37.7447498338
37.7447362478
37.7447226617
37.7447090757
37.7446954896
37.7446819036
37.7446683176
37.7446547315
37.7446411455
37.7446275595
37.7446139734
37.7446003874
37.7445868013
37.7445732153
37.7445596293
37.7445460432
37.7445324572
37.7445188712
37.7445052851
37.7444916991
37.744478113
37.744464527
37.744450941
37.7444373549
37.7444237689
37.7444101829
37.7443965968
37.7443830108
37.7443694247
37.7443558387
37.7443422527
37.7443286666
37.7443150806
37.7443014946
37.7442879085
37.7442743225
37.7442607364
37.7447877073
37.7447741213
37.7447605352
37.7447469492
37.7447333632
37.7447197771
37.7447061911
37.7446926051
37.744679019
37.744665433
37.7446518469
37.7446382609
37.7446246749
37.7446110888
37.7445975028
37.7445839168
37.7445703307
37.7445567447
37.7445431586
37.7445295726
37.7445159866
37.7445024005
37.7444888145
37.7444752285
37.7444616424
37.7444480564
37.7444344703
37.7444208843
37.7444072983
37.7443937122
37.7443801262
37.7443665402
37.7443529541
37.7443393681
37.744325782
37.744312196
37.74429861
37.7442850239
37.7442714379
37.7442578519
37.7447848227
37.7447712367
37.7447576507
37.7447440646
37.7447304786
37.7447168925
37.7447033065
37.7446897205
37.7446761344
37.7446625484
37.7446489624
37.7446353763
37.7446217903
37.7446082042
37.7445946182
37.7445810322
37.7445674461
37.7445538601
37.7445402741
37.744526688
37.744513102
37.7444995159
37.7444859299
37.7444723439
37.7444587578
37.7444451718
37.7444315858
37.7444179997
37.7444044137
37.7443908276
37.7443772416
37.7443636556
37.7443500695
37.7443364835
37.7443228975
37.7443093114
37.7442957254
37.7442821393
37.7442685533
37.7442549673
37.7447819381
37.7447683521
37.7447547661
37.74474118
37.744727594
37.744714008
37.7447004219
37.7446868359
37.7446732498
37.7446596638
37.7446460778
37.7446324917
37.7446189057
37.7446053197
37.7445917336
37.7445781476
37.7445645615
37.7445509755
37.7445373895
37.7445238034
37.7445102174
37.7444966314
37.7444830453
37.7444694593
37.7444558732
37.7444422872
37.7444287012
37.7444151151
37.7444015291
37.7443879431
37.744374357
37.744360771
37.744347185
37.7443335989
37.7443200129
37.7443064268
37.7442928408
37.7442792548
37.7442656687
37.7442520827
37.7447790536
37.7447654675
37.7447518815
37.7447382954
37.7447247094
37.7447111234
37.7446975373
37.7446839513
37.7446703653
37.7446567792
37.7446431932
37.7446296071
37.7446160211
37.7446024351
37.744588849
37.744575263
37.744561677
37.7445480909
37.7445345049
37.7445209189
37.7445073328
37.7444937468
37.7444801607
37.7444665747
37.7444529887
37.7444394026
37.7444258166
37.7444122306
37.7443986445
37.7443850585
37.7443714724
37.7443578864
37.7443443004
37.7443307143
37.7443171283
37.7443035423
37.7442899562
37.7442763702
37.7442627841
37.7442491981
37.744776169
37.7447625829
37.7447489969
37.7447354109
37.7447218248
37.7447082388
37.7446946528
37.7446810667
37.7446674807
37.7446538946
37.7446403086
37.7446267226
37.7446131365
37.7445995505
37.7445859645
37.7445723784
37.7445587924
37.7445452063
37.7445316203
37.7445180343
37.7445044482
37.7444908622
37.7444772762
37.7444636901
37.7444501041
37.744436518
37.744422932
37.744409346
37.7443957599
37.7443821739
37.7443685879
37.7443550018
37.7443414158
37.7443278297
37.7443142437
37.7443006577
37.7442870716
37.7442734856
37.7442598996
37.7442463135
37.7447732844
37.7447596984
37.7447461123
37.7447325263
37.7447189402
37.7447053542
37.7446917682
37.7446781821
37.7446645961
37.7446510101
37.744637424
37.744623838
37.7446102519
37.7445966659
37.7445830799
37.7445694938
37.7445559078
37.7445423218
37.7445287357
37.7445151497
37.7445015636
37.7444879776
37.7444743916
37.7444608055
37.7444472195
37.7444336335
37.7444200474
37.7444064614
37.7443928753
37.7443792893
37.7443657033
37.7443521172
37.7443385312
37.7443249452
37.7443113591
37.7442977731
37.744284187
37.744270601
37.744257015
37.7442434289
37.7447703998
37.7447568138
37.7447432277
37.7447296417
37.7447160557
37.7447024696
37.7446888836
37.7446752975
37.7446617115
37.7446481255
37.7446345394
37.7446209534
37.7446073674
37.7445937813
37.7445801953
37.7445666092
37.7445530232
37.7445394372
37.7445258511
37.7445122651
37.7444986791
37.744485093
37.744471507
37.7444579209
37.7444443349
37.7444307489
37.7444171628
37.7444035768
37.7443899908
37.7443764047
37.7443628187
37.7443492326
37.7443356466
37.7443220606
37.7443084745
37.7442948885
37.7442813025
37.7442677164
37.7442541304
37.7442405443
37.7447675152
37.7447539292
37.7447403431
37.7447267571
37.7447131711
37.744699585
37.744685999
37.744672413
37.7446588269
37.7446452409
37.7446316548
37.7446180688
37.7446044828
37.7445908967
37.7445773107
37.7445637247
37.7445501386
37.7445365526
37.7445229665
37.7445093805
37.7444957945
37.7444822084
37.7444686224
37.7444550364
37.7444414503
37.7444278643
37.7444142782
37.7444006922
37.7443871062
37.7443735201
37.7443599341
37.7443463481
37.744332762
37.744319176
37.7443055899
37.7442920039
37.7442784179
37.7442648318
37.7442512458
37.7442376598
37.7447646306
37.7447510446
37.7447374586
37.7447238725
37.7447102865
37.7446967004
37.7446831144
37.7446695284
37.7446559423
37.7446423563
37.7446287703
37.7446151842
37.7446015982
37.7445880121
37.7445744261
37.7445608401
37.744547254
37.744533668
37.744520082
37.7445064959
37.7444929099
37.7444793238
37.7444657378
37.7444521518
37.7444385657
37.7444249797
37.7444113937
37.7443978076
37.7443842216
37.7443706356
37.7443570495
37.7443434635
37.7443298774
37.7443162914
37.7443027054
37.7442891193
37.7442755333
37.7442619473
37.7442483612
37.7442347752
