37.7433040417
37.7433691458
37.74343425
37.7434993542
37.7435644583
37.7436295625
37.7436946667
37.7437597708
37.743824875
37.7438899792
37.7439550833
37.7440201875
37.7440852917
37.7441503958
37.7442155
37.7442806042
37.7443457083
37.7444108125
37.7444759167
37.7445410208
37.744606125
37.7446712292
37.7447363333
37.7448014375
37.7448665417
37.7449316458
37.74499675
37.7450618542
37.7451269583
37.7451920625
37.7452571667
37.7453222708
37.745387375
37.7454524792
37.7455175833
37.7455826875
37.7456477917
37.7457128958
37.745778
37.7458431042
