1.97103443785 1.99122150204 2.12454427873 1.86533826457 1.8244021532 2.03234193805 2.04164358064 2.01569405806 1.92423927854 1.86933068164 1.78571402568 1.82566021384 2.13491272216 3.67418246774 3.2026740363 2.29124203169 2.0799933104 2.02523666145 2.05451588534 1.46282864155 2.03456175754 2.23279832186 2.20154686087 2.39907058322 2.02184853887 1.73742219188 3.16257455543 0.985229838298 7.46431198376 8.20989026437 34.3825301044 229.803621261 36.539922476 4.81049693178 3.84014210064 3.0252505188 2.60348917064 3.5053799103 2.9931819787 2.59566767779
2.21039979991 1.93939476088 2.02915737417 1.75773151078 1.76648982564 1.96861963361 1.9125097771 2.07885462342 2.04898256709 2.51803052894 2.31784987652 2.35981510916 3.04647275066 2.77693006894 2.44925900261 2.26300719694 2.18428113035 2.20359114306 1.9245913193 2.70852506328 2.36615188243 2.32798130661 2.49902780104 1.58234277133 1.85308550361 1.77472446821 1.14365592257 0.741109569048 1.32874962453 13.1434828457 134.951343286 11.0337190636 7.31957751631 10.8544904293 7.61074469642 5.65248887039 4.51695950405 11.2178418562 8.5943488831 16.4442795286
2.0113569514 2.06282365813 2.19014747628 2.12131629298 1.74851768167 2.14489475361 1.87070665465 1.80381864559 2.74616106354 2.68357377854 2.40303973147 2.68014899396 2.57804234499 2.61516158183 2.62098207124 2.74629780172 2.69874560838 2.64702239039 2.16724168029 2.49495649793 2.46237002201 1.75938857723 1.75745215941 1.96581433619 1.68708216842 1.4863830324 1.42313813723 0.917268709195 1.36756923799 1.33598643285 22.6358805278 1008.68216127 28.0147387825 24.9036325861 50.1485529178 24.8633208808 38.5089648378 89.8271989037 15.6922390722 11.27291522
2.22465634239 2.227374601 2.0719414543 2.38694185834 2.16846506677 2.17272593613 2.28925578674 2.31812394972 2.684975569 2.41829474299 2.7651580378 2.73445408529 2.79350593498 2.82888281276 2.84292604705 2.86271633396 2.65441437093 2.19502501102 2.35532493414 2.14996091982 2.2216744944 1.94921891814 1.87776312419 1.64766876525 1.57385422272 1.01239205967 0.956941586164 0.833984308244 1.6000586457 1.57324543267 1.52337321671 10.3051871161 10.0489101952 11.5420834919 13.6645477831 44.5867247052 5210.37713737 43.3550669058 16.6213511728 26.5204312885
2.41271243035 2.39238140955 2.68196625633 2.55800033826 2.23213046018 2.20156916736 2.40621548564 2.35573317659 2.53954691133 2.60820220146 2.79382939144 2.72599029591 2.73616348522 2.85469464564 2.91926927936 2.94516273835 2.44180923698 2.43469012879 2.30654120427 2.13560461644 2.08212934359 2.00323273722 1.48417396583 1.5631885898 1.48126725833 1.40601115026 1.12567210017 1.58163681168 1.5521814232 1.82618889512 1.79447560192 1.77109165889 8.37161531646 12.0656280785 16.0336228852 24.4877129863 10.2482401403 11.3995109918 2281.3822143 29.8101949114
2.61703199934 2.29896773026 2.93151868352 2.71882605689 3.06414202641 2.65636496637 2.5723722427 2.47027309607 2.56234330875 2.77018040786 2.81374130998 2.93094722657 2.93838788002 2.99103667486 3.12633906337 3.16265007543 2.86484161946 2.82687367595 3.34665195884 3.51517236333 3.65081864185 1.87789482971 1.85600398425 1.47180494183 1.39385588625 1.84990236363 1.7684714145 1.83578311672 1.80091241866 1.76994847513 1.27797294413 1.26046116507 1.2448798378 6.89369026709 7.2531455668 7.25206162165 8.13776294651 12.0509304426 14.8686789974 14.7572428916
2.56149359223 2.41130760438 2.82369709913 6.45554678172 2.81889684314 2.43359307917 2.45968646156 2.63664334368 2.75189826163 2.82239600888 2.72961181775 2.70839841121 2.77846844645 2.87904427471 3.00812279251 2.94123778935 2.90271494172 2.8294562679 2.43238000603 2.23726013831 2.17697170529 1.88804491664 1.78849253658 1.69765346322 2.00260252686 1.61399499338 1.548483763 2.05693714869 1.39577482117 1.98916421341 2.75746601404 1.60980887202 2.15452161744 1.4293980926 1.44008917087 6.49250338445 7.10117093173 9.88369501943 9.82530345305 11.51145251
2.99495433414 2.88804856526 2.81169095094 2.80080344959 2.75889330012 2.91540912908 2.65206640955 2.81901764621 2.61689495492 2.88319632726 2.68154127655 2.71409755583 2.74313185792 2.86494949825 3.08490103582 2.9036919403 2.64465627153 2.44370691443 1.95868437809 1.93539536847 1.81196975066 1.79081042994 2.05252715337 1.71260328387 1.64109875764 1.57418560532 1.5114640932 3.45667064643 2.61108907349 2.13030289306 2.11357384297 2.09847374931 1.27716654174 1.45779849439 1.48772061649 1.90209781664 5.7586053395 7.36888928949 6.63979048957 7.17621704657
3.30887195908 3.12782741654 2.98722284813 2.83427155459 3.00896016941 2.78549011799 2.91568160874 2.9666807898 2.90131745591 2.77033063157 2.77532921283 2.89310181121 2.94985754097 3.00650891801 2.79001236884 2.37722955456 2.22790207644 1.98624088398 1.94898341505 1.82537726382 1.82011862504 1.73646858573 1.74443528746 1.89267689049 1.82297308035 1.75735141157 1.99610987291 2.3769788123 2.07888574965 1.92762244165 1.95097272402 1.3071279451 1.47917521116 1.69657801267 1.87925082425 1.9442264043 2.1846016713 2.21315589756 5.91977666422 6.34845536274
2.98025407395 2.78911655449 2.89496461356 2.99241891263 2.7496364948 2.78079061877 2.98817852694 3.60958310923 3.08635467524 2.82882206241 2.90285351114 2.76707580749 2.76660583332 2.69527389145 2.55259576256 2.28740652359 2.02613602896 1.92313777066 1.87307693574 1.85354481063 2.10390630292 2.12098566745 1.89799957898 1.82812182063 2.20357618745 1.96110536874 1.21763871171 1.47796463838 1.89405692832 1.91632625015 1.93966224242 1.67767956742 1.70531026622 1.86343304489 1.92188368564 2.15652722429 2.18415144386 2.53787659959 1.77487519581 5.70802281485
2.53684024203 2.68657092049 2.65409792536 2.62932818747 2.49129445462 2.58626403346 3.16950045182 3.63353428192 3.19210818013 3.04876121538 2.90597486173 2.78037541994 2.68730482774 2.63842051839 2.30912604659 2.51553813802 2.32748178937 2.16969482279 2.20599967959 2.1077333641 2.22638010683 2.20792855972 2.16142238853 2.11674571851 1.30912135352 1.27588517801 1.81042677866 1.826160502 1.88325538594 1.90552109819 1.68841519169 1.71531426141 2.17274157498 2.21974765783 2.34397922352 2.40506176025 2.46897979942 1.78807800562 1.80050679393 1.81401118117
2.64040135558 2.59403255243 2.41629734128 2.52696069436 2.37253249655 2.20752547652 2.47174228001 2.6153314945 2.5441677149 3.3465877536 3.14699069732 2.94642752661 2.73205543438 2.79287110873 2.53393852468 2.42691343972 2.31249470152 2.21861266671 2.38238721149 2.2627931296 1.6624075561 1.73964781917 1.73076801443 1.45112126374 1.33976145382 1.78268085165 1.79778931022 1.81351174155 1.87292356941 1.7004501053 2.08302661235 2.12677350431 2.17226712438 1.79138745871 2.34145113755 1.79220568256 1.80274222989 1.81430529942 1.82693215423 1.71310036155
2.00918675292 1.9763059248 2.04010136663 1.91853865727 2.00333987133 2.27765124412 2.54125089086 2.93145226075 2.66939413887 2.66855858407 2.62256138165 2.5385889547 2.5829795481 2.82570728318 2.55741049143 2.33124955277 2.21693301812 1.55523101855 1.66808805372 1.68280490241 1.72300281273 1.71429581814 1.70568121123 1.68663798188 1.75595172864 1.77046834906 1.78557180776 1.5803461299 1.90189240655 1.95405675446 1.86750941813 1.90775160284 1.80433185751 1.84073205843 1.80927310397 1.81893527991 1.82961839259 1.84135672362 1.75237112809 1.75894442889
3.18205720633 1.84322790848 1.81613028157 1.74150872807 1.86275132073 2.25016594671 2.29018368668 2.41817961615 2.29583277521 2.33671449855 2.86084272555 2.7486352496 2.24858216156 3.36593373444 2.49100251577 1.72620154359 1.67889072156 1.65714050805 1.6398479426 1.6861341675 1.69813877235 1.68968938972 1.65411958586 1.73018627972 1.74414214066 1.75865947315 1.61195122289 1.97337342358 1.83144396447 1.86685104196 1.90528403921 1.81973513088 1.85442160591 1.82796783507 1.83673347141 1.84651778115 1.78748472627 1.79338182288 1.79977400381 1.72219967114
3.41545743097 3.0191267568 2.7157476928 2.00238962959 2.40981412678 2.45067670596 2.61056477231 2.86121989623 1.92599893232 2.55670802681 2.02385101611 2.36469672565 3.38929489508 2.55418587742 2.02087494609 1.79494155441 1.75958371243 1.76962998035 1.74966197568 1.66593349885 1.6739990861 1.74228236546 1.76731131726 1.76010734901 1.79958860393 1.67313223048 2.09643426997 2.19927232288 1.86801267076 1.90471455682 1.83771917161 1.94291357972 1.99312299387 1.80964764852 1.81008551362 1.76854750685 1.76710229124 1.76607874144 1.76547539602 1.7652913947
2.973746149 2.83456383245 2.60758126763 2.81586634639 2.72720788519 3.11202381642 2.97433092067 1.94183712453 1.82016385374 1.94827757713 1.99126025494 2.17249489834 1.86940418742 1.78984623739 1.89414093884 1.87000395429 1.84570471022 1.87945748687 1.84523425673 1.74194737045 1.66039633642 1.68660455129 1.70006450943 1.68112567871 1.68947905103 2.01751891529 2.11287121189 1.63671504059 1.79794246281 1.80463250218 1.81231542259 1.82101602161 1.83202442535 1.77915567584 1.77799438273 1.77742436564 1.77744448828 1.77805479075 1.77925648972 1.78105198452
2.84069812314 2.34098374764 2.74494140452 2.69813743309 2.91426684029 2.77800390582 2.65807960604 2.37407965631 1.65908999586 1.69259031453 1.72766682693 1.95780338963 1.90419246838 1.76781952616 1.71655210339 1.77493169085 1.7874985044 1.84386271665 1.91933521186 1.72560453656 1.6335912612 1.69060585398 1.66335910836 1.70305332517 1.86092164677 1.89400112263 1.92891792102 1.96581103345 1.82547226002 1.83202563706 1.83959773985 1.89061634889 1.8298677403 1.82777877094 1.82631721316 1.82548006786 2.31699208292 2.3688768637 2.42318222847 2.48008156049
2.34680212884 2.33830836067 2.67685470735 2.58207148074 2.67901779633 2.62009699508 2.63403265776 1.96914669836 1.66073188333 1.69389705804 1.72860950745 1.76497839222 1.66515574272 1.750353333 1.76721611251 1.89555697323 1.73015534163 1.76696386597 1.75440545092 1.84894853675 1.73142436963 1.68481558277 1.65959041553 1.83752740432 1.86899632427 1.90218427137 1.93721769505 1.93906856276 1.97150929383 1.91740552031 1.93583328903 1.95865615455 2.17110367284 2.2161478343 2.26313872417 2.31220528369 2.36348809843 2.41714074316 2.47333131745 2.53224420445
2.25011884066 2.51541872953 2.60206028795 2.62505265534 2.67671138315 2.59725279994 2.29343356533 2.57447220293 1.94325651252 1.91749711902 1.89280966082 1.6041315266 1.68347755179 1.76958070801 1.90170677727 1.9086458467 1.87960575947 1.67034516379 1.64385989151 1.83815307713 1.84612169444 1.57257569626 1.7687616172 1.78012654935 1.79601186191 1.81226582682 1.82890078757 1.92426647546 1.95724568888 2.47301536543 2.66350192775 2.27801023398 2.25387905011 2.32358541793 2.39814426756 2.47807715431 2.56398319003 2.65655401532 2.7565923795 2.86503538499
2.28561162826 2.44916987635 2.60940472193 2.67819894116 2.83006926029 2.43558690868 2.34366615058 2.18014062346 1.9755858381 1.94886784036 1.92327373149 1.99577026675 1.9418321713 1.79044522766 1.83772392308 1.88797165835 1.93881658636 1.86497255268 1.91624524327 1.64426108191 1.78276219948 1.965907733 1.71447520677 1.82675885895 1.79592825818 1.81216536112 2.79163457833 3.19921067377 3.74577855531 2.62079398453 2.26847434485 2.361732009 2.46220811497 2.57076516144 2.68840858826 2.8163176645 2.62568156327 2.72176013475 2.82569695355 2.93849246395
2.71555517555 2.39179120339 2.49335156169 2.71084708553 2.56227877348 2.49229057342 2.37374146466 2.22653929584 2.31242414436 2.12232978772 2.06227796896 2.00506100033 1.88762955748 1.74157508981 1.83341272809 1.90445599708 2.04668481429 2.07393026082 1.80252651885 1.76025411257 1.98228773976 2.09217979998 1.8836813018 1.82395735837 1.89248669646 2.30241482481 2.47540834768 3.41878223745 4.04363553519 3.27241612708 2.32531737977 2.4223610222 2.52703785726 2.64027541243 2.76315765399 2.89695941655 3.04319034369 3.20365155356 3.38050954625 3.57639380055
2.6739008663 2.45076931619 2.86851460237 2.76090365853 2.66970979017 2.49357638047 2.40650163314 2.22445493476 2.1741880243 1.86695518991 1.86948600726 1.87243374984 1.82861834437 1.86060258043 1.91941362974 1.88216165313 1.96882669611 1.9501265716 1.92856743515 1.91783219837 1.86609961405 2.08686104018 2.21161340842 1.80955385457 1.77566265295 1.54823047107 2.66761301257 2.90695833846 3.20446735751 2.25190981626 2.31698701441 2.44740316167 2.54463206438 2.64949027285 2.76290987024 2.86848565808 2.99159277291 3.12444241278 3.26821909976 3.42430703771
2.28759043273 2.89296259036 2.91443398022 2.61838623803 2.55676931722 2.49798656032 2.44184682087 2.27601347495 2.22359216792 2.24606682469 1.73816788588 1.78314165521 1.9777790087 2.00914911827 1.9104377091 1.91377816749 1.97009399929 1.95861120512 2.08132568217 2.03626763846 2.03890666721 2.07889763864 2.25247646249 2.31185705833 1.91038692192 1.87693449655 1.84637075753 3.49037452265 1.99662137263 2.35368002671 2.42292684432 2.49741416082 2.57773715481 2.66458522357 2.51519028255 2.57667609331 2.64283450369 2.71415793805 3.36871051879 3.53316550409
9.553560211 7.14779554123 2.74108611897 2.67368118288 2.6095126667 2.54835294216 2.53246890933 2.3295830465 2.37918403851 2.32995883492 2.28381191979 2.08107633745 1.96951939884 1.94124024747 1.94357466845 1.94666205612 1.8412596679 1.96952787698 1.90894605408 2.01643732079 1.92918389524 2.08127700616 2.10735874912 2.37414321493 2.01513795777 1.99472108029 3.60605051072 4.10474893848 2.34208147892 2.52659719137 2.53664578808 2.61614728867 2.70201353757 2.79501319341 2.8960445454 3.00616402233 2.73850430715 2.81338692576 2.89438824398 2.77801957114
13.5047381382 9.6286516038 2.80160536102 2.73128021884 2.66440015616 2.69248246122 2.61464818578 2.52708947762 2.4710904386 2.62428542304 2.54630081001 2.0178268369 2.01394293454 1.97603776779 1.97807457872 1.74201216021 2.05015986043 2.07989687243 2.00646128191 2.07581777768 1.96080873328 2.26549939339 2.23389358769 2.23219701766 2.69356788997 2.11305259969 2.09404579566 2.34890012134 2.62499083576 2.74005239339 2.7949080496 2.74395689778 2.83591388287 2.93568828917 3.04428810656 3.16290322798 3.29294839465 2.93999894828 3.02747098646 3.12255615976
17.9866529638 13.0673457157 10.6348623672 2.65636049548 2.87117073153 2.78287384045 2.70094089293 2.97464373767 2.87280362866 2.7785060262 2.46914481819 2.08882060503 2.01139004274 1.44224401485 1.49863023082 2.04828910702 2.07805275681 2.10866549911 2.1061597213 2.09145219383 1.97709289454 2.41971301916 2.323862587 2.29219660398 2.36326721205 3.05084453971 2.22319772183 2.48280682018 2.54153969246 2.74086427106 3.13521000851 3.23421834971 2.98050080409 3.08775779841 3.20473881064 3.33278875833 2.98112907348 3.066621842 3.15946487333 3.26055670397
42.3537803316 21.5402277875 15.9752521423 13.1172782916 2.97111902529 3.43690067867 2.70414411455 3.17395627323 2.6035134536 2.56142275576 2.1231109474 2.32542695227 1.53462790246 1.60008595885 2.04892926373 2.07627763743 2.10692126657 2.13845351254 2.14701678174 2.11139310331 2.20265611063 2.20306692543 2.48324634689 2.36366618622 2.35504076498 2.51560020561 3.18404526831 2.45781501909 2.69346209669 2.92562821162 2.97985892757 3.04044857272 3.67051538227 3.80523744957 3.37883245529 3.10796727417 3.18860874074 3.20171292229 2.95577895653 2.99238528404
154.851284664 63.3263526933 28.4148785819 24.5127405909 80.4590692508 2.8299364343 2.78592190352 2.70380227732 2.65904248198 2.33878401079 2.39274177126 2.23322806393 1.31006262128 1.69491421257 2.08791857389 2.10524749319 2.13681522217 2.16931374144 2.18957896227 2.10662448078 2.20605500169 2.27198039662 2.66105648903 2.90286649961 2.42974811187 2.42292706163 2.50878466707 3.02746831252 2.55116420377 2.46992079906 2.43365101769 3.25201424365 3.32298559266 3.34707618196 3.19196774448 3.25573557023 3.32681432994 3.07462392913 3.10866390705 2.14552480324
28.4663880665 53.4836537917 1361.95778422 52.1079209571 27.9434794761 5.47091656491 5.55919201209 2.38885819973 2.37416703013 2.25439790253 2.25480489108 2.2562447521 2.67866182567 1.6842200001 2.10364385013 2.13524895581 2.16778793471 2.20130275601 2.23395499611 2.1024623305 2.21045605846 2.27749536982 4.82154476267 3.12466425963 2.50817395267 2.5611943031 2.5596972999 2.56127606593 3.24543178172 3.11993750832 2.95447384307 2.93540530381 2.92479746616 3.44466741734 3.53336311371 3.63243942497 3.54091511822 3.62419942267 2.17451358183 2.22422822072
16.820928554 18.0174029101 28.1195094094 57.7843092803 357.788227404 89.3784253345 6.46957997138 6.29197716279 5.93171310985 6.92110341378 2.27855763101 2.80244079942 2.78278315776 1.56825451953 2.1337544023 2.16633582738 2.19989650245 2.00159780995 2.28026306348 2.0988995946 2.12795704891 2.28409599983 2.35684235196 5.85948905367 3.40082497067 3.3804883639 3.24012581799 3.20555305737 3.16886164487 3.08443144229 2.99038851704 3.14512543268 3.45768820274 3.64991066203 3.74231564083 3.84590138533 3.9621564138 2.37486163821 2.32508625589 2.22919120668
13.1237111015 16.9570334554 17.9456106123 19.0690094118 27.4935179011 189.224774833 65.7567835908 7.30383520729 9.84174498362 9.08963037208 8.46188813329 7.60160189424 7.2549422028 2.48692526932 2.16495712767 2.19856574391 2.23320215284 2.00481856844 2.50796221609 2.09593026474 2.12518040388 3.76645008933 3.95646873798 4.17305378417 3.72957466434 3.65758725677 3.76042475782 3.38582892666 3.34771368964 3.3302071954 3.29892503226 3.64470836805 3.69329351504 3.74845841516 3.9734790673 4.08173784576 4.20368250125 2.53424087115 2.48827560881 2.44355947728
11.8342662539 12.9524719069 15.9678194188 11.3547738948 15.455245002 20.3946014231 45.5580598838 856.871092385 14.8075480725 13.1221444091 10.8700809068 10.1644162254 9.55454521158 9.08964801239 8.37928354451 7.92213007498 1.9838540676 2.00914728966 3.97690307098 3.8965625044 3.64253860625 3.48006007017 4.28941931845 4.53920044117 3.71516386121 4.3060316435 4.10298021264 3.58805464914 3.54334296235 3.5289187986 3.50631649448 3.91040512322 3.95872200918 4.01428769676 4.07766739825 3.84406661064 2.69575521659 2.6451615598 2.59599342293 2.54819723361
10.005152372 12.6015459692 12.5618993492 16.1989787671 10.0929184304 11.6141310605 14.6446551939 20.0994969275 45.1542447371 18.8705608402 16.8122785219 15.1834746456 13.8629313825 12.8887543432 12.7087578594 10.6586904846 9.19270719673 7.57348139797 6.65266982235 6.03823220856 3.90696452895 3.69816782375 4.66933857985 3.93462206284 3.97484531021 4.76337205249 4.50793335542 4.67344069173 3.9700104581 4.00043939412 3.7611880872 3.70947735643 4.25989125419 4.31519333361 4.3791368323 2.92274013942 2.8673029649 2.76671341931 2.71391845399 2.66263927023
11.0527227777 11.6723159677 15.2105324498 11.4361847818 15.677719696 8.06994724814 9.64156170517 10.3760947586 12.461290808 16.4646766488 16.3070115088 24.4627351784 71.7034782705 215.938786527 43.886099929 17.4915041393 13.8309531146 10.2781670447 8.14344587167 7.28777830729 6.59475428042 5.68641180279 6.10606743506 4.22191610437 4.26565520008 4.31410354137 5.6707389568 4.21129003665 4.24183166154 4.27323138326 4.05178990397 3.99047573368 3.93267615046 4.6584489196 4.72214807269 3.08866321234 3.02801343042 2.9691795759 2.84357086628 3.00329218574
10.739069969 13.5822228998 13.9476271256 21.1855740605 28.0731403737 14.6637472312 7.11149955963 7.92609896991 8.07173181223 9.83969544369 9.75916507841 12.2537046554 18.6600551801 28.8239033037 2505.87867015 66.4161147638 27.7958090633 16.0159188584 10.514262837 9.19005584962 8.10347164169 6.69471674898 7.07324434725 6.68315841162 6.35103177077 5.62634267975 5.22018411339 4.83111090159 4.55409653346 4.58644184926 4.61973127743 4.31274594761 4.24376558043 4.17886137092 3.44473518294 3.36033867594 3.2084742984 3.41385203402 3.33736246823 3.24969120767
10.8288116469 12.2182754012 17.9936452077 18.4923077519 24.5844946516 43.1767908182 13.4926381789 5.9383920808 6.13392904031 7.39484850674 8.44312152373 9.99647979593 10.7901849922 13.6128283448 26.0686381773 43.8682765451 74.8723566693 36.4000743967 14.8193140206 12.4373315997 10.5080958055 8.15001593631 8.65996566035 8.05428672584 7.55207481745 7.0227533419 5.91751960846 5.5332739384 5.06750074654 4.83533268835 4.98399896045 4.68598739596 4.60284347619 3.63511167476 3.53956217953 3.94369083067 3.83885952572 3.73285477508 3.6313603111 3.54191913326
11.5929171492 13.9846155861 16.5120383185 28.8851771927 65.4118670868 36.996912903 1949.37197489 15.531070036 5.3206147788 4.98448641531 5.75312178597 7.22331044427 7.38703787381 8.95502596596 13.1275534848 16.5284348155 35.4618875749 131.533776073 25.0564072296 19.2361241186 14.9436321579 13.8666149014 11.9809084605 10.1383388645 9.18608876945 8.40141988339 7.77538673501 6.30012136143 5.61008833722 5.32186220228 5.07369577532 6.95346000028 7.74860961975 4.67457536025 4.51474093676 4.36383143066 3.88271606393 3.86024883441 3.83814720216 0.531352303444
11.6954249497 14.1521661306 18.4962552173 25.8563981308 76.5069880679 117.068396978 114.985804637 65.9381740544 14.1716269612 17.2934217479 4.36636578582 5.00448182833 5.69722742844 6.35941746515 8.78385584467 10.1976035837 15.7955590186 20.7307154723 80.6436182373 42.4438415477 25.8637561795 41.2905517577 17.5203575588 12.47884754 11.662767242 10.3910356285 9.42090821283 7.29103296986 5.63025175605 5.58882163401 5.31434335751 10.593637375 4.98295683402 4.79635580829 4.6367394449 4.49113523137 4.36154671835 4.16693103994 0.630202549454 0.500332144041
11.7185178343 22.4197349861 21.5160298721 53.6741481891 203.828158904 88.0665598576 35.5819963059 95.5087074756 105.346166901 14.1280552854 4.10954460821 3.9147498174 4.64487523102 5.07979458059 6.76422756981 7.38133268263 10.1636556059 12.0196294883 66.4467884282 1753.80432257 49.3657411418 49.137725438 12.7195589351 10.4843697147 9.30339837932 8.39110187381 7.77081442356 6.83010601548 6.30114945526 11.5387732605 12.0917045199 5.91651162794 5.54162175619 5.33283571757 5.15591460016 5.0061041337 4.86315813016 1.41123248829 0.601631767633 0.457401532722
3.27244762074 13.5733582334 15.2023608085 13.7897508599 17.3568934182 22.0244167872 19.3379558994 32.9367296494 15.7213436366 82.846684835 64.3692741327 3.71753836779 3.50151584439 4.96925172213 5.46852883279 6.06685060767 92.0355890905 324.928170319 68.4566574662 34.7963768327 38.4070512162 23.7213086632 17.3220433534 13.2349576345 11.3331922311 9.97894320832 8.96378046143 8.33002068926 12.4751414036 13.0342900959 13.7062662742 6.60039265995 6.20999379677 5.9755485276 5.77899359965 5.61476087179 1.53911642983 1.28316286181 1.08709097588 0.91350693678
