206.879057619
206.879056582
206.879055546
206.879054509
206.879053473
206.879052437
206.8790514
206.879050364
206.879049327
206.879048291
206.879047255
206.879046218
206.879045182
206.879044145
206.879043109
206.879042073
206.879041036
206.87904
206.879038963
206.879037927
206.879036891
206.879035854
206.879034818
206.879033781
206.879032745
206.879031709
206.879030672
206.879029636
206.8790286
206.879027563
206.879026527
206.87902549
206.879024454
206.879023418
206.879022381
206.879021345
206.879020308
206.879019272
206.879018236
206.879017199
206.879016163
206.879015126
206.87901409
206.879013054
206.879012017
206.879010981
206.879009944
206.879008908
206.879007872
206.879006835
206.879005799
206.879004762
206.879003726
206.87900269
206.879001653
206.879000617
206.87899958
206.878998544
206.878997508
206.878996471
206.87904917
206.879048134
206.879047097
206.879046061
206.879045024
206.879043988
206.879042952
206.879041915
206.879040879
206.879039842
206.879038806
206.87903777
206.879036733
206.879035697
206.87903466
206.879033624
206.879032588
206.879031551
206.879030515
206.879029479
206.879028442
206.879027406
206.879026369
206.879025333
206.879024297
206.87902326
206.879022224
206.879021187
206.879020151
206.879019115
206.879018078
206.879017042
206.879016005
206.879014969
206.879013933
206.879012896
206.87901186
206.879010823
206.879009787
206.879008751
206.879007714
206.879006678
206.879005641
206.879004605
206.879003569
206.879002532
206.879001496
206.879000459
206.878999423
206.878998387
206.87899735
206.878996314
206.878995277
206.878994241
206.878993205
206.878992168
206.878991132
206.878990095
206.878989059
206.878988023
206.879040721
206.879039685
206.879038649
206.879037612
206.879036576
206.879035539
206.879034503
206.879033467
206.87903243
206.879031394
206.879030358
206.879029321
206.879028285
206.879027248
206.879026212
206.879025176
206.879024139
206.879023103
206.879022066
206.87902103
206.879019994
206.879018957
206.879017921
206.879016884
206.879015848
206.879014812
206.879013775
206.879012739
206.879011702
206.879010666
206.87900963
206.879008593
206.879007557
206.87900652
206.879005484
206.879004448
206.879003411
206.879002375
206.879001338
206.879000302
206.878999266
206.878998229
206.878997193
206.878996156
206.87899512
206.878994084
206.878993047
206.878992011
206.878990974
206.878989938
206.878988902
206.878987865
206.878986829
206.878985793
206.878984756
206.87898372
206.878982683
206.878981647
206.878980611
206.878979574
206.879032273
206.879031237
206.8790302
206.879029164
206.879028127
206.879027091
206.879026055
206.879025018
206.879023982
206.879022945
206.879021909
206.879020873
206.879019836
206.8790188
206.879017763
206.879016727
206.879015691
206.879014654
206.879013618
206.879012581
206.879011545
206.879010509
206.879009472
206.879008436
206.879007399
206.879006363
206.879005327
206.87900429
206.879003254
206.879002217
206.879001181
206.879000145
206.878999108
206.878998072
206.878997035
206.878995999
206.878994963
206.878993926
206.87899289
206.878991853
206.878990817
206.878989781
206.878988744
206.878987708
206.878986672
206.878985635
206.878984599
206.878983562
206.878982526
206.87898149
206.878980453
206.878979417
206.87897838
206.878977344
206.878976308
206.878975271
206.878974235
206.878973198
206.878972162
206.878971126
206.879023824
206.879022788
206.879021752
206.879020715
206.879019679
206.879018642
206.879017606
206.87901657
206.879015533
206.879014497
206.87901346
206.879012424
206.879011388
206.879010351
206.879009315
206.879008278
206.879007242
206.879006206
206.879005169
206.879004133
206.879003096
206.87900206
206.879001024
206.878999987
206.878998951
206.878997914
206.878996878
206.878995842
206.878994805
206.878993769
206.878992732
206.878991696
206.87899066
206.878989623
206.878988587
206.878987551
206.878986514
206.878985478
206.878984441
206.878983405
206.878982369
206.878981332
206.878980296
206.878979259
206.878978223
206.878977187
206.87897615
206.878975114
206.878974077
206.878973041
206.878972005
206.878970968
206.878969932
206.878968895
206.878967859
206.878966823
206.878965786
206.87896475
206.878963713
206.878962677
206.879015376
206.879014339
206.879013303
206.879012267
206.87901123
206.879010194
206.879009157
206.879008121
206.879007085
206.879006048
206.879005012
206.879003975
206.879002939
206.879001903
206.879000866
206.87899983
206.878998793
206.878997757
206.878996721
206.878995684
206.878994648
206.878993611
206.878992575
206.878991539
206.878990502
206.878989466
206.87898843
206.878987393
206.878986357
206.87898532
206.878984284
206.878983248
206.878982211
206.878981175
206.878980138
206.878979102
206.878978066
206.878977029
206.878975993
206.878974956
206.87897392
206.878972884
206.878971847
206.878970811
206.878969774
206.878968738
206.878967702
206.878966665
206.878965629
206.878964592
206.878963556
206.87896252
206.878961483
206.878960447
206.87895941
206.878958374
206.878957338
206.878956301
206.878955265
206.878954228
206.879006927
206.879005891
206.879004854
206.879003818
206.879002782
206.879001745
206.879000709
206.878999672
206.878998636
206.8789976
206.878996563
206.878995527
206.87899449
206.878993454
206.878992418
206.878991381
206.878990345
206.878989309
206.878988272
206.878987236
206.878986199
206.878985163
206.878984127
206.87898309
206.878982054
206.878981017
206.878979981
206.878978945
206.878977908
206.878976872
206.878975835
206.878974799
206.878973763
206.878972726
206.87897169
206.878970653
206.878969617
206.878968581
206.878967544
206.878966508
206.878965471
206.878964435
206.878963399
206.878962362
206.878961326
206.878960289
206.878959253
206.878958217
206.87895718
206.878956144
206.878955107
206.878954071
206.878953035
206.878951998
206.878950962
206.878949926
206.878948889
206.878947853
206.878946816
206.87894578
206.878998479
206.878997442
206.878996406
206.878995369
206.878994333
206.878993297
206.87899226
206.878991224
206.878990188
206.878989151
206.878988115
206.878987078
206.878986042
206.878985006
206.878983969
206.878982933
206.878981896
206.87898086
206.878979824
206.878978787
206.878977751
206.878976714
206.878975678
206.878974642
206.878973605
206.878972569
206.878971532
206.878970496
206.87896946
206.878968423
206.878967387
206.87896635
206.878965314
206.878964278
206.878963241
206.878962205
206.878961168
206.878960132
206.878959096
206.878958059
206.878957023
206.878955986
206.87895495
206.878953914
206.878952877
206.878951841
206.878950805
206.878949768
206.878948732
206.878947695
206.878946659
206.878945623
206.878944586
206.87894355
206.878942513
206.878941477
206.878940441
206.878939404
206.878938368
206.878937331
206.87899003
206.878988994
206.878987957
206.878986921
206.878985885
206.878984848
206.878983812
206.878982775
206.878981739
206.878980703
206.878979666
206.87897863
206.878977593
206.878976557
206.878975521
206.878974484
206.878973448
206.878972411
206.878971375
206.878970339
206.878969302
206.878968266
206.878967229
206.878966193
206.878965157
206.87896412
206.878963084
206.878962047
206.878961011
206.878959975
206.878958938
206.878957902
206.878956865
206.878955829
206.878954793
206.878953756
206.87895272
206.878951684
206.878950647
206.878949611
206.878948574
206.878947538
206.878946502
206.878945465
206.878944429
206.878943392
206.878942356
206.87894132
206.878940283
206.878939247
206.87893821
206.878937174
206.878936138
206.878935101
206.878934065
206.878933028
206.878931992
206.878930956
206.878929919
206.878928883
206.878981582
206.878980545
206.878979509
206.878978472
206.878977436
206.8789764
206.878975363
206.878974327
206.87897329
206.878972254
206.878971218
206.878970181
206.878969145
206.878968108
206.878967072
206.878966036
206.878964999
206.878963963
206.878962926
206.87896189
206.878960854
206.878959817
206.878958781
206.878957744
206.878956708
206.878955672
206.878954635
206.878953599
206.878952563
206.878951526
206.87895049
206.878949453
206.878948417
206.878947381
206.878946344
206.878945308
206.878944271
206.878943235
206.878942199
206.878941162
206.878940126
206.878939089
206.878938053
206.878937017
206.87893598
206.878934944
206.878933907
206.878932871
206.878931835
206.878930798
206.878929762
206.878928725
206.878927689
206.878926653
206.878925616
206.87892458
206.878923543
206.878922507
206.878921471
206.878920434
206.878973133
206.878972097
206.87897106
206.878970024
206.878968987
206.878967951
206.878966915
206.878965878
206.878964842
206.878963805
206.878962769
206.878961733
206.878960696
206.87895966
206.878958623
206.878957587
206.878956551
206.878955514
206.878954478
206.878953442
206.878952405
206.878951369
206.878950332
206.878949296
206.87894826
206.878947223
206.878946187
206.87894515
206.878944114
206.878943078
206.878942041
206.878941005
206.878939968
206.878938932
206.878937896
206.878936859
206.878935823
206.878934786
206.87893375
206.878932714
206.878931677
206.878930641
206.878929604
206.878928568
206.878927532
206.878926495
206.878925459
206.878924422
206.878923386
206.87892235
206.878921313
206.878920277
206.87891924
206.878918204
206.878917168
206.878916131
206.878915095
206.878914058
206.878913022
206.878911986
206.878964684
206.878963648
206.878962612
206.878961575
206.878960539
206.878959502
206.878958466
206.87895743
206.878956393
206.878955357
206.878954321
206.878953284
206.878952248
206.878951211
206.878950175
206.878949139
206.878948102
206.878947066
206.878946029
206.878944993
206.878943957
206.87894292
206.878941884
206.878940847
206.878939811
206.878938775
206.878937738
206.878936702
206.878935665
206.878934629
206.878933593
206.878932556
206.87893152
206.878930483
206.878929447
206.878928411
206.878927374
206.878926338
206.878925301
206.878924265
206.878923229
206.878922192
206.878921156
206.878920119
206.878919083
206.878918047
206.87891701
206.878915974
206.878914937
206.878913901
206.878912865
206.878911828
206.878910792
206.878909756
206.878908719
206.878907683
206.878906646
206.87890561
206.878904574
206.878903537
206.878956236
206.8789552
206.878954163
206.878953127
206.87895209
206.878951054
206.878950018
206.878948981
206.878947945
206.878946908
206.878945872
206.878944836
206.878943799
206.878942763
206.878941726
206.87894069
206.878939654
206.878938617
206.878937581
206.878936544
206.878935508
206.878934472
206.878933435
206.878932399
206.878931362
206.878930326
206.87892929
206.878928253
206.878927217
206.87892618
206.878925144
206.878924108
206.878923071
206.878922035
206.878920998
206.878919962
206.878918926
206.878917889
206.878916853
206.878915816
206.87891478
206.878913744
206.878912707
206.878911671
206.878910635
206.878909598
206.878908562
206.878907525
206.878906489
206.878905453
206.878904416
206.87890338
206.878902343
206.878901307
206.878900271
206.878899234
206.878898198
206.878897161
206.878896125
206.878895089
206.878947787
206.878946751
206.878945715
206.878944678
206.878943642
206.878942605
206.878941569
206.878940533
206.878939496
206.87893846
206.878937423
206.878936387
206.878935351
206.878934314
206.878933278
206.878932241
206.878931205
206.878930169
206.878929132
206.878928096
206.878927059
206.878926023
206.878924987
206.87892395
206.878922914
206.878921877
206.878920841
206.878919805
206.878918768
206.878917732
206.878916695
206.878915659
206.878914623
206.878913586
206.87891255
206.878911514
206.878910477
206.878909441
206.878908404
206.878907368
206.878906332
206.878905295
206.878904259
206.878903222
206.878902186
206.87890115
206.878900113
206.878899077
206.87889804
206.878897004
206.878895968
206.878894931
206.878893895
206.878892858
206.878891822
206.878890786
206.878889749
206.878888713
206.878887676
206.87888664
206.878939339
206.878938302
206.878937266
206.87893623
206.878935193
206.878934157
206.87893312
206.878932084
206.878931048
206.878930011
206.878928975
206.878927938
206.878926902
206.878925866
206.878924829
206.878923793
206.878922756
206.87892172
206.878920684
206.878919647
206.878918611
206.878917574
206.878916538
206.878915502
206.878914465
206.878913429
206.878912393
206.878911356
206.87891032
206.878909283
206.878908247
206.878907211
206.878906174
206.878905138
206.878904101
206.878903065
206.878902029
206.878900992
206.878899956
206.878898919
206.878897883
206.878896847
206.87889581
206.878894774
206.878893737
206.878892701
206.878891665
206.878890628
206.878889592
206.878888555
206.878887519
206.878886483
206.878885446
206.87888441
206.878883373
206.878882337
206.878881301
206.878880264
206.878879228
206.878878191
206.87893089
206.878929854
206.878928817
206.878927781
206.878926745
206.878925708
206.878924672
206.878923635
206.878922599
206.878921563
206.878920526
206.87891949
206.878918453
206.878917417
206.878916381
206.878915344
206.878914308
206.878913272
206.878912235
206.878911199
206.878910162
206.878909126
206.87890809
206.878907053
206.878906017
206.87890498
206.878903944
206.878902908
206.878901871
206.878900835
206.878899798
206.878898762
206.878897726
206.878896689
206.878895653
206.878894616
206.87889358
206.878892544
206.878891507
206.878890471
206.878889434
206.878888398
206.878887362
206.878886325
206.878885289
206.878884252
206.878883216
206.87888218
206.878881143
206.878880107
206.87887907
206.878878034
206.878876998
206.878875961
206.878874925
206.878873888
206.878872852
206.878871816
206.878870779
206.878869743
206.878922442
206.878921405
206.878920369
206.878919332
206.878918296
206.87891726
206.878916223
206.878915187
206.878914151
206.878913114
206.878912078
206.878911041
206.878910005
206.878908969
206.878907932
206.878906896
206.878905859
206.878904823
206.878903787
206.87890275
206.878901714
206.878900677
206.878899641
206.878898605
206.878897568
206.878896532
206.878895495
206.878894459
206.878893423
206.878892386
206.87889135
206.878890313
206.878889277
206.878888241
206.878887204
206.878886168
206.878885131
206.878884095
206.878883059
206.878882022
206.878880986
206.878879949
206.878878913
206.878877877
206.87887684
206.878875804
206.878874767
206.878873731
206.878872695
206.878871658
206.878870622
206.878869586
206.878868549
206.878867513
206.878866476
206.87886544
206.878864404
206.878863367
206.878862331
206.878861294
206.878913993
206.878912957
206.87891192
206.878910884
206.878909848
206.878908811
206.878907775
206.878906738
206.878905702
206.878904666
206.878903629
206.878902593
206.878901556
206.87890052
206.878899484
206.878898447
206.878897411
206.878896374
206.878895338
206.878894302
206.878893265
206.878892229
206.878891192
206.878890156
206.87888912
206.878888083
206.878887047
206.87888601
206.878884974
206.878883938
206.878882901
206.878881865
206.878880828
206.878879792
206.878878756
206.878877719
206.878876683
206.878875646
206.87887461
206.878873574
206.878872537
206.878871501
206.878870465
206.878869428
206.878868392
206.878867355
206.878866319
206.878865283
206.878864246
206.87886321
206.878862173
206.878861137
206.878860101
206.878859064
206.878858028
206.878856991
206.878855955
206.878854919
206.878853882
206.878852846
206.878905545
206.878904508
206.878903472
206.878902435
206.878901399
206.878900363
206.878899326
206.87889829
206.878897253
206.878896217
206.878895181
206.878894144
206.878893108
206.878892071
206.878891035
206.878889999
206.878888962
206.878887926
206.878886889
206.878885853
206.878884817
206.87888378
206.878882744
206.878881707
206.878880671
206.878879635
206.878878598
206.878877562
206.878876525
206.878875489
206.878874453
206.878873416
206.87887238
206.878871344
206.878870307
206.878869271
206.878868234
206.878867198
206.878866162
206.878865125
206.878864089
206.878863052
206.878862016
206.87886098
206.878859943
206.878858907
206.87885787
206.878856834
206.878855798
206.878854761
206.878853725
206.878852688
206.878851652
206.878850616
206.878849579
206.878848543
206.878847506
206.87884647
206.878845434
206.878844397
206.878897096
206.87889606
206.878895023
206.878893987
206.87889295
206.878891914
206.878890878
206.878889841
206.878888805
206.878887768
206.878886732
206.878885696
206.878884659
206.878883623
206.878882586
206.87888155
206.878880514
206.878879477
206.878878441
206.878877404
206.878876368
206.878875332
206.878874295
206.878873259
206.878872223
206.878871186
206.87887015
206.878869113
206.878868077
206.878867041
206.878866004
206.878864968
206.878863931
206.878862895
206.878861859
206.878860822
206.878859786
206.878858749
206.878857713
206.878856677
206.87885564
206.878854604
206.878853567
206.878852531
206.878851495
206.878850458
206.878849422
206.878848385
206.878847349
206.878846313
206.878845276
206.87884424
206.878843203
206.878842167
206.878841131
206.878840094
206.878839058
206.878838021
206.878836985
206.878835949
206.878888647
206.878887611
206.878886575
206.878885538
206.878884502
206.878883465
206.878882429
206.878881393
206.878880356
206.87887932
206.878878283
206.878877247
206.878876211
206.878875174
206.878874138
206.878873102
206.878872065
206.878871029
206.878869992
206.878868956
206.87886792
206.878866883
206.878865847
206.87886481
206.878863774
206.878862738
206.878861701
206.878860665
206.878859628
206.878858592
206.878857556
206.878856519
206.878855483
206.878854446
206.87885341
206.878852374
206.878851337
206.878850301
206.878849264
206.878848228
206.878847192
206.878846155
206.878845119
206.878844082
206.878843046
206.87884201
206.878840973
206.878839937
206.8788389
206.878837864
206.878836828
206.878835791
206.878834755
206.878833718
206.878832682
206.878831646
206.878830609
206.878829573
206.878828537
206.8788275
206.878880199
206.878879162
206.878878126
206.87887709
206.878876053
206.878875017
206.878873981
206.878872944
206.878871908
206.878870871
206.878869835
206.878868799
206.878867762
206.878866726
206.878865689
206.878864653
206.878863617
206.87886258
206.878861544
206.878860507
206.878859471
206.878858435
206.878857398
206.878856362
206.878855325
206.878854289
206.878853253
206.878852216
206.87885118
206.878850143
206.878849107
206.878848071
206.878847034
206.878845998
206.878844961
206.878843925
206.878842889
206.878841852
206.878840816
206.878839779
206.878838743
206.878837707
206.87883667
206.878835634
206.878834597
206.878833561
206.878832525
206.878831488
206.878830452
206.878829416
206.878828379
206.878827343
206.878826306
206.87882527
206.878824234
206.878823197
206.878822161
206.878821124
206.878820088
206.878819052
206.87887175
206.878870714
206.878869678
206.878868641
206.878867605
206.878866568
206.878865532
206.878864496
206.878863459
206.878862423
206.878861386
206.87886035
206.878859314
206.878858277
206.878857241
206.878856204
206.878855168
206.878854132
206.878853095
206.878852059
206.878851022
206.878849986
206.87884895
206.878847913
206.878846877
206.87884584
206.878844804
206.878843768
206.878842731
206.878841695
206.878840658
206.878839622
206.878838586
206.878837549
206.878836513
206.878835476
206.87883444
206.878833404
206.878832367
206.878831331
206.878830295
206.878829258
206.878828222
206.878827185
206.878826149
206.878825113
206.878824076
206.87882304
206.878822003
206.878820967
206.878819931
206.878818894
206.878817858
206.878816821
206.878815785
206.878814749
206.878813712
206.878812676
206.878811639
206.878810603
206.878863302
206.878862265
206.878861229
206.878860193
206.878859156
206.87885812
206.878857083
206.878856047
206.878855011
206.878853974
206.878852938
206.878851901
206.878850865
206.878849829
206.878848792
206.878847756
206.878846719
206.878845683
206.878844647
206.87884361
206.878842574
206.878841537
206.878840501
206.878839465
206.878838428
206.878837392
206.878836355
206.878835319
206.878834283
206.878833246
206.87883221
206.878831174
206.878830137
206.878829101
206.878828064
206.878827028
206.878825992
206.878824955
206.878823919
206.878822882
206.878821846
206.87882081
206.878819773
206.878818737
206.8788177
206.878816664
206.878815628
206.878814591
206.878813555
206.878812518
206.878811482
206.878810446
206.878809409
206.878808373
206.878807336
206.8788063
206.878805264
206.878804227
206.878803191
206.878802154
206.878854853
206.878853817
206.87885278
206.878851744
206.878850708
206.878849671
206.878848635
206.878847598
206.878846562
206.878845526
206.878844489
206.878843453
206.878842416
206.87884138
206.878840344
206.878839307
206.878838271
206.878837234
206.878836198
206.878835162
206.878834125
206.878833089
206.878832053
206.878831016
206.87882998
206.878828943
206.878827907
206.878826871
206.878825834
206.878824798
206.878823761
206.878822725
206.878821689
206.878820652
206.878819616
206.878818579
206.878817543
206.878816507
206.87881547
206.878814434
206.878813397
206.878812361
206.878811325
206.878810288
206.878809252
206.878808215
206.878807179
206.878806143
206.878805106
206.87880407
206.878803033
206.878801997
206.878800961
206.878799924
206.878798888
206.878797851
206.878796815
206.878795779
206.878794742
206.878793706
206.878846405
206.878845368
206.878844332
206.878843295
206.878842259
206.878841223
206.878840186
206.87883915
206.878838113
206.878837077
206.878836041
206.878835004
206.878833968
206.878832932
206.878831895
206.878830859
206.878829822
206.878828786
206.87882775
206.878826713
206.878825677
206.87882464
206.878823604
206.878822568
206.878821531
206.878820495
206.878819458
206.878818422
206.878817386
206.878816349
206.878815313
206.878814276
206.87881324
206.878812204
206.878811167
206.878810131
206.878809094
206.878808058
206.878807022
206.878805985
206.878804949
206.878803912
206.878802876
206.87880184
206.878800803
206.878799767
206.87879873
206.878797694
206.878796658
206.878795621
206.878794585
206.878793548
206.878792512
206.878791476
206.878790439
206.878789403
206.878788367
206.87878733
206.878786294
206.878785257
206.878837956
206.87883692
206.878835883
206.878834847
206.878833811
206.878832774
206.878831738
206.878830701
206.878829665
206.878828629
206.878827592
206.878826556
206.878825519
206.878824483
206.878823447
206.87882241
206.878821374
206.878820337
206.878819301
206.878818265
206.878817228
206.878816192
206.878815155
206.878814119
206.878813083
206.878812046
206.87881101
206.878809973
206.878808937
206.878807901
206.878806864
206.878805828
206.878804791
206.878803755
206.878802719
206.878801682
206.878800646
206.878799609
206.878798573
206.878797537
206.8787965
206.878795464
206.878794427
206.878793391
206.878792355
206.878791318
206.878790282
206.878789246
206.878788209
206.878787173
206.878786136
206.8787851
206.878784064
206.878783027
206.878781991
206.878780954
206.878779918
206.878778882
206.878777845
206.878776809
206.878829508
206.878828471
206.878827435
206.878826398
206.878825362
206.878824326
206.878823289
206.878822253
206.878821216
206.87882018
206.878819144
206.878818107
206.878817071
206.878816034
206.878814998
206.878813962
206.878812925
206.878811889
206.878810852
206.878809816
206.87880878
206.878807743
206.878806707
206.87880567
206.878804634
206.878803598
206.878802561
206.878801525
206.878800488
206.878799452
206.878798416
206.878797379
206.878796343
206.878795306
206.87879427
206.878793234
206.878792197
206.878791161
206.878790125
206.878789088
206.878788052
206.878787015
206.878785979
206.878784943
206.878783906
206.87878287
206.878781833
206.878780797
206.878779761
206.878778724
206.878777688
206.878776651
206.878775615
206.878774579
206.878773542
206.878772506
206.878771469
206.878770433
206.878769397
206.87876836
206.878821059
206.878820023
206.878818986
206.87881795
206.878816913
206.878815877
206.878814841
206.878813804
206.878812768
206.878811731
206.878810695
206.878809659
206.878808622
206.878807586
206.878806549
206.878805513
206.878804477
206.87880344
206.878802404
206.878801367
206.878800331
206.878799295
206.878798258
206.878797222
206.878796185
206.878795149
206.878794113
206.878793076
206.87879204
206.878791004
206.878789967
206.878788931
206.878787894
206.878786858
206.878785822
206.878784785
206.878783749
206.878782712
206.878781676
206.87878064
206.878779603
206.878778567
206.87877753
206.878776494
206.878775458
206.878774421
206.878773385
206.878772348
206.878771312
206.878770276
206.878769239
206.878768203
206.878767166
206.87876613
206.878765094
206.878764057
206.878763021
206.878761984
206.878760948
206.878759912
206.87881261
206.878811574
206.878810538
206.878809501
206.878808465
206.878807428
206.878806392
206.878805356
206.878804319
206.878803283
206.878802246
206.87880121
206.878800174
206.878799137
206.878798101
206.878797064
206.878796028
206.878794992
206.878793955
206.878792919
206.878791883
206.878790846
206.87878981
206.878788773
206.878787737
206.878786701
206.878785664
206.878784628
206.878783591
206.878782555
206.878781519
206.878780482
206.878779446
206.878778409
206.878777373
206.878776337
206.8787753
206.878774264
206.878773227
206.878772191
206.878771155
206.878770118
206.878769082
206.878768045
206.878767009
206.878765973
206.878764936
206.8787639
206.878762863
206.878761827
206.878760791
206.878759754
206.878758718
206.878757681
206.878756645
206.878755609
206.878754572
206.878753536
206.878752499
206.878751463
206.878804162
206.878803125
206.878802089
206.878801053
206.878800016
206.87879898
206.878797943
206.878796907
206.878795871
206.878794834
206.878793798
206.878792762
206.878791725
206.878790689
206.878789652
206.878788616
206.87878758
206.878786543
206.878785507
206.87878447
206.878783434
206.878782398
206.878781361
206.878780325
206.878779288
206.878778252
206.878777216
206.878776179
206.878775143
206.878774106
206.87877307
206.878772034
206.878770997
206.878769961
206.878768924
206.878767888
206.878766852
206.878765815
206.878764779
206.878763742
206.878762706
206.87876167
206.878760633
206.878759597
206.87875856
206.878757524
206.878756488
206.878755451
206.878754415
206.878753378
206.878752342
206.878751306
206.878750269
206.878749233
206.878748197
206.87874716
206.878746124
206.878745087
206.878744051
206.878743015
206.878795713
206.878794677
206.878793641
206.878792604
206.878791568
206.878790531
206.878789495
206.878788459
206.878787422
206.878786386
206.878785349
206.878784313
206.878783277
206.87878224
206.878781204
206.878780167
206.878779131
206.878778095
206.878777058
206.878776022
206.878774985
206.878773949
206.878772913
206.878771876
206.87877084
206.878769803
206.878768767
206.878767731
206.878766694
206.878765658
206.878764621
206.878763585
206.878762549
206.878761512
206.878760476
206.878759439
206.878758403
206.878757367
206.87875633
206.878755294
206.878754257
206.878753221
206.878752185
206.878751148
206.878750112
206.878749076
206.878748039
206.878747003
206.878745966
206.87874493
206.878743894
206.878742857
206.878741821
206.878740784
206.878739748
206.878738712
206.878737675
206.878736639
206.878735602
206.878734566
206.878787265
206.878786228
206.878785192
206.878784156
206.878783119
206.878782083
206.878781046
206.87878001
206.878778974
206.878777937
206.878776901
206.878775864
206.878774828
206.878773792
206.878772755
206.878771719
206.878770682
206.878769646
206.87876861
206.878767573
206.878766537
206.8787655
206.878764464
206.878763428
206.878762391
206.878761355
206.878760318
206.878759282
206.878758246
206.878757209
206.878756173
206.878755136
206.8787541
206.878753064
206.878752027
206.878750991
206.878749955
206.878748918
206.878747882
206.878746845
206.878745809
206.878744773
206.878743736
206.8787427
206.878741663
206.878740627
206.878739591
206.878738554
206.878737518
206.878736481
206.878735445
206.878734409
206.878733372
206.878732336
206.878731299
206.878730263
206.878729227
206.87872819
206.878727154
206.878726117
206.878778816
206.87877778
206.878776743
206.878775707
206.878774671
206.878773634
206.878772598
206.878771561
206.878770525
206.878769489
206.878768452
206.878767416
206.878766379
206.878765343
206.878764307
206.87876327
206.878762234
206.878761197
206.878760161
206.878759125
206.878758088
206.878757052
206.878756015
206.878754979
206.878753943
206.878752906
206.87875187
206.878750834
206.878749797
206.878748761
206.878747724
206.878746688
206.878745652
206.878744615
206.878743579
206.878742542
206.878741506
206.87874047
206.878739433
206.878738397
206.87873736
206.878736324
206.878735288
206.878734251
206.878733215
206.878732178
206.878731142
206.878730106
206.878729069
206.878728033
206.878726996
206.87872596
206.878724924
206.878723887
206.878722851
206.878721814
206.878720778
206.878719742
206.878718705
206.878717669
206.878770368
206.878769331
206.878768295
206.878767258
206.878766222
206.878765186
206.878764149
206.878763113
206.878762076
206.87876104
206.878760004
206.878758967
206.878757931
206.878756894
206.878755858
206.878754822
206.878753785
206.878752749
206.878751713
206.878750676
206.87874964
206.878748603
206.878747567
206.878746531
206.878745494
206.878744458
206.878743421
206.878742385
206.878741349
206.878740312
206.878739276
206.878738239
206.878737203
206.878736167
206.87873513
206.878734094
206.878733057
206.878732021
206.878730985
206.878729948
206.878728912
206.878727875
206.878726839
206.878725803
206.878724766
206.87872373
206.878722693
206.878721657
206.878720621
206.878719584
206.878718548
206.878717511
206.878716475
206.878715439
206.878714402
206.878713366
206.878712329
206.878711293
206.878710257
206.87870922
206.878761919
206.878760883
206.878759846
206.87875881
206.878757773
206.878756737
206.878755701
206.878754664
206.878753628
206.878752592
206.878751555
206.878750519
206.878749482
206.878748446
206.87874741
206.878746373
206.878745337
206.8787443
206.878743264
206.878742228
206.878741191
206.878740155
206.878739118
206.878738082
206.878737046
206.878736009
206.878734973
206.878733936
206.8787329
206.878731864
206.878730827
206.878729791
206.878728754
206.878727718
206.878726682
206.878725645
206.878724609
206.878723572
206.878722536
206.8787215
206.878720463
206.878719427
206.87871839
206.878717354
206.878716318
206.878715281
206.878714245
206.878713208
206.878712172
206.878711136
206.878710099
206.878709063
206.878708027
206.87870699
206.878705954
206.878704917
206.878703881
206.878702845
206.878701808
206.878700772
206.878753471
206.878752434
206.878751398
206.878750361
206.878749325
206.878748289
206.878747252
206.878746216
206.878745179
206.878744143
206.878743107
206.87874207
206.878741034
206.878739997
206.878738961
206.878737925
206.878736888
206.878735852
206.878734815
206.878733779
206.878732743
206.878731706
206.87873067
206.878729633
206.878728597
206.878727561
206.878726524
206.878725488
206.878724451
206.878723415
206.878722379
206.878721342
206.878720306
206.878719269
206.878718233
206.878717197
206.87871616
206.878715124
206.878714087
206.878713051
206.878712015
206.878710978
206.878709942
206.878708906
206.878707869
206.878706833
206.878705796
206.87870476
206.878703724
206.878702687
206.878701651
206.878700614
206.878699578
206.878698542
206.878697505
206.878696469
206.878695432
206.878694396
206.87869336
206.878692323
206.878745022
206.878743986
206.878742949
206.878741913
206.878740876
206.87873984
206.878738804
206.878737767
206.878736731
206.878735694
206.878734658
206.878733622
206.878732585
206.878731549
206.878730512
206.878729476
206.87872844
206.878727403
206.878726367
206.87872533
206.878724294
206.878723258
206.878722221
206.878721185
206.878720148
206.878719112
206.878718076
206.878717039
206.878716003
206.878714966
206.87871393
206.878712894
206.878711857
206.878710821
206.878709785
206.878708748
206.878707712
206.878706675
206.878705639
206.878704603
206.878703566
206.87870253
206.878701493
206.878700457
206.878699421
206.878698384
206.878697348
206.878696311
206.878695275
206.878694239
206.878693202
206.878692166
206.878691129
206.878690093
206.878689057
206.87868802
206.878686984
206.878685947
206.878684911
206.878683875
206.878736573
206.878735537
206.878734501
206.878733464
206.878732428
206.878731391
206.878730355
206.878729319
206.878728282
206.878727246
206.878726209
206.878725173
206.878724137
206.8787231
206.878722064
206.878721027
206.878719991
206.878718955
206.878717918
206.878716882
206.878715845
206.878714809
206.878713773
206.878712736
206.8787117
206.878710664
206.878709627
206.878708591
206.878707554
206.878706518
206.878705482
206.878704445
206.878703409
206.878702372
206.878701336
206.8787003
206.878699263
206.878698227
206.87869719
206.878696154
206.878695118
206.878694081
206.878693045
206.878692008
206.878690972
206.878689936
206.878688899
206.878687863
206.878686826
206.87868579
206.878684754
206.878683717
206.878682681
206.878681644
206.878680608
206.878679572
206.878678535
206.878677499
206.878676462
206.878675426
206.878728125
206.878727088
206.878726052
206.878725016
206.878723979
206.878722943
206.878721906
206.87872087
206.878719834
206.878718797
206.878717761
206.878716724
206.878715688
206.878714652
206.878713615
206.878712579
206.878711543
206.878710506
206.87870947
206.878708433
206.878707397
206.878706361
206.878705324
206.878704288
206.878703251
206.878702215
206.878701179
206.878700142
206.878699106
206.878698069
206.878697033
206.878695997
206.87869496
206.878693924
206.878692887
206.878691851
206.878690815
206.878689778
206.878688742
206.878687705
206.878686669
206.878685633
206.878684596
206.87868356
206.878682523
206.878681487
206.878680451
206.878679414
206.878678378
206.878677341
206.878676305
206.878675269
206.878674232
206.878673196
206.87867216
206.878671123
206.878670087
206.87866905
206.878668014
206.878666978
206.878719676
206.87871864
206.878717603
206.878716567
206.878715531
206.878714494
206.878713458
206.878712422
206.878711385
206.878710349
206.878709312
206.878708276
206.87870724
206.878706203
206.878705167
206.87870413
206.878703094
206.878702058
206.878701021
206.878699985
206.878698948
206.878697912
206.878696876
206.878695839
206.878694803
206.878693766
206.87869273
206.878691694
206.878690657
206.878689621
206.878688584
206.878687548
206.878686512
206.878685475
206.878684439
206.878683402
206.878682366
206.87868133
206.878680293
206.878679257
206.87867822
206.878677184
206.878676148
206.878675111
206.878674075
206.878673039
206.878672002
206.878670966
206.878669929
206.878668893
206.878667857
206.87866682
206.878665784
206.878664747
206.878663711
206.878662675
206.878661638
206.878660602
206.878659565
206.878658529
206.878711228
206.878710191
206.878709155
206.878708119
206.878707082
206.878706046
206.878705009
206.878703973
206.878702937
206.8787019
206.878700864
206.878699827
206.878698791
206.878697755
206.878696718
206.878695682
206.878694645
206.878693609
206.878692573
206.878691536
206.8786905
206.878689463
206.878688427
206.878687391
206.878686354
206.878685318
206.878684281
206.878683245
206.878682209
206.878681172
206.878680136
206.878679099
206.878678063
206.878677027
206.87867599
206.878674954
206.878673918
206.878672881
206.878671845
206.878670808
206.878669772
206.878668736
206.878667699
206.878666663
206.878665626
206.87866459
206.878663554
206.878662517
206.878661481
206.878660444
206.878659408
206.878658372
206.878657335
206.878656299
206.878655262
206.878654226
206.87865319
206.878652153
206.878651117
206.87865008
206.878702779
206.878701743
206.878700706
206.87869967
206.878698634
206.878697597
206.878696561
206.878695524
206.878694488
206.878693452
206.878692415
206.878691379
206.878690342
206.878689306
206.87868827
206.878687233
206.878686197
206.87868516
206.878684124
206.878683088
206.878682051
206.878681015
206.878679978
206.878678942
206.878677906
206.878676869
206.878675833
206.878674797
206.87867376
206.878672724
206.878671687
206.878670651
206.878669615
206.878668578
206.878667542
206.878666505
206.878665469
206.878664433
206.878663396
206.87866236
206.878661323
206.878660287
206.878659251
206.878658214
206.878657178
206.878656141
206.878655105
206.878654069
206.878653032
206.878651996
206.878650959
206.878649923
206.878648887
206.87864785
206.878646814
206.878645777
206.878644741
206.878643705
206.878642668
206.878641632
206.878694331
206.878693294
206.878692258
206.878691221
206.878690185
206.878689149
206.878688112
206.878687076
206.878686039
206.878685003
206.878683967
206.87868293
206.878681894
206.878680857
206.878679821
206.878678785
206.878677748
206.878676712
206.878675676
206.878674639
206.878673603
206.878672566
206.87867153
206.878670494
206.878669457
206.878668421
206.878667384
206.878666348
206.878665312
206.878664275
206.878663239
206.878662202
206.878661166
206.87866013
206.878659093
206.878658057
206.87865702
206.878655984
206.878654948
206.878653911
206.878652875
206.878651838
206.878650802
206.878649766
206.878648729
206.878647693
206.878646656
206.87864562
206.878644584
206.878643547
206.878642511
206.878641474
206.878640438
206.878639402
206.878638365
206.878637329
206.878636292
206.878635256
206.87863422
206.878633183
206.878685882
206.878684846
206.878683809
206.878682773
206.878681736
206.8786807
206.878679664
206.878678627
206.878677591
206.878676555
206.878675518
206.878674482
206.878673445
206.878672409
206.878671373
206.878670336
206.8786693
206.878668263
206.878667227
206.878666191
206.878665154
206.878664118
206.878663081
206.878662045
206.878661009
206.878659972
206.878658936
206.878657899
206.878656863
206.878655827
206.87865479
206.878653754
206.878652717
206.878651681
206.878650645
206.878649608
206.878648572
206.878647535
206.878646499
206.878645463
206.878644426
206.87864339
206.878642353
206.878641317
206.878640281
206.878639244
206.878638208
206.878637171
206.878636135
206.878635099
206.878634062
206.878633026
206.87863199
206.878630953
206.878629917
206.87862888
206.878627844
206.878626808
206.878625771
206.878624735
206.878677434
206.878676397
206.878675361
206.878674324
206.878673288
206.878672252
206.878671215
206.878670179
206.878669142
206.878668106
206.87866707
206.878666033
206.878664997
206.87866396
206.878662924
206.878661888
206.878660851
206.878659815
206.878658778
206.878657742
206.878656706
206.878655669
206.878654633
206.878653596
206.87865256
206.878651524
206.878650487
206.878649451
206.878648414
206.878647378
206.878646342
206.878645305
206.878644269
206.878643232
206.878642196
206.87864116
206.878640123
206.878639087
206.87863805
206.878637014
206.878635978
206.878634941
206.878633905
206.878632869
206.878631832
206.878630796
206.878629759
206.878628723
206.878627687
206.87862665
206.878625614
206.878624577
206.878623541
206.878622505
206.878621468
206.878620432
206.878619395
206.878618359
206.878617323
206.878616286
206.878668985
206.878667949
206.878666912
206.878665876
206.878664839
206.878663803
206.878662767
206.87866173
206.878660694
206.878659657
206.878658621
206.878657585
206.878656548
206.878655512
206.878654475
206.878653439
206.878652403
206.878651366
206.87865033
206.878649293
206.878648257
206.878647221
206.878646184
206.878645148
206.878644111
206.878643075
206.878642039
206.878641002
206.878639966
206.878638929
206.878637893
206.878636857
206.87863582
206.878634784
206.878633748
206.878632711
206.878631675
206.878630638
206.878629602
206.878628566
206.878627529
206.878626493
206.878625456
206.87862442
206.878623384
206.878622347
206.878621311
206.878620274
206.878619238
206.878618202
206.878617165
206.878616129
206.878615092
206.878614056
206.87861302
206.878611983
206.878610947
206.87860991
206.878608874
206.878607838
206.878660536
206.8786595
206.878658464
206.878657427
206.878656391
206.878655354
206.878654318
206.878653282
206.878652245
206.878651209
206.878650172
206.878649136
206.8786481
206.878647063
206.878646027
206.87864499
206.878643954
206.878642918
206.878641881
206.878640845
206.878639808
206.878638772
206.878637736
206.878636699
206.878635663
206.878634627
206.87863359
206.878632554
206.878631517
206.878630481
206.878629445
206.878628408
206.878627372
206.878626335
206.878625299
206.878624263
206.878623226
206.87862219
206.878621153
206.878620117
206.878619081
206.878618044
206.878617008
206.878615971
206.878614935
206.878613899
206.878612862
206.878611826
206.878610789
206.878609753
206.878608717
206.87860768
206.878606644
206.878605607
206.878604571
206.878603535
206.878602498
206.878601462
206.878600425
206.878599389
206.878652088
206.878651051
206.878650015
206.878648979
206.878647942
206.878646906
206.878645869
206.878644833
206.878643797
206.87864276
206.878641724
206.878640687
206.878639651
206.878638615
206.878637578
206.878636542
206.878635506
206.878634469
206.878633433
206.878632396
206.87863136
206.878630324
206.878629287
206.878628251
206.878627214
206.878626178
206.878625142
206.878624105
206.878623069
206.878622032
206.878620996
206.87861996
206.878618923
206.878617887
206.87861685
206.878615814
206.878614778
206.878613741
206.878612705
206.878611668
206.878610632
206.878609596
206.878608559
206.878607523
206.878606486
206.87860545
206.878604414
206.878603377
206.878602341
206.878601304
206.878600268
206.878599232
206.878598195
206.878597159
206.878596122
206.878595086
206.87859405
206.878593013
206.878591977
206.878590941
206.878643639
206.878642603
206.878641566
206.87864053
206.878639494
206.878638457
206.878637421
206.878636385
206.878635348
206.878634312
206.878633275
206.878632239
206.878631203
206.878630166
206.87862913
206.878628093
206.878627057
206.878626021
206.878624984
206.878623948
206.878622911
206.878621875
206.878620839
206.878619802
206.878618766
206.878617729
206.878616693
206.878615657
206.87861462
206.878613584
206.878612547
206.878611511
206.878610475
206.878609438
206.878608402
206.878607365
206.878606329
206.878605293
206.878604256
206.87860322
206.878602183
206.878601147
206.878600111
206.878599074
206.878598038
206.878597001
206.878595965
206.878594929
206.878593892
206.878592856
206.87859182
206.878590783
206.878589747
206.87858871
206.878587674
206.878586638
206.878585601
206.878584565
206.878583528
206.878582492
206.878635191
206.878634154
206.878633118
206.878632082
206.878631045
206.878630009
206.878628972
206.878627936
206.8786269
206.878625863
206.878624827
206.87862379
206.878622754
206.878621718
206.878620681
206.878619645
206.878618608
206.878617572
206.878616536
206.878615499
206.878614463
206.878613426
206.87861239
206.878611354
206.878610317
206.878609281
206.878608244
206.878607208
206.878606172
206.878605135
206.878604099
206.878603062
206.878602026
206.87860099
206.878599953
206.878598917
206.87859788
206.878596844
206.878595808
206.878594771
206.878593735
206.878592699
206.878591662
206.878590626
206.878589589
206.878588553
206.878587517
206.87858648
206.878585444
206.878584407
206.878583371
206.878582335
206.878581298
206.878580262
206.878579225
206.878578189
206.878577153
206.878576116
206.87857508
206.878574043
206.878626742
206.878625706
206.878624669
206.878623633
206.878622597
206.87862156
206.878620524
206.878619487
206.878618451
206.878617415
206.878616378
206.878615342
206.878614305
206.878613269
206.878612233
206.878611196
206.87861016
206.878609123
206.878608087
206.878607051
206.878606014
206.878604978
206.878603941
206.878602905
206.878601869
206.878600832
206.878599796
206.878598759
206.878597723
206.878596687
206.87859565
206.878594614
206.878593578
206.878592541
206.878591505
206.878590468
206.878589432
206.878588396
206.878587359
206.878586323
206.878585286
206.87858425
206.878583214
206.878582177
206.878581141
206.878580104
206.878579068
206.878578032
206.878576995
206.878575959
206.878574922
206.878573886
206.87857285
206.878571813
206.878570777
206.87856974
206.878568704
206.878567668
206.878566631
206.878565595
206.878618294
206.878617257
206.878616221
206.878615184
206.878614148
206.878613112
206.878612075
206.878611039
206.878610002
206.878608966
206.87860793
206.878606893
206.878605857
206.87860482
206.878603784
206.878602748
206.878601711
206.878600675
206.878599638
206.878598602
206.878597566
206.878596529
206.878595493
206.878594457
206.87859342
206.878592384
206.878591347
206.878590311
206.878589275
206.878588238
206.878587202
206.878586165
206.878585129
206.878584093
206.878583056
206.87858202
206.878580983
206.878579947
206.878578911
206.878577874
206.878576838
206.878575801
206.878574765
206.878573729
206.878572692
206.878571656
206.878570619
206.878569583
206.878568547
206.87856751
206.878566474
206.878565437
206.878564401
206.878563365
206.878562328
206.878561292
206.878560255
206.878559219
206.878558183
206.878557146
206.878609845
206.878608809
206.878607772
206.878606736
206.878605699
206.878604663
206.878603627
206.87860259
206.878601554
206.878600517
206.878599481
206.878598445
206.878597408
206.878596372
206.878595336
206.878594299
206.878593263
206.878592226
206.87859119
206.878590154
206.878589117
206.878588081
206.878587044
206.878586008
206.878584972
206.878583935
206.878582899
206.878581862
206.878580826
206.87857979
206.878578753
206.878577717
206.87857668
206.878575644
206.878574608
206.878573571
206.878572535
206.878571498
206.878570462
206.878569426
206.878568389
206.878567353
206.878566316
206.87856528
206.878564244
206.878563207
206.878562171
206.878561134
206.878560098
206.878559062
206.878558025
206.878556989
206.878555952
206.878554916
206.87855388
206.878552843
206.878551807
206.878550771
206.878549734
206.878548698
206.878601396
206.87860036
206.878599324
206.878598287
206.878597251
206.878596215
206.878595178
206.878594142
206.878593105
206.878592069
206.878591033
206.878589996
206.87858896
206.878587923
206.878586887
206.878585851
206.878584814
206.878583778
206.878582741
206.878581705
206.878580669
206.878579632
206.878578596
206.878577559
206.878576523
206.878575487
206.87857445
206.878573414
206.878572377
206.878571341
206.878570305
206.878569268
206.878568232
206.878567195
206.878566159
206.878565123
206.878564086
206.87856305
206.878562013
206.878560977
206.878559941
206.878558904
206.878557868
206.878556831
206.878555795
206.878554759
206.878553722
206.878552686
206.87855165
206.878550613
206.878549577
206.87854854
206.878547504
206.878546468
206.878545431
206.878544395
206.878543358
206.878542322
206.878541286
206.878540249
206.878592948
206.878591912
206.878590875
206.878589839
206.878588802
206.878587766
206.87858673
206.878585693
206.878584657
206.87858362
206.878582584
206.878581548
206.878580511
206.878579475
206.878578438
206.878577402
206.878576366
206.878575329
206.878574293
206.878573256
206.87857222
206.878571184
206.878570147
206.878569111
206.878568074
206.878567038
206.878566002
206.878564965
206.878563929
206.878562892
206.878561856
206.87856082
206.878559783
206.878558747
206.87855771
206.878556674
206.878555638
206.878554601
206.878553565
206.878552529
206.878551492
206.878550456
206.878549419
206.878548383
206.878547347
206.87854631
206.878545274
206.878544237
206.878543201
206.878542165
206.878541128
206.878540092
206.878539055
206.878538019
206.878536983
206.878535946
206.87853491
206.878533873
206.878532837
206.878531801
206.878584499
206.878583463
206.878582427
206.87858139
206.878580354
206.878579317
206.878578281
206.878577245
206.878576208
206.878575172
206.878574135
206.878573099
206.878572063
206.878571026
206.87856999
206.878568953
206.878567917
206.878566881
206.878565844
206.878564808
206.878563771
206.878562735
206.878561699
206.878560662
206.878559626
206.878558589
206.878557553
206.878556517
206.87855548
206.878554444
206.878553408
206.878552371
206.878551335
206.878550298
206.878549262
206.878548226
206.878547189
206.878546153
206.878545116
206.87854408
206.878543044
206.878542007
206.878540971
206.878539934
206.878538898
206.878537862
206.878536825
206.878535789
206.878534752
206.878533716
206.87853268
206.878531643
206.878530607
206.87852957
206.878528534
206.878527498
206.878526461
206.878525425
206.878524388
206.878523352
206.878576051
206.878575014
206.878573978
206.878572942
206.878571905
206.878570869
206.878569832
206.878568796
206.87856776
206.878566723
206.878565687
206.87856465
206.878563614
206.878562578
206.878561541
206.878560505
206.878559468
206.878558432
206.878557396
206.878556359
206.878555323
206.878554287
206.87855325
206.878552214
206.878551177
206.878550141
206.878549105
206.878548068
206.878547032
206.878545995
206.878544959
206.878543923
206.878542886
206.87854185
206.878540813
206.878539777
206.878538741
206.878537704
206.878536668
206.878535631
206.878534595
206.878533559
206.878532522
206.878531486
206.878530449
206.878529413
206.878528377
206.87852734
206.878526304
206.878525267
206.878524231
206.878523195
206.878522158
206.878521122
206.878520085
206.878519049
206.878518013
206.878516976
206.87851594
206.878514903
206.878567602
206.878566566
206.878565529
206.878564493
206.878563457
206.87856242
206.878561384
206.878560347
206.878559311
206.878558275
206.878557238
206.878556202
206.878555166
206.878554129
206.878553093
206.878552056
206.87855102
206.878549984
206.878548947
206.878547911
206.878546874
206.878545838
206.878544802
206.878543765
206.878542729
206.878541692
206.878540656
206.87853962
206.878538583
206.878537547
206.87853651
206.878535474
206.878534438
206.878533401
206.878532365
206.878531328
206.878530292
206.878529256
206.878528219
206.878527183
206.878526146
206.87852511
206.878524074
206.878523037
206.878522001
206.878520964
206.878519928
206.878518892
206.878517855
206.878516819
206.878515782
206.878514746
206.87851371
206.878512673
206.878511637
206.878510601
206.878509564
206.878508528
206.878507491
206.878506455
206.878559154
206.878558117
206.878557081
206.878556045
206.878555008
206.878553972
206.878552935
206.878551899
206.878550863
206.878549826
206.87854879
206.878547753
206.878546717
206.878545681
206.878544644
206.878543608
206.878542571
206.878541535
206.878540499
206.878539462
206.878538426
206.878537389
206.878536353
206.878535317
206.87853428
206.878533244
206.878532207
206.878531171
206.878530135
206.878529098
206.878528062
206.878527025
206.878525989
206.878524953
206.878523916
206.87852288
206.878521843
206.878520807
206.878519771
206.878518734
206.878517698
206.878516661
206.878515625
206.878514589
206.878513552
206.878512516
206.87851148
206.878510443
206.878509407
206.87850837
206.878507334
206.878506298
206.878505261
206.878504225
206.878503188
206.878502152
206.878501116
206.878500079
206.878499043
206.878498006
