-11.7531585512
-11.7531668226
-11.753175094
-11.7531833654
-11.7531916368
-11.7531999082
-11.7532081796
-11.753216451
-11.7532247224
-11.7532329938
-11.7532412652
-11.7532495366
-11.753257808
-11.7532660794
-11.7532743508
-11.7532826222
-11.7532908936
-11.753299165
-11.7533074364
-11.7533157078
-11.7533239792
-11.7533322506
-11.753340522
-11.7533487934
-11.7533570648
-11.7533653362
-11.7533736077
-11.7533818791
-11.7533901505
-11.7533984219
-11.7534066933
-11.7534149647
-11.7534232361
-11.7534315075
-11.7534397789
-11.7534480503
-11.7534563217
-11.7534645931
-11.7534728645
-11.7534811359
-11.7534894073
-11.7534976787
-11.7535059501
-11.7535142215
-11.7535224929
-11.7535307643
-11.7535390357
-11.7535473071
-11.7535555785
-11.7535638499
-11.7535721213
-11.7535803927
-11.7535886641
-11.7535969355
-11.7536052069
-11.7536134783
-11.7536217497
-11.7536300211
-11.7536382925
-11.7536465639
-11.7531575366
-11.753165808
-11.7531740794
-11.7531823508
-11.7531906222
-11.7531988936
-11.753207165
-11.7532154364
-11.7532237078
-11.7532319792
-11.7532402506
-11.753248522
-11.7532567934
-11.7532650648
-11.7532733362
-11.7532816076
-11.753289879
-11.7532981504
-11.7533064218
-11.7533146932
-11.7533229646
-11.753331236
-11.7533395074
-11.7533477788
-11.7533560502
-11.7533643216
-11.753372593
-11.7533808644
-11.7533891358
-11.7533974072
-11.7534056786
-11.75341395
-11.7534222214
-11.7534304928
-11.7534387642
-11.7534470356
-11.753455307
-11.7534635784
-11.7534718498
-11.7534801212
-11.7534883926
-11.753496664
-11.7535049354
-11.7535132068
-11.7535214782
-11.7535297496
-11.753538021
-11.7535462924
-11.7535545638
-11.7535628352
-11.7535711066
-11.753579378
-11.7535876494
-11.7535959208
-11.7536041922
-11.7536124636
-11.753620735
-11.7536290064
-11.7536372778
-11.7536455492
-11.7531565219
-11.7531647933
-11.7531730647
-11.7531813361
-11.7531896075
-11.7531978789
-11.7532061503
-11.7532144217
-11.7532226931
-11.7532309645
-11.7532392359
-11.7532475073
-11.7532557787
-11.7532640501
-11.7532723215
-11.7532805929
-11.7532888643
-11.7532971357
-11.7533054071
-11.7533136785
-11.7533219499
-11.7533302213
-11.7533384927
-11.7533467641
-11.7533550355
-11.7533633069
-11.7533715783
-11.7533798497
-11.7533881211
-11.7533963925
-11.7534046639
-11.7534129354
-11.7534212068
-11.7534294782
-11.7534377496
-11.753446021
-11.7534542924
-11.7534625638
-11.7534708352
-11.7534791066
-11.753487378
-11.7534956494
-11.7535039208
-11.7535121922
-11.7535204636
-11.753528735
-11.7535370064
-11.7535452778
-11.7535535492
-11.7535618206
-11.753570092
-11.7535783634
-11.7535866348
-11.7535949062
-11.7536031776
-11.753611449
-11.7536197204
-11.7536279918
-11.7536362632
-11.7536445346
-11.7531555073
-11.7531637787
-11.7531720501
-11.7531803215
-11.7531885929
-11.7531968643
-11.7532051357
-11.7532134071
-11.7532216785
-11.7532299499
-11.7532382213
-11.7532464927
-11.7532547641
-11.7532630355
-11.7532713069
-11.7532795783
-11.7532878497
-11.7532961211
-11.7533043925
-11.7533126639
-11.7533209353
-11.7533292067
-11.7533374781
-11.7533457495
-11.7533540209
-11.7533622923
-11.7533705637
-11.7533788351
-11.7533871065
-11.7533953779
-11.7534036493
-11.7534119207
-11.7534201921
-11.7534284635
-11.7534367349
-11.7534450063
-11.7534532777
-11.7534615491
-11.7534698205
-11.7534780919
-11.7534863633
-11.7534946347
-11.7535029061
-11.7535111775
-11.7535194489
-11.7535277203
-11.7535359917
-11.7535442631
-11.7535525345
-11.7535608059
-11.7535690773
-11.7535773487
-11.7535856201
-11.7535938915
-11.7536021629
-11.7536104343
-11.7536187057
-11.7536269771
-11.7536352485
-11.7536435199
-11.7531544926
-11.753162764
-11.7531710354
-11.7531793068
-11.7531875782
-11.7531958496
-11.753204121
-11.7532123924
-11.7532206638
-11.7532289352
-11.7532372066
-11.753245478
-11.7532537494
-11.7532620208
-11.7532702922
-11.7532785636
-11.753286835
-11.7532951064
-11.7533033778
-11.7533116492
-11.7533199206
-11.753328192
-11.7533364634
-11.7533447348
-11.7533530062
-11.7533612776
-11.753369549
-11.7533778204
-11.7533860918
-11.7533943632
-11.7534026346
-11.753410906
-11.7534191774
-11.7534274488
-11.7534357202
-11.7534439916
-11.7534522631
-11.7534605345
-11.7534688059
-11.7534770773
-11.7534853487
-11.7534936201
-11.7535018915
-11.7535101629
-11.7535184343
-11.7535267057
-11.7535349771
-11.7535432485
-11.7535515199
-11.7535597913
-11.7535680627
-11.7535763341
-11.7535846055
-11.7535928769
-11.7536011483
-11.7536094197
-11.7536176911
-11.7536259625
-11.7536342339
-11.7536425053
-11.753153478
-11.7531617494
-11.7531700208
-11.7531782922
-11.7531865636
-11.753194835
-11.7532031064
-11.7532113778
-11.7532196492
-11.7532279206
-11.753236192
-11.7532444634
-11.7532527348
-11.7532610062
-11.7532692776
-11.753277549
-11.7532858204
-11.7532940918
-11.7533023632
-11.7533106346
-11.753318906
-11.7533271774
-11.7533354488
-11.7533437202
-11.7533519916
-11.753360263
-11.7533685344
-11.7533768058
-11.7533850772
-11.7533933486
-11.75340162
-11.7534098914
-11.7534181628
-11.7534264342
-11.7534347056
-11.753442977
-11.7534512484
-11.7534595198
-11.7534677912
-11.7534760626
-11.753484334
-11.7534926054
-11.7535008768
-11.7535091482
-11.7535174196
-11.753525691
-11.7535339624
-11.7535422338
-11.7535505052
-11.7535587766
-11.753567048
-11.7535753194
-11.7535835908
-11.7535918622
-11.7536001336
-11.753608405
-11.7536166764
-11.7536249478
-11.7536332192
-11.7536414906
-11.7531524633
-11.7531607347
-11.7531690061
-11.7531772775
-11.7531855489
-11.7531938203
-11.7532020917
-11.7532103631
-11.7532186345
-11.7532269059
-11.7532351773
-11.7532434487
-11.7532517201
-11.7532599915
-11.7532682629
-11.7532765343
-11.7532848057
-11.7532930771
-11.7533013485
-11.7533096199
-11.7533178913
-11.7533261627
-11.7533344341
-11.7533427055
-11.7533509769
-11.7533592483
-11.7533675197
-11.7533757911
-11.7533840625
-11.7533923339
-11.7534006053
-11.7534088767
-11.7534171481
-11.7534254195
-11.7534336909
-11.7534419623
-11.7534502337
-11.7534585051
-11.7534667765
-11.7534750479
-11.7534833194
-11.7534915908
-11.7534998622
-11.7535081336
-11.753516405
-11.7535246764
-11.7535329478
-11.7535412192
-11.7535494906
-11.753557762
-11.7535660334
-11.7535743048
-11.7535825762
-11.7535908476
-11.753599119
-11.7536073904
-11.7536156618
-11.7536239332
-11.7536322046
-11.753640476
-11.7531514487
-11.7531597201
-11.7531679915
-11.7531762629
-11.7531845343
-11.7531928057
-11.7532010771
-11.7532093485
-11.7532176199
-11.7532258913
-11.7532341627
-11.7532424341
-11.7532507055
-11.7532589769
-11.7532672483
-11.7532755197
-11.7532837911
-11.7532920625
-11.7533003339
-11.7533086053
-11.7533168767
-11.7533251481
-11.7533334195
-11.7533416909
-11.7533499623
-11.7533582337
-11.7533665051
-11.7533747765
-11.7533830479
-11.7533913193
-11.7533995907
-11.7534078621
-11.7534161335
-11.7534244049
-11.7534326763
-11.7534409477
-11.7534492191
-11.7534574905
-11.7534657619
-11.7534740333
-11.7534823047
-11.7534905761
-11.7534988475
-11.7535071189
-11.7535153903
-11.7535236617
-11.7535319331
-11.7535402045
-11.7535484759
-11.7535567473
-11.7535650187
-11.7535732901
-11.7535815615
-11.7535898329
-11.7535981043
-11.7536063757
-11.7536146471
-11.7536229185
-11.7536311899
-11.7536394613
-11.753150434
-11.7531587054
-11.7531669768
-11.7531752482
-11.7531835196
-11.753191791
-11.7532000624
-11.7532083338
-11.7532166052
-11.7532248766
-11.753233148
-11.7532414194
-11.7532496908
-11.7532579622
-11.7532662336
-11.753274505
-11.7532827764
-11.7532910478
-11.7532993192
-11.7533075906
-11.753315862
-11.7533241334
-11.7533324048
-11.7533406762
-11.7533489476
-11.753357219
-11.7533654904
-11.7533737618
-11.7533820332
-11.7533903046
-11.753398576
-11.7534068474
-11.7534151188
-11.7534233902
-11.7534316616
-11.753439933
-11.7534482044
-11.7534564758
-11.7534647472
-11.7534730186
-11.75348129
-11.7534895614
-11.7534978328
-11.7535061042
-11.7535143756
-11.7535226471
-11.7535309185
-11.7535391899
-11.7535474613
-11.7535557327
-11.7535640041
-11.7535722755
-11.7535805469
-11.7535888183
-11.7535970897
-11.7536053611
-11.7536136325
-11.7536219039
-11.7536301753
-11.7536384467
-11.7531494193
-11.7531576907
-11.7531659622
-11.7531742336
-11.753182505
-11.7531907764
-11.7531990478
-11.7532073192
-11.7532155906
-11.753223862
-11.7532321334
-11.7532404048
-11.7532486762
-11.7532569476
-11.753265219
-11.7532734904
-11.7532817618
-11.7532900332
-11.7532983046
-11.753306576
-11.7533148474
-11.7533231188
-11.7533313902
-11.7533396616
-11.753347933
-11.7533562044
-11.7533644758
-11.7533727472
-11.7533810186
-11.75338929
-11.7533975614
-11.7534058328
-11.7534141042
-11.7534223756
-11.753430647
-11.7534389184
-11.7534471898
-11.7534554612
-11.7534637326
-11.753472004
-11.7534802754
-11.7534885468
-11.7534968182
-11.7535050896
-11.753513361
-11.7535216324
-11.7535299038
-11.7535381752
-11.7535464466
-11.753554718
-11.7535629894
-11.7535712608
-11.7535795322
-11.7535878036
-11.753596075
-11.7536043464
-11.7536126178
-11.7536208892
-11.7536291606
-11.753637432
-11.7531484047
-11.7531566761
-11.7531649475
-11.7531732189
-11.7531814903
-11.7531897617
-11.7531980331
-11.7532063045
-11.7532145759
-11.7532228473
-11.7532311187
-11.7532393901
-11.7532476615
-11.7532559329
-11.7532642043
-11.7532724757
-11.7532807471
-11.7532890185
-11.7532972899
-11.7533055613
-11.7533138327
-11.7533221041
-11.7533303755
-11.7533386469
-11.7533469183
-11.7533551897
-11.7533634611
-11.7533717325
-11.7533800039
-11.7533882753
-11.7533965467
-11.7534048181
-11.7534130895
-11.7534213609
-11.7534296323
-11.7534379037
-11.7534461751
-11.7534544465
-11.7534627179
-11.7534709893
-11.7534792607
-11.7534875321
-11.7534958035
-11.7535040749
-11.7535123463
-11.7535206177
-11.7535288891
-11.7535371605
-11.7535454319
-11.7535537034
-11.7535619748
-11.7535702462
-11.7535785176
-11.753586789
-11.7535950604
-11.7536033318
-11.7536116032
-11.7536198746
-11.753628146
-11.7536364174
-11.75314739
-11.7531556614
-11.7531639328
-11.7531722042
-11.7531804756
-11.753188747
-11.7531970184
-11.7532052899
-11.7532135613
-11.7532218327
-11.7532301041
-11.7532383755
-11.7532466469
-11.7532549183
-11.7532631897
-11.7532714611
-11.7532797325
-11.7532880039
-11.7532962753
-11.7533045467
-11.7533128181
-11.7533210895
-11.7533293609
-11.7533376323
-11.7533459037
-11.7533541751
-11.7533624465
-11.7533707179
-11.7533789893
-11.7533872607
-11.7533955321
-11.7534038035
-11.7534120749
-11.7534203463
-11.7534286177
-11.7534368891
-11.7534451605
-11.7534534319
-11.7534617033
-11.7534699747
-11.7534782461
-11.7534865175
-11.7534947889
-11.7535030603
-11.7535113317
-11.7535196031
-11.7535278745
-11.7535361459
-11.7535444173
-11.7535526887
-11.7535609601
-11.7535692315
-11.7535775029
-11.7535857743
-11.7535940457
-11.7536023171
-11.7536105885
-11.7536188599
-11.7536271313
-11.7536354027
-11.7531463754
-11.7531546468
-11.7531629182
-11.7531711896
-11.753179461
-11.7531877324
-11.7531960038
-11.7532042752
-11.7532125466
-11.753220818
-11.7532290894
-11.7532373608
-11.7532456322
-11.7532539036
-11.753262175
-11.7532704464
-11.7532787178
-11.7532869892
-11.7532952606
-11.753303532
-11.7533118034
-11.7533200748
-11.7533283462
-11.7533366176
-11.753344889
-11.7533531604
-11.7533614318
-11.7533697032
-11.7533779746
-11.753386246
-11.7533945174
-11.7534027888
-11.7534110602
-11.7534193316
-11.753427603
-11.7534358744
-11.7534441458
-11.7534524172
-11.7534606886
-11.75346896
-11.7534772314
-11.7534855028
-11.7534937742
-11.7535020456
-11.753510317
-11.7535185884
-11.7535268598
-11.7535351312
-11.7535434026
-11.753551674
-11.7535599454
-11.7535682168
-11.7535764882
-11.7535847596
-11.7535930311
-11.7536013025
-11.7536095739
-11.7536178453
-11.7536261167
-11.7536343881
-11.7531453607
-11.7531536321
-11.7531619035
-11.7531701749
-11.7531784463
-11.7531867177
-11.7531949891
-11.7532032605
-11.7532115319
-11.7532198033
-11.7532280747
-11.7532363462
-11.7532446176
-11.753252889
-11.7532611604
-11.7532694318
-11.7532777032
-11.7532859746
-11.753294246
-11.7533025174
-11.7533107888
-11.7533190602
-11.7533273316
-11.753335603
-11.7533438744
-11.7533521458
-11.7533604172
-11.7533686886
-11.75337696
-11.7533852314
-11.7533935028
-11.7534017742
-11.7534100456
-11.753418317
-11.7534265884
-11.7534348598
-11.7534431312
-11.7534514026
-11.753459674
-11.7534679454
-11.7534762168
-11.7534844882
-11.7534927596
-11.753501031
-11.7535093024
-11.7535175738
-11.7535258452
-11.7535341166
-11.753542388
-11.7535506594
-11.7535589308
-11.7535672022
-11.7535754736
-11.753583745
-11.7535920164
-11.7536002878
-11.7536085592
-11.7536168306
-11.753625102
-11.7536333734
-11.7531443461
-11.7531526175
-11.7531608889
-11.7531691603
-11.7531774317
-11.7531857031
-11.7531939745
-11.7532022459
-11.7532105173
-11.7532187887
-11.7532270601
-11.7532353315
-11.7532436029
-11.7532518743
-11.7532601457
-11.7532684171
-11.7532766885
-11.7532849599
-11.7532932313
-11.7533015027
-11.7533097741
-11.7533180455
-11.7533263169
-11.7533345883
-11.7533428597
-11.7533511311
-11.7533594025
-11.7533676739
-11.7533759453
-11.7533842167
-11.7533924881
-11.7534007595
-11.7534090309
-11.7534173023
-11.7534255737
-11.7534338451
-11.7534421165
-11.7534503879
-11.7534586593
-11.7534669307
-11.7534752021
-11.7534834735
-11.7534917449
-11.7535000163
-11.7535082877
-11.7535165591
-11.7535248305
-11.7535331019
-11.7535413733
-11.7535496447
-11.7535579161
-11.7535661875
-11.7535744589
-11.7535827303
-11.7535910017
-11.7535992731
-11.7536075445
-11.7536158159
-11.7536240873
-11.7536323588
-11.7531433314
-11.7531516028
-11.7531598742
-11.7531681456
-11.753176417
-11.7531846884
-11.7531929598
-11.7532012312
-11.7532095026
-11.753217774
-11.7532260454
-11.7532343168
-11.7532425882
-11.7532508596
-11.753259131
-11.7532674024
-11.7532756739
-11.7532839453
-11.7532922167
-11.7533004881
-11.7533087595
-11.7533170309
-11.7533253023
-11.7533335737
-11.7533418451
-11.7533501165
-11.7533583879
-11.7533666593
-11.7533749307
-11.7533832021
-11.7533914735
-11.7533997449
-11.7534080163
-11.7534162877
-11.7534245591
-11.7534328305
-11.7534411019
-11.7534493733
-11.7534576447
-11.7534659161
-11.7534741875
-11.7534824589
-11.7534907303
-11.7534990017
-11.7535072731
-11.7535155445
-11.7535238159
-11.7535320873
-11.7535403587
-11.7535486301
-11.7535569015
-11.7535651729
-11.7535734443
-11.7535817157
-11.7535899871
-11.7535982585
-11.7536065299
-11.7536148013
-11.7536230727
-11.7536313441
-11.7531423168
-11.7531505882
-11.7531588596
-11.753167131
-11.7531754024
-11.7531836738
-11.7531919452
-11.7532002166
-11.753208488
-11.7532167594
-11.7532250308
-11.7532333022
-11.7532415736
-11.753249845
-11.7532581164
-11.7532663878
-11.7532746592
-11.7532829306
-11.753291202
-11.7532994734
-11.7533077448
-11.7533160162
-11.7533242876
-11.753332559
-11.7533408304
-11.7533491018
-11.7533573732
-11.7533656446
-11.753373916
-11.7533821874
-11.7533904588
-11.7533987302
-11.7534070016
-11.753415273
-11.7534235444
-11.7534318158
-11.7534400872
-11.7534483586
-11.75345663
-11.7534649014
-11.7534731728
-11.7534814442
-11.7534897156
-11.753497987
-11.7535062584
-11.7535145298
-11.7535228012
-11.7535310726
-11.753539344
-11.7535476154
-11.7535558868
-11.7535641582
-11.7535724296
-11.753580701
-11.7535889724
-11.7535972438
-11.7536055152
-11.7536137866
-11.753622058
-11.7536303294
-11.7531413021
-11.7531495735
-11.7531578449
-11.7531661163
-11.7531743877
-11.7531826591
-11.7531909305
-11.7531992019
-11.7532074733
-11.7532157447
-11.7532240161
-11.7532322875
-11.7532405589
-11.7532488303
-11.7532571017
-11.7532653731
-11.7532736445
-11.7532819159
-11.7532901873
-11.7532984587
-11.7533067301
-11.7533150016
-11.753323273
-11.7533315444
-11.7533398158
-11.7533480872
-11.7533563586
-11.75336463
-11.7533729014
-11.7533811728
-11.7533894442
-11.7533977156
-11.753405987
-11.7534142584
-11.7534225298
-11.7534308012
-11.7534390726
-11.753447344
-11.7534556154
-11.7534638868
-11.7534721582
-11.7534804296
-11.753488701
-11.7534969724
-11.7535052438
-11.7535135152
-11.7535217866
-11.753530058
-11.7535383294
-11.7535466008
-11.7535548722
-11.7535631436
-11.753571415
-11.7535796864
-11.7535879578
-11.7535962292
-11.7536045006
-11.753612772
-11.7536210434
-11.7536293148
-11.7531402875
-11.7531485589
-11.7531568303
-11.7531651017
-11.7531733731
-11.7531816445
-11.7531899159
-11.7531981873
-11.7532064587
-11.7532147301
-11.7532230015
-11.7532312729
-11.7532395443
-11.7532478157
-11.7532560871
-11.7532643585
-11.7532726299
-11.7532809013
-11.7532891727
-11.7532974441
-11.7533057155
-11.7533139869
-11.7533222583
-11.7533305297
-11.7533388011
-11.7533470725
-11.7533553439
-11.7533636153
-11.7533718867
-11.7533801581
-11.7533884295
-11.7533967009
-11.7534049723
-11.7534132437
-11.7534215151
-11.7534297865
-11.7534380579
-11.7534463293
-11.7534546007
-11.7534628721
-11.7534711435
-11.7534794149
-11.7534876863
-11.7534959577
-11.7535042291
-11.7535125005
-11.7535207719
-11.7535290433
-11.7535373147
-11.7535455861
-11.7535538575
-11.7535621289
-11.7535704003
-11.7535786717
-11.7535869431
-11.7535952145
-11.7536034859
-11.7536117573
-11.7536200287
-11.7536283001
-11.7531392728
-11.7531475442
-11.7531558156
-11.753164087
-11.7531723584
-11.7531806298
-11.7531889012
-11.7531971726
-11.753205444
-11.7532137154
-11.7532219868
-11.7532302582
-11.7532385296
-11.753246801
-11.7532550724
-11.7532633438
-11.7532716152
-11.7532798866
-11.753288158
-11.7532964294
-11.7533047008
-11.7533129722
-11.7533212436
-11.753329515
-11.7533377864
-11.7533460579
-11.7533543293
-11.7533626007
-11.7533708721
-11.7533791435
-11.7533874149
-11.7533956863
-11.7534039577
-11.7534122291
-11.7534205005
-11.7534287719
-11.7534370433
-11.7534453147
-11.7534535861
-11.7534618575
-11.7534701289
-11.7534784003
-11.7534866717
-11.7534949431
-11.7535032145
-11.7535114859
-11.7535197573
-11.7535280287
-11.7535363001
-11.7535445715
-11.7535528429
-11.7535611143
-11.7535693857
-11.7535776571
-11.7535859285
-11.7535941999
-11.7536024713
-11.7536107427
-11.7536190141
-11.7536272855
-11.7531382582
-11.7531465296
-11.753154801
-11.7531630724
-11.7531713438
-11.7531796152
-11.7531878866
-11.753196158
-11.7532044294
-11.7532127008
-11.7532209722
-11.7532292436
-11.753237515
-11.7532457864
-11.7532540578
-11.7532623292
-11.7532706006
-11.753278872
-11.7532871434
-11.7532954148
-11.7533036862
-11.7533119576
-11.753320229
-11.7533285004
-11.7533367718
-11.7533450432
-11.7533533146
-11.753361586
-11.7533698574
-11.7533781288
-11.7533864002
-11.7533946716
-11.753402943
-11.7534112144
-11.7534194858
-11.7534277572
-11.7534360286
-11.7534443
-11.7534525714
-11.7534608428
-11.7534691142
-11.7534773856
-11.753485657
-11.7534939284
-11.7535021998
-11.7535104712
-11.7535187426
-11.753527014
-11.7535352854
-11.7535435568
-11.7535518282
-11.7535600996
-11.753568371
-11.7535766424
-11.7535849138
-11.7535931852
-11.7536014566
-11.753609728
-11.7536179994
-11.7536262708
-11.7531372435
-11.7531455149
-11.7531537863
-11.7531620577
-11.7531703291
-11.7531786005
-11.7531868719
-11.7531951433
-11.7532034147
-11.7532116861
-11.7532199575
-11.7532282289
-11.7532365003
-11.7532447717
-11.7532530431
-11.7532613145
-11.7532695859
-11.7532778573
-11.7532861287
-11.7532944001
-11.7533026715
-11.7533109429
-11.7533192143
-11.7533274857
-11.7533357571
-11.7533440285
-11.7533522999
-11.7533605713
-11.7533688427
-11.7533771141
-11.7533853856
-11.753393657
-11.7534019284
-11.7534101998
-11.7534184712
-11.7534267426
-11.753435014
-11.7534432854
-11.7534515568
-11.7534598282
-11.7534680996
-11.753476371
-11.7534846424
-11.7534929138
-11.7535011852
-11.7535094566
-11.753517728
-11.7535259994
-11.7535342708
-11.7535425422
-11.7535508136
-11.753559085
-11.7535673564
-11.7535756278
-11.7535838992
-11.7535921706
-11.753600442
-11.7536087134
-11.7536169848
-11.7536252562
-11.7531362289
-11.7531445003
-11.7531527717
-11.7531610431
-11.7531693145
-11.7531775859
-11.7531858573
-11.7531941287
-11.7532024001
-11.7532106715
-11.7532189429
-11.7532272143
-11.7532354857
-11.7532437571
-11.7532520285
-11.7532602999
-11.7532685713
-11.7532768427
-11.7532851141
-11.7532933855
-11.7533016569
-11.7533099283
-11.7533181997
-11.7533264711
-11.7533347425
-11.7533430139
-11.7533512853
-11.7533595567
-11.7533678281
-11.7533760995
-11.7533843709
-11.7533926423
-11.7534009137
-11.7534091851
-11.7534174565
-11.7534257279
-11.7534339993
-11.7534422707
-11.7534505421
-11.7534588135
-11.7534670849
-11.7534753563
-11.7534836277
-11.7534918991
-11.7535001705
-11.7535084419
-11.7535167133
-11.7535249847
-11.7535332561
-11.7535415275
-11.7535497989
-11.7535580703
-11.7535663417
-11.7535746131
-11.7535828845
-11.7535911559
-11.7535994273
-11.7536076987
-11.7536159701
-11.7536242415
-11.7531352142
-11.7531434856
-11.753151757
-11.7531600284
-11.7531682998
-11.7531765712
-11.7531848426
-11.753193114
-11.7532013854
-11.7532096568
-11.7532179282
-11.7532261996
-11.753234471
-11.7532427424
-11.7532510138
-11.7532592852
-11.7532675566
-11.753275828
-11.7532840994
-11.7532923708
-11.7533006422
-11.7533089136
-11.753317185
-11.7533254564
-11.7533337278
-11.7533419992
-11.7533502706
-11.753358542
-11.7533668134
-11.7533750848
-11.7533833562
-11.7533916276
-11.753399899
-11.7534081704
-11.7534164419
-11.7534247133
-11.7534329847
-11.7534412561
-11.7534495275
-11.7534577989
-11.7534660703
-11.7534743417
-11.7534826131
-11.7534908845
-11.7534991559
-11.7535074273
-11.7535156987
-11.7535239701
-11.7535322415
-11.7535405129
-11.7535487843
-11.7535570557
-11.7535653271
-11.7535735985
-11.7535818699
-11.7535901413
-11.7535984127
-11.7536066841
-11.7536149555
-11.7536232269
-11.7531341996
-11.753142471
-11.7531507424
-11.7531590138
-11.7531672852
-11.7531755566
-11.753183828
-11.7531920994
-11.7532003708
-11.7532086422
-11.7532169136
-11.753225185
-11.7532334564
-11.7532417278
-11.7532499992
-11.7532582706
-11.753266542
-11.7532748134
-11.7532830848
-11.7532913562
-11.7532996276
-11.753307899
-11.7533161704
-11.7533244418
-11.7533327132
-11.7533409846
-11.753349256
-11.7533575274
-11.7533657988
-11.7533740702
-11.7533823416
-11.753390613
-11.7533988844
-11.7534071558
-11.7534154272
-11.7534236986
-11.75343197
-11.7534402414
-11.7534485128
-11.7534567842
-11.7534650556
-11.753473327
-11.7534815984
-11.7534898698
-11.7534981412
-11.7535064126
-11.753514684
-11.7535229554
-11.7535312268
-11.7535394982
-11.7535477696
-11.753556041
-11.7535643124
-11.7535725838
-11.7535808552
-11.7535891266
-11.753597398
-11.7536056694
-11.7536139408
-11.7536222122
-11.7531331849
-11.7531414563
-11.7531497277
-11.7531579991
-11.7531662705
-11.7531745419
-11.7531828133
-11.7531910847
-11.7531993561
-11.7532076275
-11.7532158989
-11.7532241703
-11.7532324417
-11.7532407131
-11.7532489845
-11.7532572559
-11.7532655273
-11.7532737987
-11.7532820701
-11.7532903415
-11.7532986129
-11.7533068843
-11.7533151557
-11.7533234271
-11.7533316985
-11.7533399699
-11.7533482413
-11.7533565127
-11.7533647841
-11.7533730555
-11.7533813269
-11.7533895983
-11.7533978697
-11.7534061411
-11.7534144125
-11.7534226839
-11.7534309553
-11.7534392267
-11.7534474981
-11.7534557696
-11.753464041
-11.7534723124
-11.7534805838
-11.7534888552
-11.7534971266
-11.753505398
-11.7535136694
-11.7535219408
-11.7535302122
-11.7535384836
-11.753546755
-11.7535550264
-11.7535632978
-11.7535715692
-11.7535798406
-11.753588112
-11.7535963834
-11.7536046548
-11.7536129262
-11.7536211976
-11.7531321703
-11.7531404417
-11.7531487131
-11.7531569845
-11.7531652559
-11.7531735273
-11.7531817987
-11.7531900701
-11.7531983415
-11.7532066129
-11.7532148843
-11.7532231557
-11.7532314271
-11.7532396985
-11.7532479699
-11.7532562413
-11.7532645127
-11.7532727841
-11.7532810555
-11.7532893269
-11.7532975983
-11.7533058697
-11.7533141411
-11.7533224125
-11.7533306839
-11.7533389553
-11.7533472267
-11.7533554981
-11.7533637695
-11.7533720409
-11.7533803123
-11.7533885837
-11.7533968551
-11.7534051265
-11.7534133979
-11.7534216693
-11.7534299407
-11.7534382121
-11.7534464835
-11.7534547549
-11.7534630263
-11.7534712977
-11.7534795691
-11.7534878405
-11.7534961119
-11.7535043833
-11.7535126547
-11.7535209261
-11.7535291975
-11.7535374689
-11.7535457403
-11.7535540117
-11.7535622831
-11.7535705545
-11.7535788259
-11.7535870973
-11.7535953687
-11.7536036401
-11.7536119115
-11.7536201829
-11.7531311556
-11.753139427
-11.7531476984
-11.7531559698
-11.7531642412
-11.7531725126
-11.753180784
-11.7531890554
-11.7531973268
-11.7532055982
-11.7532138696
-11.753222141
-11.7532304124
-11.7532386838
-11.7532469552
-11.7532552266
-11.753263498
-11.7532717694
-11.7532800408
-11.7532883122
-11.7532965836
-11.753304855
-11.7533131264
-11.7533213978
-11.7533296692
-11.7533379406
-11.753346212
-11.7533544834
-11.7533627548
-11.7533710262
-11.7533792976
-11.753387569
-11.7533958404
-11.7534041118
-11.7534123832
-11.7534206546
-11.753428926
-11.7534371974
-11.7534454688
-11.7534537402
-11.7534620116
-11.753470283
-11.7534785544
-11.7534868258
-11.7534950973
-11.7535033687
-11.7535116401
-11.7535199115
-11.7535281829
-11.7535364543
-11.7535447257
-11.7535529971
-11.7535612685
-11.7535695399
-11.7535778113
-11.7535860827
-11.7535943541
-11.7536026255
-11.7536108969
-11.7536191683
-11.7531301409
-11.7531384124
-11.7531466838
-11.7531549552
-11.7531632266
-11.753171498
-11.7531797694
-11.7531880408
-11.7531963122
-11.7532045836
-11.753212855
-11.7532211264
-11.7532293978
-11.7532376692
-11.7532459406
-11.753254212
-11.7532624834
-11.7532707548
-11.7532790262
-11.7532872976
-11.753295569
-11.7533038404
-11.7533121118
-11.7533203832
-11.7533286546
-11.753336926
-11.7533451974
-11.7533534688
-11.7533617402
-11.7533700116
-11.753378283
-11.7533865544
-11.7533948258
-11.7534030972
-11.7534113686
-11.75341964
-11.7534279114
-11.7534361828
-11.7534444542
-11.7534527256
-11.753460997
-11.7534692684
-11.7534775398
-11.7534858112
-11.7534940826
-11.753502354
-11.7535106254
-11.7535188968
-11.7535271682
-11.7535354396
-11.753543711
-11.7535519824
-11.7535602538
-11.7535685252
-11.7535767966
-11.753585068
-11.7535933394
-11.7536016108
-11.7536098822
-11.7536181536
-11.7531291263
-11.7531373977
-11.7531456691
-11.7531539405
-11.7531622119
-11.7531704833
-11.7531787547
-11.7531870261
-11.7531952975
-11.7532035689
-11.7532118403
-11.7532201117
-11.7532283831
-11.7532366545
-11.7532449259
-11.7532531973
-11.7532614687
-11.7532697401
-11.7532780115
-11.7532862829
-11.7532945543
-11.7533028257
-11.7533110971
-11.7533193685
-11.7533276399
-11.7533359113
-11.7533441827
-11.7533524541
-11.7533607255
-11.7533689969
-11.7533772683
-11.7533855397
-11.7533938111
-11.7534020825
-11.7534103539
-11.7534186253
-11.7534268967
-11.7534351681
-11.7534434395
-11.7534517109
-11.7534599823
-11.7534682537
-11.7534765251
-11.7534847965
-11.7534930679
-11.7535013393
-11.7535096107
-11.7535178821
-11.7535261536
-11.753534425
-11.7535426964
-11.7535509678
-11.7535592392
-11.7535675106
-11.753575782
-11.7535840534
-11.7535923248
-11.7536005962
-11.7536088676
-11.753617139
-11.7531281116
-11.753136383
-11.7531446544
-11.7531529258
-11.7531611972
-11.7531694686
-11.7531777401
-11.7531860115
-11.7531942829
-11.7532025543
-11.7532108257
-11.7532190971
-11.7532273685
-11.7532356399
-11.7532439113
-11.7532521827
-11.7532604541
-11.7532687255
-11.7532769969
-11.7532852683
-11.7532935397
-11.7533018111
-11.7533100825
-11.7533183539
-11.7533266253
-11.7533348967
-11.7533431681
-11.7533514395
-11.7533597109
-11.7533679823
-11.7533762537
-11.7533845251
-11.7533927965
-11.7534010679
-11.7534093393
-11.7534176107
-11.7534258821
-11.7534341535
-11.7534424249
-11.7534506963
-11.7534589677
-11.7534672391
-11.7534755105
-11.7534837819
-11.7534920533
-11.7535003247
-11.7535085961
-11.7535168675
-11.7535251389
-11.7535334103
-11.7535416817
-11.7535499531
-11.7535582245
-11.7535664959
-11.7535747673
-11.7535830387
-11.7535913101
-11.7535995815
-11.7536078529
-11.7536161243
-11.753127097
-11.7531353684
-11.7531436398
-11.7531519112
-11.7531601826
-11.753168454
-11.7531767254
-11.7531849968
-11.7531932682
-11.7532015396
-11.753209811
-11.7532180824
-11.7532263538
-11.7532346252
-11.7532428966
-11.753251168
-11.7532594394
-11.7532677108
-11.7532759822
-11.7532842536
-11.753292525
-11.7533007964
-11.7533090678
-11.7533173392
-11.7533256106
-11.753333882
-11.7533421534
-11.7533504248
-11.7533586962
-11.7533669676
-11.753375239
-11.7533835104
-11.7533917818
-11.7534000532
-11.7534083246
-11.753416596
-11.7534248674
-11.7534331388
-11.7534414102
-11.7534496816
-11.753457953
-11.7534662244
-11.7534744958
-11.7534827672
-11.7534910386
-11.75349931
-11.7535075814
-11.7535158528
-11.7535241242
-11.7535323956
-11.753540667
-11.7535489384
-11.7535572098
-11.7535654813
-11.7535737527
-11.7535820241
-11.7535902955
-11.7535985669
-11.7536068383
-11.7536151097
-11.7531260823
-11.7531343537
-11.7531426251
-11.7531508965
-11.7531591679
-11.7531674393
-11.7531757107
-11.7531839821
-11.7531922535
-11.7532005249
-11.7532087964
-11.7532170678
-11.7532253392
-11.7532336106
-11.753241882
-11.7532501534
-11.7532584248
-11.7532666962
-11.7532749676
-11.753283239
-11.7532915104
-11.7532997818
-11.7533080532
-11.7533163246
-11.753324596
-11.7533328674
-11.7533411388
-11.7533494102
-11.7533576816
-11.753365953
-11.7533742244
-11.7533824958
-11.7533907672
-11.7533990386
-11.75340731
-11.7534155814
-11.7534238528
-11.7534321242
-11.7534403956
-11.753448667
-11.7534569384
-11.7534652098
-11.7534734812
-11.7534817526
-11.753490024
-11.7534982954
-11.7535065668
-11.7535148382
-11.7535231096
-11.753531381
-11.7535396524
-11.7535479238
-11.7535561952
-11.7535644666
-11.753572738
-11.7535810094
-11.7535892808
-11.7535975522
-11.7536058236
-11.753614095
-11.7531250677
-11.7531333391
-11.7531416105
-11.7531498819
-11.7531581533
-11.7531664247
-11.7531746961
-11.7531829675
-11.7531912389
-11.7531995103
-11.7532077817
-11.7532160531
-11.7532243245
-11.7532325959
-11.7532408673
-11.7532491387
-11.7532574101
-11.7532656815
-11.7532739529
-11.7532822243
-11.7532904957
-11.7532987671
-11.7533070385
-11.7533153099
-11.7533235813
-11.7533318527
-11.7533401241
-11.7533483955
-11.7533566669
-11.7533649383
-11.7533732097
-11.7533814811
-11.7533897525
-11.7533980239
-11.7534062953
-11.7534145667
-11.7534228381
-11.7534311095
-11.7534393809
-11.7534476523
-11.7534559237
-11.7534641951
-11.7534724665
-11.7534807379
-11.7534890093
-11.7534972807
-11.7535055521
-11.7535138235
-11.7535220949
-11.7535303663
-11.7535386377
-11.7535469091
-11.7535551805
-11.7535634519
-11.7535717233
-11.7535799947
-11.7535882661
-11.7535965375
-11.753604809
-11.7536130804
-11.753124053
-11.7531323244
-11.7531405958
-11.7531488672
-11.7531571386
-11.75316541
-11.7531736814
-11.7531819528
-11.7531902242
-11.7531984956
-11.753206767
-11.7532150384
-11.7532233098
-11.7532315812
-11.7532398526
-11.7532481241
-11.7532563955
-11.7532646669
-11.7532729383
-11.7532812097
-11.7532894811
-11.7532977525
-11.7533060239
-11.7533142953
-11.7533225667
-11.7533308381
-11.7533391095
-11.7533473809
-11.7533556523
-11.7533639237
-11.7533721951
-11.7533804665
-11.7533887379
-11.7533970093
-11.7534052807
-11.7534135521
-11.7534218235
-11.7534300949
-11.7534383663
-11.7534466377
-11.7534549091
-11.7534631805
-11.7534714519
-11.7534797233
-11.7534879947
-11.7534962661
-11.7535045375
-11.7535128089
-11.7535210803
-11.7535293517
-11.7535376231
-11.7535458945
-11.7535541659
-11.7535624373
-11.7535707087
-11.7535789801
-11.7535872515
-11.7535955229
-11.7536037943
-11.7536120657
-11.7531230384
-11.7531313098
-11.7531395812
-11.7531478526
-11.753156124
-11.7531643954
-11.7531726668
-11.7531809382
-11.7531892096
-11.753197481
-11.7532057524
-11.7532140238
-11.7532222952
-11.7532305666
-11.753238838
-11.7532471094
-11.7532553808
-11.7532636522
-11.7532719236
-11.753280195
-11.7532884664
-11.7532967378
-11.7533050092
-11.7533132806
-11.753321552
-11.7533298234
-11.7533380948
-11.7533463662
-11.7533546376
-11.753362909
-11.7533711804
-11.7533794518
-11.7533877232
-11.7533959946
-11.753404266
-11.7534125374
-11.7534208088
-11.7534290802
-11.7534373516
-11.753445623
-11.7534538944
-11.7534621658
-11.7534704372
-11.7534787086
-11.75348698
-11.7534952514
-11.7535035228
-11.7535117942
-11.7535200656
-11.753528337
-11.7535366084
-11.7535448798
-11.7535531512
-11.7535614226
-11.753569694
-11.7535779654
-11.7535862368
-11.7535945082
-11.7536027796
-11.753611051
-11.7531220237
-11.7531302951
-11.7531385665
-11.7531468379
-11.7531551093
-11.7531633807
-11.7531716521
-11.7531799235
-11.7531881949
-11.7531964663
-11.7532047377
-11.7532130091
-11.7532212805
-11.7532295519
-11.7532378233
-11.7532460947
-11.7532543661
-11.7532626375
-11.7532709089
-11.7532791804
-11.7532874518
-11.7532957232
-11.7533039946
-11.753312266
-11.7533205374
-11.7533288088
-11.7533370802
-11.7533453516
-11.753353623
-11.7533618944
-11.7533701658
-11.7533784372
-11.7533867086
-11.75339498
-11.7534032514
-11.7534115228
-11.7534197942
-11.7534280656
-11.753436337
-11.7534446084
-11.7534528798
-11.7534611512
-11.7534694226
-11.753477694
-11.7534859654
-11.7534942368
-11.7535025082
-11.7535107796
-11.753519051
-11.7535273224
-11.7535355938
-11.7535438652
-11.7535521366
-11.753560408
-11.7535686794
-11.7535769508
-11.7535852222
-11.7535934936
-11.753601765
-11.7536100364
-11.7531210091
-11.7531292805
-11.7531375519
-11.7531458233
-11.7531540947
-11.7531623661
-11.7531706375
-11.7531789089
-11.7531871803
-11.7531954517
-11.7532037231
-11.7532119945
-11.7532202659
-11.7532285373
-11.7532368087
-11.7532450801
-11.7532533515
-11.7532616229
-11.7532698943
-11.7532781657
-11.7532864371
-11.7532947085
-11.7533029799
-11.7533112513
-11.7533195227
-11.7533277941
-11.7533360655
-11.7533443369
-11.7533526083
-11.7533608797
-11.7533691511
-11.7533774225
-11.7533856939
-11.7533939653
-11.7534022367
-11.7534105081
-11.7534187795
-11.7534270509
-11.7534353223
-11.7534435937
-11.7534518651
-11.7534601365
-11.7534684079
-11.7534766793
-11.7534849507
-11.7534932221
-11.7535014935
-11.7535097649
-11.7535180363
-11.7535263077
-11.7535345791
-11.7535428505
-11.7535511219
-11.7535593933
-11.7535676647
-11.7535759361
-11.7535842075
-11.7535924789
-11.7536007503
-11.7536090217
-11.7531199944
-11.7531282658
-11.7531365372
-11.7531448086
-11.75315308
-11.7531613514
-11.7531696228
-11.7531778942
-11.7531861656
-11.753194437
-11.7532027084
-11.7532109798
-11.7532192512
-11.7532275226
-11.753235794
-11.7532440654
-11.7532523368
-11.7532606082
-11.7532688796
-11.753277151
-11.7532854224
-11.7532936938
-11.7533019652
-11.7533102366
-11.7533185081
-11.7533267795
-11.7533350509
-11.7533433223
-11.7533515937
-11.7533598651
-11.7533681365
-11.7533764079
-11.7533846793
-11.7533929507
-11.7534012221
-11.7534094935
-11.7534177649
-11.7534260363
-11.7534343077
-11.7534425791
-11.7534508505
-11.7534591219
-11.7534673933
-11.7534756647
-11.7534839361
-11.7534922075
-11.7535004789
-11.7535087503
-11.7535170217
-11.7535252931
-11.7535335645
-11.7535418359
-11.7535501073
-11.7535583787
-11.7535666501
-11.7535749215
-11.7535831929
-11.7535914643
-11.7535997357
-11.7536080071
-11.7531189798
-11.7531272512
-11.7531355226
-11.753143794
-11.7531520654
-11.7531603368
-11.7531686082
-11.7531768796
-11.753185151
-11.7531934224
-11.7532016938
-11.7532099652
-11.7532182366
-11.753226508
-11.7532347794
-11.7532430508
-11.7532513222
-11.7532595936
-11.753267865
-11.7532761364
-11.7532844078
-11.7532926792
-11.7533009506
-11.753309222
-11.7533174934
-11.7533257648
-11.7533340362
-11.7533423076
-11.753350579
-11.7533588504
-11.7533671218
-11.7533753932
-11.7533836646
-11.753391936
-11.7534002074
-11.7534084788
-11.7534167502
-11.7534250216
-11.753433293
-11.7534415644
-11.7534498358
-11.7534581072
-11.7534663786
-11.75347465
-11.7534829214
-11.7534911928
-11.7534994642
-11.7535077356
-11.753516007
-11.7535242784
-11.7535325498
-11.7535408212
-11.7535490926
-11.753557364
-11.7535656354
-11.7535739068
-11.7535821782
-11.7535904496
-11.753598721
-11.7536069924
-11.7531179651
-11.7531262365
-11.7531345079
-11.7531427793
-11.7531510507
-11.7531593221
-11.7531675935
-11.7531758649
-11.7531841363
-11.7531924077
-11.7532006791
-11.7532089505
-11.7532172219
-11.7532254933
-11.7532337647
-11.7532420361
-11.7532503075
-11.7532585789
-11.7532668503
-11.7532751217
-11.7532833931
-11.7532916645
-11.7532999359
-11.7533082073
-11.7533164787
-11.7533247501
-11.7533330215
-11.7533412929
-11.7533495643
-11.7533578358
-11.7533661072
-11.7533743786
-11.75338265
-11.7533909214
-11.7533991928
-11.7534074642
-11.7534157356
-11.753424007
-11.7534322784
-11.7534405498
-11.7534488212
-11.7534570926
-11.753465364
-11.7534736354
-11.7534819068
-11.7534901782
-11.7534984496
-11.753506721
-11.7535149924
-11.7535232638
-11.7535315352
-11.7535398066
-11.753548078
-11.7535563494
-11.7535646208
-11.7535728922
-11.7535811636
-11.753589435
-11.7535977064
-11.7536059778
-11.7531169505
-11.7531252219
-11.7531334933
-11.7531417647
-11.7531500361
-11.7531583075
-11.7531665789
-11.7531748503
-11.7531831217
-11.7531913931
-11.7531996645
-11.7532079359
-11.7532162073
-11.7532244787
-11.7532327501
-11.7532410215
-11.7532492929
-11.7532575643
-11.7532658357
-11.7532741071
-11.7532823785
-11.7532906499
-11.7532989213
-11.7533071927
-11.7533154641
-11.7533237355
-11.7533320069
-11.7533402783
-11.7533485497
-11.7533568211
-11.7533650925
-11.7533733639
-11.7533816353
-11.7533899067
-11.7533981781
-11.7534064495
-11.7534147209
-11.7534229923
-11.7534312637
-11.7534395351
-11.7534478065
-11.7534560779
-11.7534643493
-11.7534726207
-11.7534808921
-11.7534891635
-11.7534974349
-11.7535057063
-11.7535139777
-11.7535222491
-11.7535305205
-11.7535387919
-11.7535470633
-11.7535553347
-11.7535636061
-11.7535718775
-11.7535801489
-11.7535884203
-11.7535966917
-11.7536049631
-11.7531159358
-11.7531242072
-11.7531324786
-11.75314075
-11.7531490214
-11.7531572928
-11.7531655642
-11.7531738356
-11.753182107
-11.7531903784
-11.7531986498
-11.7532069212
-11.7532151926
-11.753223464
-11.7532317354
-11.7532400068
-11.7532482782
-11.7532565496
-11.753264821
-11.7532730924
-11.7532813638
-11.7532896352
-11.7532979066
-11.753306178
-11.7533144494
-11.7533227208
-11.7533309922
-11.7533392636
-11.753347535
-11.7533558064
-11.7533640778
-11.7533723492
-11.7533806206
-11.7533888921
-11.7533971635
-11.7534054349
-11.7534137063
-11.7534219777
-11.7534302491
-11.7534385205
-11.7534467919
-11.7534550633
-11.7534633347
-11.7534716061
-11.7534798775
-11.7534881489
-11.7534964203
-11.7535046917
-11.7535129631
-11.7535212345
-11.7535295059
-11.7535377773
-11.7535460487
-11.7535543201
-11.7535625915
-11.7535708629
-11.7535791343
-11.7535874057
-11.7535956771
-11.7536039485
-11.7531149212
-11.7531231926
-11.753131464
-11.7531397354
-11.7531480068
-11.7531562782
-11.7531645496
-11.753172821
-11.7531810924
-11.7531893638
-11.7531976352
-11.7532059066
-11.753214178
-11.7532224494
-11.7532307208
-11.7532389922
-11.7532472636
-11.753255535
-11.7532638064
-11.7532720778
-11.7532803492
-11.7532886206
-11.753296892
-11.7533051634
-11.7533134348
-11.7533217062
-11.7533299776
-11.753338249
-11.7533465204
-11.7533547918
-11.7533630632
-11.7533713346
-11.753379606
-11.7533878774
-11.7533961488
-11.7534044202
-11.7534126916
-11.753420963
-11.7534292344
-11.7534375058
-11.7534457772
-11.7534540486
-11.75346232
-11.7534705914
-11.7534788628
-11.7534871342
-11.7534954056
-11.753503677
-11.7535119484
-11.7535202198
-11.7535284912
-11.7535367626
-11.753545034
-11.7535533054
-11.7535615768
-11.7535698482
-11.7535781196
-11.753586391
-11.7535946624
-11.7536029338
-11.7531139065
-11.7531221779
-11.7531304493
-11.7531387207
-11.7531469921
-11.7531552635
-11.7531635349
-11.7531718063
-11.7531800777
-11.7531883491
-11.7531966205
-11.7532048919
-11.7532131633
-11.7532214347
-11.7532297061
-11.7532379775
-11.7532462489
-11.7532545203
-11.7532627917
-11.7532710631
-11.7532793345
-11.7532876059
-11.7532958773
-11.7533041487
-11.7533124201
-11.7533206915
-11.7533289629
-11.7533372343
-11.7533455057
-11.7533537771
-11.7533620485
-11.7533703199
-11.7533785913
-11.7533868627
-11.7533951341
-11.7534034055
-11.7534116769
-11.7534199483
-11.7534282198
-11.7534364912
-11.7534447626
-11.753453034
-11.7534613054
-11.7534695768
-11.7534778482
-11.7534861196
-11.753494391
-11.7535026624
-11.7535109338
-11.7535192052
-11.7535274766
-11.753535748
-11.7535440194
-11.7535522908
-11.7535605622
-11.7535688336
-11.753577105
-11.7535853764
-11.7535936478
-11.7536019192
-11.7531128919
-11.7531211633
-11.7531294347
-11.7531377061
-11.7531459775
-11.7531542489
-11.7531625203
-11.7531707917
-11.7531790631
-11.7531873345
-11.7531956059
-11.7532038773
-11.7532121487
-11.7532204201
-11.7532286915
-11.7532369629
-11.7532452343
-11.7532535057
-11.7532617771
-11.7532700485
-11.7532783199
-11.7532865913
-11.7532948627
-11.7533031341
-11.7533114055
-11.7533196769
-11.7533279483
-11.7533362197
-11.7533444911
-11.7533527625
-11.7533610339
-11.7533693053
-11.7533775767
-11.7533858481
-11.7533941195
-11.7534023909
-11.7534106623
-11.7534189337
-11.7534272051
-11.7534354765
-11.7534437479
-11.7534520193
-11.7534602907
-11.7534685621
-11.7534768335
-11.7534851049
-11.7534933763
-11.7535016477
-11.7535099191
-11.7535181905
-11.7535264619
-11.7535347333
-11.7535430047
-11.7535512761
-11.7535595475
-11.7535678189
-11.7535760903
-11.7535843617
-11.7535926331
-11.7536009045
-11.7531118772
-11.7531201486
-11.75312842
-11.7531366914
-11.7531449628
-11.7531532342
-11.7531615056
-11.753169777
-11.7531780484
-11.7531863198
-11.7531945912
-11.7532028626
-11.753211134
-11.7532194054
-11.7532276768
-11.7532359482
-11.7532442196
-11.753252491
-11.7532607624
-11.7532690338
-11.7532773052
-11.7532855766
-11.753293848
-11.7533021194
-11.7533103908
-11.7533186622
-11.7533269336
-11.753335205
-11.7533434764
-11.7533517478
-11.7533600192
-11.7533682906
-11.753376562
-11.7533848334
-11.7533931048
-11.7534013762
-11.7534096476
-11.753417919
-11.7534261904
-11.7534344618
-11.7534427332
-11.7534510046
-11.753459276
-11.7534675475
-11.7534758189
-11.7534840903
-11.7534923617
-11.7535006331
-11.7535089045
-11.7535171759
-11.7535254473
-11.7535337187
-11.7535419901
-11.7535502615
-11.7535585329
-11.7535668043
-11.7535750757
-11.7535833471
-11.7535916185
-11.7535998899
-11.7531108626
-11.753119134
-11.7531274054
-11.7531356768
-11.7531439482
-11.7531522196
-11.753160491
-11.7531687624
-11.7531770338
-11.7531853052
-11.7531935766
-11.753201848
-11.7532101194
-11.7532183908
-11.7532266622
-11.7532349336
-11.753243205
-11.7532514764
-11.7532597478
-11.7532680192
-11.7532762906
-11.753284562
-11.7532928334
-11.7533011048
-11.7533093762
-11.7533176476
-11.753325919
-11.7533341904
-11.7533424618
-11.7533507332
-11.7533590046
-11.753367276
-11.7533755474
-11.7533838188
-11.7533920902
-11.7534003616
-11.753408633
-11.7534169044
-11.7534251758
-11.7534334472
-11.7534417186
-11.75344999
-11.7534582614
-11.7534665328
-11.7534748042
-11.7534830756
-11.753491347
-11.7534996184
-11.7535078898
-11.7535161612
-11.7535244326
-11.753532704
-11.7535409754
-11.7535492468
-11.7535575182
-11.7535657896
-11.753574061
-11.7535823324
-11.7535906038
-11.7535988752
-11.7531098479
-11.7531181193
-11.7531263907
-11.7531346621
-11.7531429335
-11.7531512049
-11.7531594763
-11.7531677477
-11.7531760191
-11.7531842905
-11.7531925619
-11.7532008333
-11.7532091047
-11.7532173761
-11.7532256475
-11.7532339189
-11.7532421903
-11.7532504617
-11.7532587331
-11.7532670045
-11.7532752759
-11.7532835473
-11.7532918187
-11.7533000901
-11.7533083615
-11.7533166329
-11.7533249043
-11.7533331757
-11.7533414471
-11.7533497185
-11.7533579899
-11.7533662613
-11.7533745327
-11.7533828041
-11.7533910755
-11.7533993469
-11.7534076183
-11.7534158897
-11.7534241611
-11.7534324325
-11.7534407039
-11.7534489753
-11.7534572467
-11.7534655181
-11.7534737895
-11.7534820609
-11.7534903323
-11.7534986038
-11.7535068752
-11.7535151466
-11.753523418
-11.7535316894
-11.7535399608
-11.7535482322
-11.7535565036
-11.753564775
-11.7535730464
-11.7535813178
-11.7535895892
-11.7535978606
-11.7531088332
-11.7531171046
-11.753125376
-11.7531336474
-11.7531419189
-11.7531501903
-11.7531584617
-11.7531667331
-11.7531750045
-11.7531832759
-11.7531915473
-11.7531998187
-11.7532080901
-11.7532163615
-11.7532246329
-11.7532329043
-11.7532411757
-11.7532494471
-11.7532577185
-11.7532659899
-11.7532742613
-11.7532825327
-11.7532908041
-11.7532990755
-11.7533073469
-11.7533156183
-11.7533238897
-11.7533321611
-11.7533404325
-11.7533487039
-11.7533569753
-11.7533652467
-11.7533735181
-11.7533817895
-11.7533900609
-11.7533983323
-11.7534066037
-11.7534148751
-11.7534231465
-11.7534314179
-11.7534396893
-11.7534479607
-11.7534562321
-11.7534645035
-11.7534727749
-11.7534810463
-11.7534893177
-11.7534975891
-11.7535058605
-11.7535141319
-11.7535224033
-11.7535306747
-11.7535389461
-11.7535472175
-11.7535554889
-11.7535637603
-11.7535720317
-11.7535803031
-11.7535885745
-11.7535968459
-11.7531078186
-11.75311609
-11.7531243614
-11.7531326328
-11.7531409042
-11.7531491756
-11.753157447
-11.7531657184
-11.7531739898
-11.7531822612
-11.7531905326
-11.753198804
-11.7532070754
-11.7532153468
-11.7532236182
-11.7532318896
-11.753240161
-11.7532484324
-11.7532567038
-11.7532649752
-11.7532732466
-11.753281518
-11.7532897894
-11.7532980608
-11.7533063322
-11.7533146036
-11.753322875
-11.7533311464
-11.7533394178
-11.7533476892
-11.7533559606
-11.753364232
-11.7533725034
-11.7533807748
-11.7533890462
-11.7533973176
-11.753405589
-11.7534138604
-11.7534221318
-11.7534304032
-11.7534386746
-11.753446946
-11.7534552174
-11.7534634888
-11.7534717602
-11.7534800316
-11.753488303
-11.7534965744
-11.7535048458
-11.7535131172
-11.7535213886
-11.75352966
-11.7535379315
-11.7535462029
-11.7535544743
-11.7535627457
-11.7535710171
-11.7535792885
-11.7535875599
-11.7535958313
-11.7531068039
-11.7531150753
-11.7531233467
-11.7531316181
-11.7531398895
-11.7531481609
-11.7531564323
-11.7531647037
-11.7531729751
-11.7531812466
-11.753189518
-11.7531977894
-11.7532060608
-11.7532143322
-11.7532226036
-11.753230875
-11.7532391464
-11.7532474178
-11.7532556892
-11.7532639606
-11.753272232
-11.7532805034
-11.7532887748
-11.7532970462
-11.7533053176
-11.753313589
-11.7533218604
-11.7533301318
-11.7533384032
-11.7533466746
-11.753354946
-11.7533632174
-11.7533714888
-11.7533797602
-11.7533880316
-11.753396303
-11.7534045744
-11.7534128458
-11.7534211172
-11.7534293886
-11.75343766
-11.7534459314
-11.7534542028
-11.7534624742
-11.7534707456
-11.753479017
-11.7534872884
-11.7534955598
-11.7535038312
-11.7535121026
-11.753520374
-11.7535286454
-11.7535369168
-11.7535451882
-11.7535534596
-11.753561731
-11.7535700024
-11.7535782738
-11.7535865452
-11.7535948166
-11.7531057893
-11.7531140607
-11.7531223321
-11.7531306035
-11.7531388749
-11.7531471463
-11.7531554177
-11.7531636891
-11.7531719605
-11.7531802319
-11.7531885033
-11.7531967747
-11.7532050461
-11.7532133175
-11.7532215889
-11.7532298603
-11.7532381317
-11.7532464031
-11.7532546745
-11.7532629459
-11.7532712173
-11.7532794887
-11.7532877601
-11.7532960315
-11.7533043029
-11.7533125743
-11.7533208457
-11.7533291171
-11.7533373885
-11.7533456599
-11.7533539313
-11.7533622027
-11.7533704741
-11.7533787455
-11.7533870169
-11.7533952883
-11.7534035597
-11.7534118311
-11.7534201025
-11.7534283739
-11.7534366453
-11.7534449167
-11.7534531881
-11.7534614595
-11.7534697309
-11.7534780023
-11.7534862737
-11.7534945451
-11.7535028165
-11.7535110879
-11.7535193593
-11.7535276307
-11.7535359021
-11.7535441735
-11.7535524449
-11.7535607163
-11.7535689877
-11.7535772592
-11.7535855306
-11.753593802
-11.7531047746
-11.753113046
-11.7531213174
-11.7531295888
-11.7531378602
-11.7531461316
-11.753154403
-11.7531626744
-11.7531709458
-11.7531792172
-11.7531874886
-11.75319576
-11.7532040314
-11.7532123028
-11.7532205743
-11.7532288457
-11.7532371171
-11.7532453885
-11.7532536599
-11.7532619313
-11.7532702027
-11.7532784741
-11.7532867455
-11.7532950169
-11.7533032883
-11.7533115597
-11.7533198311
-11.7533281025
-11.7533363739
-11.7533446453
-11.7533529167
-11.7533611881
-11.7533694595
-11.7533777309
-11.7533860023
-11.7533942737
-11.7534025451
-11.7534108165
-11.7534190879
-11.7534273593
-11.7534356307
-11.7534439021
-11.7534521735
-11.7534604449
-11.7534687163
-11.7534769877
-11.7534852591
-11.7534935305
-11.7535018019
-11.7535100733
-11.7535183447
-11.7535266161
-11.7535348875
-11.7535431589
-11.7535514303
-11.7535597017
-11.7535679731
-11.7535762445
-11.7535845159
-11.7535927873
-11.75310376
-11.7531120314
-11.7531203028
-11.7531285742
-11.7531368456
-11.753145117
-11.7531533884
-11.7531616598
-11.7531699312
-11.7531782026
-11.753186474
-11.7531947454
-11.7532030168
-11.7532112882
-11.7532195596
-11.753227831
-11.7532361024
-11.7532443738
-11.7532526452
-11.7532609166
-11.753269188
-11.7532774594
-11.7532857308
-11.7532940022
-11.7533022736
-11.753310545
-11.7533188164
-11.7533270878
-11.7533353592
-11.7533436306
-11.753351902
-11.7533601734
-11.7533684448
-11.7533767162
-11.7533849876
-11.753393259
-11.7534015304
-11.7534098018
-11.7534180732
-11.7534263446
-11.753434616
-11.7534428874
-11.7534511588
-11.7534594302
-11.7534677016
-11.753475973
-11.7534842444
-11.7534925158
-11.7535007872
-11.7535090586
-11.75351733
-11.7535256014
-11.7535338728
-11.7535421442
-11.7535504156
-11.753558687
-11.7535669584
-11.7535752298
-11.7535835012
-11.7535917726
-11.7531027453
-11.7531110167
-11.7531192881
-11.7531275595
-11.7531358309
-11.7531441023
-11.7531523737
-11.7531606451
-11.7531689165
-11.7531771879
-11.7531854593
-11.7531937307
-11.7532020021
-11.7532102735
-11.7532185449
-11.7532268163
-11.7532350877
-11.7532433591
-11.7532516306
-11.753259902
-11.7532681734
-11.7532764448
-11.7532847162
-11.7532929876
-11.753301259
-11.7533095304
-11.7533178018
-11.7533260732
-11.7533343446
-11.753342616
-11.7533508874
-11.7533591588
-11.7533674302
-11.7533757016
-11.753383973
-11.7533922444
-11.7534005158
-11.7534087872
-11.7534170586
-11.75342533
-11.7534336014
-11.7534418728
-11.7534501442
-11.7534584156
-11.753466687
-11.7534749584
-11.7534832298
-11.7534915012
-11.7534997726
-11.753508044
-11.7535163154
-11.7535245868
-11.7535328582
-11.7535411296
-11.753549401
-11.7535576724
-11.7535659438
-11.7535742152
-11.7535824866
-11.753590758
-11.7531017307
-11.7531100021
-11.7531182735
-11.7531265449
-11.7531348163
-11.7531430877
-11.7531513591
-11.7531596305
-11.7531679019
-11.7531761733
-11.7531844447
-11.7531927161
-11.7532009875
-11.7532092589
-11.7532175303
-11.7532258017
-11.7532340731
-11.7532423445
-11.7532506159
-11.7532588873
-11.7532671587
-11.7532754301
-11.7532837015
-11.7532919729
-11.7533002443
-11.7533085157
-11.7533167871
-11.7533250585
-11.7533333299
-11.7533416013
-11.7533498727
-11.7533581441
-11.7533664155
-11.7533746869
-11.7533829583
-11.7533912297
-11.7533995011
-11.7534077725
-11.7534160439
-11.7534243153
-11.7534325867
-11.7534408581
-11.7534491295
-11.7534574009
-11.7534656723
-11.7534739437
-11.7534822151
-11.7534904865
-11.7534987579
-11.7535070293
-11.7535153007
-11.7535235721
-11.7535318435
-11.7535401149
-11.7535483863
-11.7535566577
-11.7535649291
-11.7535732005
-11.7535814719
-11.7535897433
-11.753100716
-11.7531089874
-11.7531172588
-11.7531255302
-11.7531338016
-11.753142073
-11.7531503444
-11.7531586158
-11.7531668872
-11.7531751586
-11.75318343
-11.7531917014
-11.7531999728
-11.7532082442
-11.7532165156
-11.753224787
-11.7532330584
-11.7532413298
-11.7532496012
-11.7532578726
-11.753266144
-11.7532744154
-11.7532826868
-11.7532909583
-11.7532992297
-11.7533075011
-11.7533157725
-11.7533240439
-11.7533323153
-11.7533405867
-11.7533488581
-11.7533571295
-11.7533654009
-11.7533736723
-11.7533819437
-11.7533902151
-11.7533984865
-11.7534067579
-11.7534150293
-11.7534233007
-11.7534315721
-11.7534398435
-11.7534481149
-11.7534563863
-11.7534646577
-11.7534729291
-11.7534812005
-11.7534894719
-11.7534977433
-11.7535060147
-11.7535142861
-11.7535225575
-11.7535308289
-11.7535391003
-11.7535473717
-11.7535556431
-11.7535639145
-11.7535721859
-11.7535804573
-11.7535887287
-11.7530997014
-11.7531079728
-11.7531162442
-11.7531245156
-11.753132787
-11.7531410584
-11.7531493298
-11.7531576012
-11.7531658726
-11.753174144
-11.7531824154
-11.7531906868
-11.7531989582
-11.7532072296
-11.753215501
-11.7532237724
-11.7532320438
-11.7532403152
-11.7532485866
-11.753256858
-11.7532651294
-11.7532734008
-11.7532816722
-11.7532899436
-11.753298215
-11.7533064864
-11.7533147578
-11.7533230292
-11.7533313006
-11.753339572
-11.7533478434
-11.7533561148
-11.7533643862
-11.7533726576
-11.753380929
-11.7533892004
-11.7533974718
-11.7534057432
-11.7534140146
-11.753422286
-11.7534305574
-11.7534388288
-11.7534471002
-11.7534553716
-11.753463643
-11.7534719144
-11.7534801858
-11.7534884572
-11.7534967286
-11.753505
-11.7535132714
-11.7535215428
-11.7535298142
-11.7535380856
-11.753546357
-11.7535546284
-11.7535628998
-11.7535711712
-11.7535794426
-11.753587714
-11.7530986867
-11.7531069581
-11.7531152295
-11.7531235009
-11.7531317723
-11.7531400437
-11.7531483151
-11.7531565865
-11.7531648579
-11.7531731293
-11.7531814007
-11.7531896721
-11.7531979435
-11.7532062149
-11.7532144863
-11.7532227577
-11.7532310291
-11.7532393005
-11.7532475719
-11.7532558433
-11.7532641147
-11.7532723861
-11.7532806575
-11.7532889289
-11.7532972003
-11.7533054717
-11.7533137431
-11.7533220145
-11.753330286
-11.7533385574
-11.7533468288
-11.7533551002
-11.7533633716
-11.753371643
-11.7533799144
-11.7533881858
-11.7533964572
-11.7534047286
-11.753413
-11.7534212714
-11.7534295428
-11.7534378142
-11.7534460856
-11.753454357
-11.7534626284
-11.7534708998
-11.7534791712
-11.7534874426
-11.753495714
-11.7535039854
-11.7535122568
-11.7535205282
-11.7535287996
-11.753537071
-11.7535453424
-11.7535536138
-11.7535618852
-11.7535701566
-11.753578428
-11.7535866994
