-11.7554428724
-11.7553728854
-11.7553028984
-11.7552329115
-11.7551629245
-11.7550929375
-11.7550229505
-11.7549529635
-11.7548829766
-11.7548129896
-11.7547430026
-11.7546730156
-11.7546030286
-11.7545330417
-11.7544630547
-11.7543930677
-11.7543230807
-11.7542530937
-11.7541831068
-11.7541131198
-11.7540431328
-11.7539731458
-11.7539031589
-11.7538331719
-11.7537631849
-11.7536931979
-11.7536232109
-11.753553224
-11.753483237
-11.75341325
-11.753343263
-11.753273276
-11.7532032891
-11.7531333021
-11.7530633151
-11.7529933281
-11.7529233411
-11.7528533542
-11.7527833672
-11.7527133802
-11.7526433932
-11.7525734062
-11.7525034193
-11.7524334323
-11.7523634453
-11.7522934583
-11.7522234714
-11.7521534844
-11.7520834974
-11.7520135104
-11.7519435234
-11.7518735365
-11.7518035495
-11.7517335625
-11.7516635755
-11.7515935885
-11.7515236016
-11.7514536146
-11.7513836276
-11.7513136406
