109.391345668
109.391242797
109.391139926
109.391037055
109.390934184
109.390831313
109.390728442
109.390625572
109.390522701
109.39041983
109.390316959
109.390214088
109.390111217
109.390008346
109.389905475
109.389802604
109.389699734
109.389596863
109.389493992
109.389391121
109.38928825
109.389185379
109.389082508
109.388979637
109.388876766
109.388773895
109.388671025
109.388568154
109.388465283
109.388362412
109.388259541
109.38815667
109.388053799
109.387950928
109.387848057
109.387745186
109.387642316
109.387539445
109.387436574
109.387333703
109.387230832
109.387127961
109.38702509
109.386922219
109.386819348
109.386716478
109.386613607
109.386510736
109.386407865
109.386304994
