0
2
9
11
4
0
5
13
14
6
0
0
2
2
1
0
0
0
1
0
3
9
12
10
6
5
4
2
2
4
9
7
0
0
0
0
2
3
6
11
4
0
0
3
8
4
0
4
7
8
4
0
0
0
1
0
1
3
6
4
0
1
3
1
0
0
1
0
0
0
0
0
7
6
0
7
0
0
0
4
7
0
0
4
5
5
2
0
0
0
0
2
0
0
6
6
2
0
0
0
0
0
0
0
0
0
1
0
1
5
7
3
0
1
2
5
7
0
0
3
1
0
0
0
0
1
1
1
0
0
3
6
3
1
2
1
0
0
0
0
0
2
6
6
3
6
8
0
0
2
4
5
5
0
0
1
0
0
0
0
0
0
0
0
0
2
5
5
2
1
0
3
2
1
0
0
0
4
9
10
8
7
6
0
0
1
1
1
3
0
4
0
0
0
0
0
0
0
0
0
0
2
4
4
2
1
0
5
5
5
3
0
0
2
6
6
7
7
7
6
0
1
0
0
2
2
4
0
0
5
6
6
5
5
2
0
0
0
0
2
2
1
1
5
6
7
5
2
0
2
2
0
0
4
12
14
5
3
0
0
4
3
6
2
6
10
11
9
7
4
4
0
0
0
0
0
1
4
2
2
5
6
5
3
2
1
0
0
0
2
8
11
5
5
3
6
9
7
7
8
9
14
15
14
11
6
3
2
4
1
0
0
0
3
2
0
1
2
1
5
6
5
3
0
1
1
1
4
0
4
6
10
13
9
7
6
9
16
21
23
22
15
8
7
8
4
0
0
0
0
0
0
0
0
0
4
8
9
7
2
0
2
2
0
2
6
10
12
14
13
9
11
11
20
28
29
27
21
9
10
10
7
1
0
0
0
0
2
2
1
0
3
10
12
9
1
2
2
3
0
2
5
6
8
9
12
10
14
16
27
34
34
32
28
19
15
14
10
5
2
1
0
0
1
5
5
0
1
4
6
5
0
6
4
4
3
4
5
5
6
8
13
15
11
15
28
36
33
30
28
24
28
22
14
9
10
11
6
0
2
6
7
1
0
0
2
2
1
9
6
5
5
5
6
8
11
12
16
16
13
18
31
38
33
28
32
35
40
28
17
12
12
11
7
4
4
7
7
2
0
0
1
2
2
8
6
4
4
3
6
12
18
18
17
15
14
16
25
31
27
25
34
43
47
34
24
19
13
5
3
7
6
5
2
0
0
0
1
0
2
4
4
4
6
4
7
15
23
20
15
13
10
10
18
23
22
24
37
49
53
45
39
31
19
5
0
5
5
3
0
0
0
0
0
0
0
2
5
7
10
6
7
15
21
17
13
13
17
13
19
25
24
29
47
61
65
64
60
48
33
18
7
1
4
1
0
0
2
2
2
0
0
1
6
11
11
7
6
11
13
11
8
11
16
12
14
22
23
29
47
61
77
80
76
60
45
33
18
3
2
2
2
4
4
5
2
2
3
0
6
8
17
11
1
1
8
5
3
13
15
20
18
11
9
21
41
54
73
91
89
71
62
46
24
14
9
9
9
8
10
3
0
0
5
6
10
10
15
14
7
5
12
11
6
10
17
20
19
11
7
14
28
42
56
79
88
79
68
52
32
24
18
15
13
11
10
5
0
0
6
7
9
7
10
12
8
4
7
9
4
3
12
15
15
11
7
11
23
36
45
65
73
68
58
45
34
34
17
13
10
8
10
4
0
0
2
11
13
11
7
7
6
3
1
1
1
3
7
8
10
10
6
7
18
31
38
50
54
51
44
32
29
30
15
9
4
4
8
6
0
0
0
9
13
12
7
4
5
6
2
0
0
6
9
9
9
8
5
3
11
20
26
33
39
42
41
33
25
22
15
10
4
4
11
10
1
0
0
5
11
12
8
3
6
11
6
0
2
7
10
11
10
8
6
6
9
14
18
22
28
35
40
40
34
25
21
15
10
7
9
9
1
0
5
13
18
19
12
5
7
11
7
7
9
7
9
11
10
8
9
12
16
16
11
15
21
28
34
42
42
36
28
27
20
9
6
4
1
2
7
16
20
21
19
11
9
8
7
12
16
8
10
12
11
10
13
17
17
13
2
8
19
26
29
38
42
35
34
36
28
14
5
1
3
9
6
11
12
15
12
11
5
4
10
11
9
10
14
12
11
11
10
13
17
16
8
5
12
18
28
35
37
43
37
33
24
14
10
7
4
6
4
10
8
7
8
8
3
0
5
6
5
7
11
9
12
13
10
10
14
17
8
9
16
19
21
29
33
43
39
36
28
20
17
13
9
10
10
9
10
11
5
6
2
0
6
6
6
7
7
7
12
13
4
1
6
12
9
13
21
19
17
22
29
41
45
43
33
25
21
14
7
7
10
10
14
15
7
7
2
2
5
4
4
7
3
3
8
10
2
0
5
12
12
13
22
22
20
22
25
40
50
47
38
30
24
14
6
5
11
9
10
8
10
9
4
4
6
2
1
5
1
0
4
8
5
5
13
19
14
9
16
22
24
23
26
38
46
45
37
32
27
17
9
11
12
5
7
3
9
7
3
4
10
7
5
11
6
2
2
3
4
8
15
17
14
9
14
20
26
26
27
36
39
40
36
29
24
14
11
14
14
9
11
8
9
6
2
5
12
10
8
16
11
7
4
2
2
9
15
14
12
12
18
18
19
26
28
33
37
37
34
28
21
12
10
19
22
18
17
11
12
8
4
8
11
6
1
5
9
8
5
2
4
14
20
17
9
16
22
14
12
23
26
27
35
35
33
30
23
14
16
27
31
27
18
14
11
10
13
15
14
8
1
1
9
0
3
6
2
9
20
18
11
13
13
16
21
19
18
22
31
32
31
29
27
21
14
18
16
19
13
13
17
18
21
21
18
14
8
7
13
4
4
5
3
9
18
15
16
17
16
17
21
19
18
22
24
32
31
28
30
30
28
25
15
