0.465231302413 0.459264343894 0.453297385373 0.447330426853 0.391223642929 0.39125103519 0.394516900562 0.40140252614 0.437931880357 0.428897340469 0.394605805082 0.399265009392 0.418810056681 0.420329798155 0.429094007521 0.442136994817 0.435716955062 0.420904265687 0.461759561186 0.446735481601 0.556252987881 0.594940590404 0.633628192927 0.538406021133 0.11705051015 0.265503834438 0.67158722679 0.699324853971 0.987417163395 0.442213600286 0.669000485315 0.664785752201 0.580026853117 0.564986910564 0.571214232591 0.532268151385
0.500508674884 0.505169566083 0.490565274298 0.47797202892 0.384825011145 0.388090876515 0.391356741886 0.381163964452 0.412336844673 0.431686958838 0.4151103342 0.407057889543 0.403878448313 0.404178680131 0.44158155938 0.398887146547 0.400555769801 0.452447554236 0.461649818962 0.412980631595 0.48046898859 0.522324059426 0.208625313358 0.163732123939 0.217900426436 0.191988572101 0.583435411659 0.904180418008 0.840499565961 0.894773296983 0.632099674636 0.637128141596 0.575934208622 0.564369068793 0.598338605924 0.570987536397
0.533406923452 0.475076625025 0.494080455057 0.404303253983 0.404920012909 0.410455590601 0.405811252779 0.388236734969 0.398755141604 0.407360093734 0.416722517255 0.399379166133 0.396270517345 0.412136366364 0.421243659076 0.408781560904 0.446873959406 0.462928956442 0.430583947236 0.46117218689 0.500420730275 0.25470484365 0.20981165423 0.215341770974 0.502128215393 0.512997546303 0.470813013376 0.555791396024 0.569827574893 0.571880751152 0.671480419944 0.655993024361 0.578865107011 0.569377215855 0.59700556798 0.587496865304
0.537183059005 0.520804136009 0.504425213014 0.405018285077 0.4033861849 0.410485900599 0.435821042338 0.40449327941 0.415114578513 0.431464625129 0.407955900395 0.441334033603 0.446106202851 0.452432003197 0.447057184049 0.458004832013 0.478229559093 0.442831421744 0.458159724731 0.464976397142 0.391885367131 0.446042998996 0.31137097736 0.460358226627 0.4623602986 0.464362370571 0.521197992002 0.545911605781 0.558419005967 0.596202872325 0.617379500288 0.635035765239 0.616490622414 0.577953012692 0.595046764412 0.575370792011
0.504706720285 0.496502241834 0.508439291382 0.342232643027 0.370179684545 0.409330968724 0.421409161274 0.417038179408 0.390973509876 0.44985493023 0.402104559897 0.458602344049 0.484742067453 0.485977039581 0.504665702537 0.480637416527 0.412265746022 0.459755525601 0.468279205656 0.41125255343 0.357449276868 0.487851730522 0.475266766061 0.475677442546 0.474367136329 0.483033074263 0.52651435097 0.53767155051 0.586226589916 0.600657311214 0.61508803251 0.630864477822 0.613960369352 0.597437038213 0.588887636803 0.576408553015
0.439141884165 0.442892166133 0.32436899109 0.348487703413 0.372606415737 0.456076666785 0.416567849788 0.422875835523 0.440553065644 0.446104889128 0.46826112458 0.426884783446 0.442063895061 0.495059611712 0.481066976569 0.453347685896 0.416884880062 0.42669463614 0.452040317258 0.433529429998 0.491762238786 0.493064431664 0.494366624541 0.477127839733 0.480864278363 0.489746466256 0.482746555915 0.502103758372 0.485841740363 0.491390699362 0.496939658363 0.662309219068 0.573959276478 0.598957282885 0.603589036841 0.569421078536
0.594126526838 0.568727400639 0.260301700421 0.2993874687 0.389209132935 0.423906139735 0.452482119854 0.459995800323 0.440590365393 0.452196600684 0.464639432221 0.478272525541 0.480086584924 0.511875767717 0.488124039992 0.468050113319 0.470446623052 0.421794822711 0.393987709664 0.507242471223 0.525929030416 0.537538762346 0.42611622956 0.425001926361 0.423887623161 0.472809482705 0.47609834602 0.481241109992 0.486790068992 0.482915582845 0.487372194226 0.691999700812 0.568995798742 0.587854604703 0.590474701959 0.577521699196
0.638354797613 0.678942933812 0.637669582054 0.515926804238 0.430031570745 0.38095953375 0.455958323737 0.466917716996 0.469561877896 0.467084571947 0.522130904857 0.41550928278 0.440361698147 0.48889259596 0.473063222391 0.499191674415 0.478744512401 0.427705634838 0.478941187066 0.45817264309 0.516824653791 0.47893752311 0.491753184646 0.499671305604 0.484492639992 0.464265749582 0.462798110635 0.468602955644 0.454469646733 0.472039359119 0.473967791121 0.634827180962 0.570073185626 0.563848886475 0.601205219923 0.587342983904
0.772270837465 0.625743892034 0.625671861691 0.587367907287 0.558026173558 0.431528745956 0.419210857605 0.420703227018 0.38083594019 0.412681083465 0.477012190553 0.447758436616 0.437963153081 0.431239689053 0.443198057049 0.453167547243 0.464184995369 0.44451881225 0.476790443908 0.488725676305 0.496843454108 0.471299560895 0.490041866215 0.476007043935 0.4932949899 0.47333334563 0.472867966889 0.474135596025 0.467153843073 0.467962880789 0.463993972319 0.627330033142 0.562184474169 0.565295138624 0.57161067565 0.586648768827
0.669865353147 0.645661049838 0.615445602666 0.675035448961 0.572892467717 0.536787238282 0.419643626405 0.361736328041 0.38951159531 0.463885399626 0.433117360652 0.456863267306 0.462013148186 0.439651515326 0.445681203424 0.439127719561 0.444264413631 0.448986092901 0.469245681248 0.46491239263 0.487639019359 0.477529339927 0.522659384305 0.53700086189 0.460311258035 0.458609690433 0.465981553164 0.467819732575 0.469657911985 0.468720801076 0.422455451501 0.585829823469 0.586680078478 0.560055026849 0.565102004192 0.584776374972
0.679650217692 0.589825197651 0.437779713302 0.637458363808 0.664252938883 0.614030909167 0.461831301677 0.424243887326 0.499506173739 0.451959543975 0.422189640405 0.412257950218 0.463156544074 0.452686348639 0.477098366476 0.44605988113 0.451529627752 0.493081830461 0.437360585405 0.441000806749 0.44585226014 0.478481624438 0.482245087811 0.518435261079 0.477711731198 0.475209233421 0.445033912556 0.428110388173 0.425168876234 0.422227364295 0.404877739275 0.399366738806 0.580049318406 0.564912799152 0.560887403726 0.564117719736
0.655538914308 0.29993727121 0.353659512139 0.363734305199 0.374911017682 0.385863562359 0.545963618158 0.626916104133 0.515221786386 0.495254178715 0.459304150208 0.475185101426 0.473751147238 0.492985588171 0.493562905333 0.454490699105 0.499213647134 0.485453669673 0.445394157004 0.429541525872 0.442364151219 0.441547412675 0.447873115722 0.451593216888 0.446864723809 0.416714639516 0.422114215141 0.422817669318 0.371384434655 0.432144946624 0.42645968323 0.420774419835 0.543796569494 0.557832407074 0.555773185288 0.567999081304
0.630326824881 0.610217965766 0.345846875718 0.252564350798 0.418922782723 0.429854831267 0.563460378025 0.484874449132 0.462626266796 0.471218363554 0.48008651294 0.508779596945 0.473943245537 0.479359920161 0.472410523458 0.517078493745 0.532663595993 0.492299208959 0.479725468693 0.411547808349 0.412746237151 0.424195721432 0.435921109527 0.439831178784 0.489633689075 0.499081094967 0.50852850086 0.517975906752 0.483665672916 0.532252851317 0.541108347679 0.590783239389 0.556128243184 0.575712857447 0.554601061807 0.570267604521
0.636196928349 0.535946401833 0.0925667481879 0.143440907968 0.20168119529 0.599719317471 0.50768733729 0.477478353753 0.404665010234 0.399150381123 0.443398555265 0.45073748644 0.460146680296 0.49749018845 0.479758710515 0.44773823456 0.490252302107 0.483904311701 0.450409472582 0.4212050092 0.428568916479 0.42581862369 0.438271984885 0.44204028378 0.486240958771 0.499050407741 0.511859856712 0.529091905169 0.637149496254 0.53066798876 0.605609235426 0.625762178023 0.627097798774 0.572071322029 0.551577025046 0.545280427899
0.705115718773 0.630216639963 0.177997082848 0.272091744202 0.464381694105 0.457350304887 0.521213584862 0.421500956816 0.44277774737 0.417897059957 0.42134337943 0.413387006274 0.453117085926 0.473081278978 0.412591071235 0.428278567278 0.470047362327 0.502503533055 0.465098063983 0.442592516988 0.435298294164 0.426669923926 0.482951783689 0.491920151665 0.491494670387 0.504304119358 0.517113568329 0.437355110507 0.479697188616 0.482159892805 0.42417908279 0.573836969235 0.509554970727 0.567527907328 0.577423504306 0.543897096799
0.734793647844 0.726510393458 0.260919539591 0.392948172804 0.399168785977 0.369751370616 0.343377162754 0.456027934436 0.457710345785 0.425994606872 0.436606824855 0.421974873643 0.415708314646 0.418736949099 0.444492851861 0.448406042761 0.41080068665 0.445444656368 0.520699429207 0.496509399272 0.493007618485 0.487965293459 0.469636648348 0.458702753233 0.454387219913 0.440936848647 0.457307180543 0.452276722221 0.434185878053 0.430941888133 0.427697898212 0.503519903033 0.510467979289 0.536398008688 0.569860556829 0.555534781791
0.750082932742 0.771307329705 0.394340839593 0.40318303659 0.338745027485 0.34933760312 0.35399234485 0.395402943157 0.403722326796 0.446906256109 0.422840534902 0.429691714272 0.405353906538 0.418746158198 0.406442975745 0.43443719695 0.471969620359 0.390503903749 0.429704519239 0.507887810087 0.503812999754 0.496647421222 0.471253016933 0.457086379925 0.462805456372 0.461705430039 0.452078655296 0.442451880552 0.432825105809 0.423198331066 0.413571556323 0.550794131585 0.54461061669 0.516950556639 0.547197678031 0.566529316375
0.779125899273 0.806182794779 0.557648939932 0.537533498256 0.326001832162 0.341533445716 0.356243016801 0.389302542295 0.433583249022 0.430312030185 0.438490575334 0.435695890905 0.432934436255 0.421847386958 0.452366134384 0.362698823493 0.379446161531 0.468258180709 0.380811710895 0.412796710055 0.462623797289 0.421674929289 0.392062137289 0.513796290911 0.508474224697 0.527020317997 0.464132205113 0.45450543037 0.444878655625 0.435251880882 0.42562510614 0.415998331396 0.605231871429 0.615797133221 0.526939702914 0.55821327451
0.677376638402 0.816428817396 0.817827460746 0.407554684651 0.406130417003 0.328459478727 0.345206141416 0.368835296676 0.451460668631 0.4353259543 0.435137781267 0.432422335915 0.422186277762 0.402177232688 0.391747554666 0.375300983417 0.414301116678 0.477035804389 0.42099454608 0.417790710336 0.425998883496 0.465276558428 0.387867837377 0.292318805906 0.491186513565 0.509732606865 0.528278700165 0.546824793464 0.565370886764 0.583916980063 0.602463073363 0.649117245494 0.670342937589 0.635467827098 0.528208108111 0.598782487069
0.70282571473 0.799672792599 0.75683621875 0.675179170209 0.365506509026 0.322019267499 0.349376117741 0.386399140966 0.396176449421 0.422498238118 0.421909839739 0.408731200098 0.409358434319 0.38956793677 0.422035058692 0.358515888179 0.348386617177 0.473963308411 0.446799290987 0.428881493397 0.426212951084 0.433720872586 0.471650375899 0.512166754691 0.484725105133 0.492444895733 0.510990989032 0.529537082332 0.548083175631 0.56662926893 0.58517536223 0.634304477123 0.655530169219 0.676755861314 0.709981246933 0.596592242017
0.611735458781 0.662865313017 0.78625475997 0.662252710488 0.638897472332 0.314453253145 0.370854279877 0.396510269752 0.498295549567 0.426017273908 0.412838634267 0.397001747838 0.422270599719 0.416144926041 0.407621454298 0.384254118077 0.373120537661 0.456540499273 0.465965122687 0.431295956219 0.427755888678 0.425271821838 0.423250311797 0.421228801755 0.431066603214 0.40969043845 0.429079803021 0.5122493712 0.5307954645 0.549341557799 0.567887651098 0.619491708753 0.640717400849 0.661943092943 0.639547213526 0.571773710044
0.609043120304 0.634228338395 0.899050664258 0.67152310947 0.676982645982 0.387216534562 0.388385181891 0.52271819723 0.499605278592 0.416946068437 0.397877811277 0.460520572629 0.424213294452 0.401731321647 0.415996318871 0.399925052961 0.421913797269 0.400474392781 0.433844218904 0.441207282525 0.440129108477 0.435842143256 0.414801261048 0.412779751006 0.420315300365 0.417835972684 0.419418050001 0.417634150495 0.627014068647 0.587695884449 0.622753664047 0.604678940383 0.625904632478 0.647130324573 0.619789901847 0.561795816229
0.633826402043 0.664559603521 0.72724823877 0.882616414271 0.698238600484 0.669444891922 0.38142874136 0.524027926255 0.496031262925 0.499460884854 0.488954779966 0.470432522587 0.395841188997 0.417028308968 0.407444325574 0.372471396516 0.433826725077 0.373038011324 0.408924236712 0.453002848843 0.451924674795 0.450846500747 0.418881017887 0.404330700256 0.409563997516 0.407084669836 0.404605342155 0.406948825717 0.405164926212 0.403381026706 0.684019390528 0.636092953805 0.611091864108 0.557789588208 0.574546516987 0.53597461221
0.632990496036 0.657765259412 0.731812608862 0.886737965103 0.710214882396 0.712634178582 0.659143868831 0.508032550474 0.52618885224 0.517388987303 0.498866729924 0.480344472546 0.38274138553 0.486741877532 0.379994119989 0.382742979961 0.455886346788 0.434357468037 0.386580281787 0.415803293139 0.463720241113 0.462642067065 0.431017462937 0.413523519989 0.398812694668 0.396333366987 0.393854039306 0.391374711625 0.394479601435 0.392695701929 0.390911802424 0.38912790292 0.469427843473 0.539353216306 0.556110145085 0.616388534874
0.628361094872 0.683813357264 0.785255162864 0.864860519375 0.714817745833 0.715715779668 0.673770298751 0.552916819624 0.545823194643 0.527300937263 0.508778679882 0.696169961674 0.51086654426 0.618418234687 0.390265703434 0.488895967076 0.477945968498 0.456417089748 0.35975715352 0.40012255225 0.47551580743 0.474437633382 0.473359459334 0.42898361083 0.413592095479 0.412089962058 0.383102736458 0.380623408777 0.378144081096 0.382010377152 0.380226477647 0.378442578141 0.467896991842 0.614042823062 0.627669017643 0.653144736562
0.733574011132 0.857111171489 0.805118010206 0.82964171617 0.850200470579 0.715512699085 0.722720434736 0.693608991077 0.555735144597 0.741877619132 0.710786311722 0.714952253567 0.68366861489 0.661007391192 0.638346167495 0.523709457761 0.579374448235 0.478476711458 0.278984444726 0.373299423983 0.531171208005 0.4862331997 0.485155025652 0.424689603837 0.412804212978 0.408316883768 0.406814750346 0.369872105928 0.367392778247 0.364913450567 0.36954115287 0.728946441853 0.668908467755 0.610217091632 0.623843286213 0.609326469885
0.665222473216 0.893224769341 0.714920332434 0.827322167717 0.857987331948 0.770434164169 0.741322720509 0.850398173749 0.809835484214 0.778744176801 0.783104719947 0.699999032447 0.726257771393 0.703596547696 0.566017423084 0.558522948448 0.623388302491 0.500536333168 0.244369601111 0.266644646348 0.393475393806 0.553460929994 0.564763987932 0.495872417923 0.491463370608 0.40763794469 0.403041672057 0.401539538635 0.369900883542 0.366500337245 0.600230713623 0.613826819466 0.627300825055 0.63783172503 0.620017554783 0.615757854225
0.730402926515 0.929338367193 0.715686600105 0.550960350353 0.999058444386 0.953243143382 0.920382995753 0.887522848123 0.846702041883 0.85732049726 0.827119800937 0.743548053014 0.768846927899 0.7461857042 0.60083091377 0.593336439133 0.667402156749 0.522595954878 0.209754757496 0.232029802733 0.254304847969 0.564447594048 0.575750651984 0.587053709919 0.501154334441 0.402006508177 0.402471676402 0.423047951618 0.518925459313 0.526072182325 0.601928291124 0.615524396968 0.596422184613 0.648261554672 0.683431783472 0.644237548169
0.466066474735 0.475136463533 0.481825622933 0.495946904438 0.522576288242 0.693651827936 0.665235756743 0.924647522498 1.30901923794 0.898552780905 0.795246038029 0.834097308097 0.811436084401 0.788774860704 0.635644404457 0.628149929819 0.711416011006 0.697311854916 0.175139913883 0.197414959119 0.219690004354 0.5754342581 0.586737316037 0.426325453074 0.426855300225 0.431433651899 0.433256478184 0.536266118079 0.534427191522 0.527658216392 0.536410250815 0.53883695989 0.609400713822 0.424250276738 0.424177581553 0.424104886368
0.415561509061 0.459531140498 0.460583878167 0.457858303347 0.503657782391 0.5454107554 0.670686445726 0.642290589177 0.626078693961 0.466903715137 0.838795058599 0.876686464603 0.854025240905 0.448817638951 0.450831839954 0.468176910163 0.464281071415 0.418338558232 0.255741920994 0.273640150032 0.230027992288 0.448490819896 0.533761414529 0.425972935439 0.426502782591 0.429695018737 0.545538596828 0.538869293543 0.549464634227 0.529521342804 0.538273377227 0.539143157732 0.604055120428 0.419343454979 0.409405708311 0.409333013126
0.419000694474 0.387774422508 0.435980368714 0.42947184523 0.506453515778 0.522226254152 0.710280705436 0.702833687219 0.682912445948 0.489846989518 0.479133886537 0.470503488764 0.45893838432 0.460952585324 0.462966786329 0.480390012169 0.476494173421 0.495100395088 0.23339039317 0.251288622207 0.269186851245 0.212784853849 0.535710561704 0.557696985677 0.529174937922 0.540595632901 0.550554414271 0.560513195642 0.552067809691 0.562663150376 0.540136503639 0.52629508177 0.586788953625 0.40378684825 0.407459570215 0.411993244695
0.358586866615 0.336218520188 0.382408904103 0.447983797252 0.461439696958 0.511186517025 0.741593445403 0.723080287823 0.69821297014 0.671467090807 0.486378604068 0.477748206295 0.542045942082 0.497242328888 0.493608476467 0.492603114175 0.488707275428 0.510907774234 0.211038865346 0.228937094383 0.246835323422 0.181847286032 0.480524145967 0.518496489479 0.534738308719 0.545611450345 0.555570231716 0.565529013086 0.575487794456 0.56526632584 0.437619784374 0.455296027595 0.535587652633 0.38823024152 0.391902963486 0.395575685452
0.308965941391 0.303915440601 0.506554791051 0.499937364479 0.449467845167 0.474940354529 0.518658993993 0.738380812015 0.709144638073 0.683296189381 0.493623321599 0.498621408171 0.562881959801 0.508580793197 0.504946940776 0.506281619374 0.502067475999 0.497853332624 0.188687337522 0.20658556656 0.224483795597 0.328961565914 0.467319982979 0.505292326491 0.642933332052 0.551160145758 0.56058604916 0.57054483053 0.580503611901 0.435148452934 0.442205219258 0.440153405426 0.452705448344 0.372673634791 0.376346356757 0.380019078722
0.259263808541 0.494375951626 0.510070739113 0.512757456685 0.497104246821 0.431206126046 0.483682826155 0.753681336207 0.724077589826 0.695624953235 0.666417430661 0.508157138062 0.564720652738 0.519919257504 0.516285405083 0.518433090034 0.514218946659 0.510004803282 0.412307699015 0.209018151374 0.257915463099 0.310643788395 0.327219200001 0.492088163503 0.648348659509 0.558419078709 0.578099785629 0.575560647974 0.425108380343 0.432165146668 0.41152243292 0.425107720881 0.438693008842 0.357117028062 0.360789750027 0.364462471993
0.448316861687 0.491410323674 0.504487140089 0.511723976403 0.46746653812 0.436073522197 0.422053537003 0.761755137092 0.739010541578 0.707953717089 0.678746194515 0.517692867955 0.581001961291 0.531257721813 0.534798704068 0.530584560694 0.526370417317 0.522156273942 0.567711428277 0.563182408516 0.55944736766 0.57545773631 0.591468104959 0.478884000515 0.653763986966 0.56758165921 0.575673940245 0.594563926699 0.422125074077 0.429181840402 0.390154362292 0.410062036336 0.423647324297 0.352274513964 0.392741058557 0.392090830254
0.43951169801 0.526170281497 0.540921832966 0.55268777492 0.460291495275 0.443163813781 0.36871424411 0.410757684546 0.753943493331 0.720282480944 0.69107495837 0.758464900128 0.597283269845 0.542596186122 0.546950174728 0.542736031352 0.538521887977 0.57249027125 0.585034953613 0.580505933853 0.561093007701 0.57710337635 0.593113745 0.609124113648 0.713111055934 0.361853126122 0.566867877303 0.398189977408 0.408058497735 0.415054887025 0.404690104584 0.419432725294 0.433124496108 0.374447175256 0.375030353434 0.382199954664
