-11.7570771968
-11.7570844536
-11.7570917103
-11.7570989671
-11.7571062238
-11.7571134806
-11.7571207373
-11.7571279941
-11.7571352508
-11.7571425076
-11.7571497643
-11.7571570211
-11.7571642778
-11.7571715346
-11.7571787913
-11.7571860481
-11.7571933048
-11.7572005616
-11.7572078183
-11.757215075
-11.7572223318
-11.7572295885
-11.7572368453
-11.757244102
-11.7572513588
-11.7572586155
-11.7572658723
-11.757273129
-11.7572803858
-11.7572876425
-11.7572948993
-11.757302156
-11.7573094128
-11.7573166695
-11.7573239263
-11.757331183
-11.7573384398
-11.7573456965
-11.7573529533
-11.75736021
-11.7573674668
-11.7573747235
-11.7573819803
-11.757389237
-11.7573964938
-11.7574037505
-11.7574110073
-11.757418264
-11.7574255208
-11.7574327775
-11.7574400343
-11.757447291
-11.7574545478
-11.7574618045
-11.7574690612
-11.757476318
-11.7574835747
-11.7574908315
-11.7574980882
-11.757505345
-11.7575126017
-11.7575198585
-11.7575271152
-11.757534372
-11.7575416287
-11.7575488855
-11.7575561422
-11.757563399
-11.7575706557
-11.7575779125
-11.7575851692
-11.757592426
-11.7575996827
-11.7576069395
-11.7576141962
-11.757621453
-11.7576287097
-11.7576359665
-11.7576432232
-11.75765048
-11.7576577367
-11.7576649935
-11.7576722502
-11.757679507
-11.7576867637
-11.7576940205
-11.7577012772
-11.7577085339
-11.7577157907
-11.7577230474
-11.7577303042
-11.7577375609
-11.7577448177
-11.7577520744
-11.7577593312
-11.7577665879
-11.7577738447
-11.7577811014
-11.7577883582
-11.7577956149
-11.7578028717
-11.7578101284
-11.7578173852
-11.7578246419
-11.7578318987
-11.7578391554
-11.7578464122
-11.7578536689
-11.7578609257
-11.7578681824
-11.7578754392
-11.7578826959
-11.7578899527
-11.7578972094
-11.7579044662
-11.7579117229
-11.7579189797
-11.7579262364
-11.7579334932
-11.7579407499
-11.7579480067
-11.7579552634
-11.7579625201
-11.7579697769
-11.7579770336
-11.7579842904
-11.7579915471
-11.7579988039
-11.7580060606
-11.7580133174
-11.7580205741
-11.7580278309
-11.7580350876
-11.7580423444
-11.7580496011
-11.7580568579
-11.7580641146
-11.7580713714
-11.7580786281
-11.7580858849
