109.38388802
109.383805714
109.383723408
109.383641102
109.383558796
109.38347649
109.383394184
109.383311878
109.383229572
109.383147266
109.38306496
109.382982654
109.382900348
109.382818042
109.382735736
109.38265343
109.382571124
109.382488818
109.382406512
109.382324206
109.3822419
109.382159594
109.382077288
109.381994982
109.381912676
109.38183037
109.381748064
109.381665758
109.381583453
109.381501147
109.381418841
109.381336535
109.381254229
109.381171923
109.381089617
109.381007311
109.380925005
109.380842699
109.380760393
109.380678087
109.380595781
109.380513475
109.380431169
109.380348863
109.380266557
109.380184251
109.380101945
109.380019639
109.379937333
109.379855027
109.379772721
109.379690415
109.379608109
109.379525803
109.379443497
109.379361191
109.379278885
109.379196579
109.379114273
109.379031967
109.378949661
109.378867355
109.378785049
109.378702743
109.378620437
109.378538131
109.378455825
109.37837352
109.378291214
109.378208908
