37.74812175
37.7481868542
37.7482519583
37.7483170625
37.7483821667
37.7484472708
37.748512375
37.7485774792
37.7486425833
37.7487076875
37.7487727917
37.7488378958
37.748903
37.7489681042
37.7490332083
37.7490983125
37.7491634167
37.7492285208
37.749293625
37.7493587292
37.7494238333
37.7494889375
37.7495540417
37.7496191458
37.74968425
37.7497493542
37.7498144583
37.7498795625
37.7499446667
37.7500097708
37.750074875
37.7501399792
37.7502050833
37.7502701875
37.7503352917
37.7504003958
37.7504655
37.7505306042
37.7505957083
37.7506608125
37.7507259167
37.7507910208
37.750856125
37.7509212292
37.7509863333
37.7510514375
37.7511165417
37.7511816458
37.75124675
37.7513118542
37.7513769583
37.7514420625
37.7515071667
37.7515722708
37.751637375
37.7517024792
37.7517675833
37.7518326875
37.7518977917
37.7519628958
37.752028
37.7520931042
37.7521582083
37.7522233125
37.7522884167
37.7523535208
37.752418625
37.7524837292
37.7525488333
37.7526139375
