-0.480832905519 -0.477581409354 -0.474332777934 -0.471673391753 -0.468971876199 -0.465825358315 -0.460820456098 -0.457694505855 -0.458522875634 -0.452226459527 -0.452182304601 -0.447530066029 -0.444283997924 -0.440972166276 -0.43594591553 -0.432876400038 -0.428496137829 -0.425942741729 -0.422670833304 -0.420189070094 -0.416818536435 -0.412911452588 -0.409447065961 -0.397993751022 -0.395120949208 -0.389772833435 -0.383301779673 -0.380574734763 -0.374653170885 -0.38296695918
-0.480110964068 -0.476943266332 -0.473778433343 -0.4706164651 -0.468185196033 -0.46515647727 -0.460444689777 -0.457849976661 -0.454853847573 -0.452144417405 -0.449266869019 -0.447323160841 -0.444159970434 -0.440931016484 -0.436395723212 -0.433363761723 -0.429265772747 -0.426581091641 -0.423347942293 -0.420690855574 -0.417011640142 -0.413636567358 -0.414209985914 -0.401079034369 -0.396002597156 -0.390054186434 -0.387236312162 -0.381607148145 -0.375770751413 -0.382371669957
-0.477928907724 -0.475083651446 -0.473190741962 -0.470112572149 -0.467406196029 -0.452342296716 -0.456958186263 -0.457528257232 -0.45456796081 -0.452039340367 -0.449232742662 -0.447921605193 -0.444041622549 -0.440895546297 -0.436803928141 -0.433809520654 -0.429967427782 -0.427169308855 -0.423974918582 -0.421173439732 -0.417649208622 -0.414328838977 -0.414430023325 -0.401872735414 -0.396890947533 -0.393522210561 -0.388185446404 -0.382641449532 -0.381566828902 -0.376074055099
-0.477245083201 -0.47435891042 -0.471578160904 -0.468782864799 -0.453729154353 -0.453126907653 -0.455252411321 -0.455001088884 -0.454648899885 -0.451792181145 -0.449175581387 -0.446798902045 -0.44392895427 -0.440908401397 -0.437170530315 -0.434213676831 -0.430758853261 -0.427707393369 -0.424821164732 -0.421484989756 -0.418253933953 -0.417413558098 -0.414668624571 -0.404831547429 -0.39943242996 -0.394388065663 -0.389136468652 -0.383677638926 -0.382064781474 -0.376579367049
-0.478208337486 -0.473711520993 -0.470910030064 -0.46819378731 -0.455491039959 -0.454729296291 -0.455584776276 -0.456451382465 -0.454048018338 -0.45156605554 -0.448848911105 -0.446629969791 -0.443821965597 -0.440837227725 -0.437829872084 -0.434467687096 -0.431241600022 -0.428195345185 -0.425143910757 -0.422203411053 -0.419189636127 -0.417632517289 -0.414925789653 -0.411503170649 -0.400215005922 -0.395255808771 -0.390089378906 -0.387774491802 -0.382519454738 -0.377065675187
-0.477646995763 -0.474556807476 -0.471233277372 -0.464477878989 -0.46230254839 -0.45514515508 -0.454146219923 -0.454142114486 -0.45342615839 -0.451402179194 -0.448857605937 -0.446381178732 -0.443663432946 -0.440781544605 -0.437850768684 -0.434596152387 -0.431666035564 -0.428633164301 -0.425622020172 -0.422658615114 -0.420576828813 -0.417870040316 -0.414683551322 -0.411758638652 -0.40099946989 -0.396125439885 -0.393235583851 -0.388210924149 -0.383924290094 -0.378627941549
-0.477806890139 -0.474010591587 -0.468276039933 -0.465775866364 -0.463088617095 -0.460008885887 -0.457769529471 -0.454207682179 -0.452271066345 -0.451020953603 -0.448589926194 -0.446360872391 -0.443544314567 -0.440695338965 -0.437892297941 -0.434929264823 -0.432032159886 -0.429071248329 -0.425998876922 -0.423082661835 -0.420794709785 -0.417809122657 -0.414927792606 -0.410690701287 -0.402305493808 -0.397119405124 -0.392110990553 -0.387078644146 -0.381709147311 -0.376139360045
-0.477146938566 -0.474129288099 -0.468035824628 -0.465579052422 -0.463117517977 -0.460117101205 -0.457554551204 -0.455358369089 -0.452389624361 -0.450958606106 -0.448566130742 -0.446294715018 -0.443529891324 -0.440660723426 -0.43769209605 -0.435220127035 -0.432409441592 -0.429342534118 -0.426344576332 -0.423726051478 -0.420879884653 -0.418042137223 -0.414345567094 -0.411108611027 -0.402781981937 -0.39799984175 -0.393110537769 -0.388020943359 -0.382731058518 -0.377240883247
-0.475132156585 -0.465091053301 -0.463631287236 -0.465312877978 -0.462894744896 -0.460471849574 -0.457708186784 -0.455396258953 -0.453050180098 -0.450551171885 -0.448504325326 -0.446061689807 -0.443591430119 -0.44090015091 -0.437795696755 -0.435387745939 -0.432502987845 -0.429536140289 -0.426798774592 -0.42393011596 -0.421116056355 -0.418285165533 -0.414723395585 -0.410615385984 -0.403386802181 -0.398777400625 -0.393967708639 -0.388957726223 -0.384306661892 -0.379017426272
-0.475950151232 -0.46842814761 -0.466514822144 -0.464528346026 -0.462468719256 -0.460223117353 -0.457838861154 -0.455272090098 -0.452969495062 -0.450640254289 -0.448469496526 -0.446000426472 -0.443746726763 -0.441065636312 -0.43788809139 -0.435398038782 -0.432638610425 -0.429873312534 -0.427029699514 -0.42406573838 -0.421276364022 -0.418479618448 -0.414804181635 -0.413123630547 -0.403940066438 -0.399549443153 -0.394819363162 -0.389915964691 -0.384850535193 -0.37959703793
-0.475900970386 -0.475634058062 -0.471808263563 -0.468161054496 -0.461963995112 -0.459917522023 -0.457797898281 -0.455391618543 -0.452808811147 -0.450515548906 -0.448666128228 -0.44623643053 -0.443961020413 -0.441398973814 -0.438038015333 -0.435475776043 -0.432761796624 -0.429938348618 -0.427056010984 -0.424328456409 -0.421509159625 -0.418751547554 -0.416148456778 -0.414179649055 -0.411906103757 -0.400540600273 -0.395848979492 -0.390943289442 -0.385447016337 -0.380129163212
-0.470150399234 -0.467884468471 -0.465625402455 -0.463373201185 -0.461127864663 -0.460881336241 -0.456621207161 -0.454389823444 -0.452984817556 -0.4508644124 -0.448754087476 -0.446183972405 -0.444616342875 -0.441540420573 -0.438087089275 -0.435752953469 -0.432780848005 -0.429823354774 -0.427037798399 -0.424436534222 -0.421712046716 -0.419216198081 -0.416519636116 -0.413825176983 -0.411132820682 -0.401127933707 -0.396483168571 -0.391624334167 -0.386551430494 -0.381264457552
-0.469868909414 -0.467604692547 -0.465347340426 -0.463096853052 -0.460853230424 -0.458616472544 -0.456458143879 -0.454216258892 -0.452045136939 -0.449803707599 -0.448653668935 -0.446315289792 -0.444754871809 -0.442117344909 -0.438871473126 -0.435666658176 -0.432998224571 -0.429976599983 -0.427342817525 -0.424858823832 -0.422194198284 -0.419531675567 -0.416871255682 -0.414212938629 -0.411556724408 -0.401781195031 -0.397587105928 -0.392753087461 -0.387692235795 -0.382404550932
-0.46511075282 -0.463740770693 -0.46490087702 -0.462701399751 -0.460618985691 -0.458365303489 -0.456121130284 -0.453886466074 -0.451661310861 -0.449487378326 -0.44711791971 -0.444639934932 -0.442705599976 -0.441417483773 -0.439147131097 -0.435581553425 -0.4329663804 -0.430273974251 -0.427924063791 -0.425336372464 -0.422716154391 -0.420073474016 -0.417326307084 -0.414608694148 -0.411864158661 -0.40273887792 -0.398215859689 -0.393474065668 -0.388513495856 -0.383334150252
-0.468601846046 -0.466442320082 -0.464279480123 -0.462113326169 -0.45994385822 -0.457771076276 -0.455197377033 -0.452973137424 -0.450825975335 -0.448986998419 -0.446347875822 -0.444226787706 -0.44183981793 -0.439851038891 -0.438820473139 -0.435875207148 -0.432858255695 -0.430831390711 -0.428237289194 -0.425352270276 -0.422937924528 -0.420334172791 -0.417707958753 -0.415059282413 -0.412388143773 -0.403060423719 -0.398568409775 -0.394274873977 -0.389415769575 -0.384342495
-0.475402526595 -0.460445509352 -0.459513210032 -0.460482805586 -0.458633809241 -0.457550098238 -0.455125025472 -0.452752319385 -0.450432350022 -0.448164629584 -0.445949158071 -0.443816600428 -0.441828991762 -0.439338337174 -0.437226858552 -0.435210304675 -0.433384612087 -0.431010262764 -0.428309909566 -0.425997408645 -0.423039399092 -0.420117989566 -0.417047791166 -0.415255358073 -0.413098609956 -0.410608339527 -0.397376793141 -0.392143089851 -0.386612961634 -0.380786408488
-0.470869221304 -0.464101849097 -0.464922545168 -0.462322468343 -0.459774739449 -0.457279358485 -0.454834042454 -0.452440445022 -0.450003511304 -0.447713871654 -0.445702868887 -0.443412147748 -0.441308867415 -0.438762486528 -0.436843322254 -0.435110615252 -0.433455638678 -0.430510826931 -0.428484605744 -0.425715967535 -0.423317310657 -0.42091677449 -0.418217354639 -0.415518843096 -0.412751624395 -0.405033880801 -0.398090547719 -0.392020721084 -0.386469196723 -0.380621247435
-0.468911730869 -0.466422604245 -0.464743184082 -0.46212514699 -0.459556326925 -0.457039221316 -0.454575741343 -0.452123265493 -0.449759726978 -0.447447265668 -0.445295870098 -0.443151026469 -0.44067498251 -0.438770431089 -0.437093045933 -0.434898710892 -0.433076777528 -0.430486668839 -0.428157899312 -0.425944868755 -0.42369312296 -0.421333486565 -0.418932090695 -0.415880656869 -0.413196323699 -0.405582621334 -0.401451939856 -0.397106437868 -0.386532149819 -0.380439931905
-0.471019264789 -0.468139822254 -0.46459582841 -0.461955214623 -0.459368226473 -0.456834863959 -0.454408880722 -0.451971443343 -0.449579532715 -0.447212850148 -0.445014406602 -0.442855697107 -0.440437383877 -0.438599232041 -0.436608775685 -0.434763477174 -0.432747532184 -0.430751238202 -0.428191810244 -0.425950624031 -0.423604670632 -0.421226302711 -0.419057843932 -0.416690093958 -0.414127969021 -0.406085238549 -0.402040012657 -0.397779966257 -0.393305099348 -0.379853504661
-0.47055256755 -0.46757985137 -0.464752434333 -0.461821057926 -0.459217812872 -0.456860356992 -0.454669168558 -0.452045805433 -0.449222857838 -0.446994360178 -0.444799397264 -0.442644201843 -0.440470145909 -0.438339278066 -0.436399504532 -0.434559963089 -0.432718111675 -0.430507407663 -0.428047887601 -0.425887542161 -0.423583141571 -0.421279823104 -0.418931591793 -0.41654829841 -0.415935639408 -0.414153213189 -0.402581962141 -0.398407371327 -0.394017960005 -0.389413728174
-0.470071058017 -0.467185253206 -0.462597387563 -0.460326581497 -0.460435570704 -0.456161585165 -0.453692268164 -0.450576603734 -0.449045622826 -0.446820605797 -0.444628903606 -0.442429300204 -0.440154994397 -0.43812267214 -0.436198554311 -0.434470176213 -0.432422916841 -0.430325731812 -0.427889660359 -0.425776890925 -0.423550370832 -0.421247591511 -0.418970377651 -0.41665228295 -0.414299126177 -0.414342695775 -0.391387496215 -0.39314812991 -0.394684697344 -0.3901659211
-0.469679580176 -0.464921796154 -0.463459888116 -0.460835432968 -0.458452954477 -0.45593194252 -0.45220680418 -0.450183750364 -0.448163084273 -0.445887151578 -0.44396653115 -0.441843910588 -0.439775523364 -0.437949733764 -0.436003035094 -0.434164774632 -0.432414067112 -0.430367713208 -0.427701781262 -0.42568687478 -0.423582881163 -0.421244956331 -0.418932487919 -0.416676334274 -0.414388376183 -0.41206535602 -0.390236798691 -0.384104418676 -0.37763143538 -0.373470113685
-0.46860045204 -0.465865018598 -0.463191842101 -0.460838933419 -0.457704884619 -0.455243102115 -0.451764791554 -0.449773771183 -0.447134403068 -0.445493399028 -0.443490572477 -0.44141911889 -0.439382298081 -0.437820581185 -0.435828060159 -0.434184096127 -0.432531364654 -0.430485465885 -0.427476627888 -0.424489469235 -0.423522647528 -0.421465858315 -0.419380940353 -0.416643253036 -0.414397692973 -0.412139871492 -0.391996811008 -0.386407223385 -0.376234264724 -0.369341762848
-0.46895547784 -0.465936219567 -0.462965485473 -0.460278825062 -0.457757556965 -0.453289339922 -0.451327965272 -0.448222279319 -0.446527493262 -0.445102429121 -0.442984268579 -0.440985367885 -0.438976495409 -0.437735214402 -0.435673629507 -0.434254058868 -0.432705788681 -0.430714411039 -0.426660411108 -0.424161218819 -0.423416863251 -0.42143540719 -0.419425822381 -0.417806523286 -0.414702598756 -0.412134453748 -0.390629286261 -0.384989402216 -0.404855170905 -0.401728755895
-0.468785456062 -0.465754415336 -0.4629998651 -0.460139758858 -0.457420008913 -0.451500668823 -0.449150780332 -0.447546983929 -0.446110890201 -0.444556228354 -0.442447619457 -0.440539039492 -0.43855811535 -0.437693633415 -0.435539743136 -0.434374662855 -0.432658182967 -0.431000482678 -0.429011230107 -0.423893411445 -0.421161266174 -0.421359405424 -0.419425153767 -0.417462773362 -0.416047500997 -0.412659341514 -0.387657031239 -0.407204592321 -0.404056119496 -0.399853613409
-0.468815825763 -0.466436109898 -0.463810706203 -0.459681622372 -0.456971009798 -0.454340785281 -0.450129811987 -0.448365576733 -0.447547489531 -0.445338184937 -0.441183889473 -0.44008013371 -0.438127157903 -0.435369236339 -0.435493495808 -0.434545908088 -0.432905418168 -0.431186742116 -0.429408949359 -0.423498088786 -0.420779310153 -0.418031572198 -0.419378934511 -0.413479214037 -0.416131859882 -0.403984332413 -0.417934140731 -0.407178802841 -0.408920699043 -0.404186887717
-0.468926149823 -0.466461585922 -0.463998846575 -0.461501113929 -0.459034968306 -0.456594026673 -0.454950032844 -0.452678681938 -0.449879016988 -0.447141739536 -0.44254943733 -0.440327175921 -0.438442332657 -0.434650376833 -0.435359026306 -0.434767794566 -0.433203294615 -0.431560900665 -0.429151820733 -0.4272520584 -0.425309633701 -0.423473099675 -0.424346742962 -0.410713311198 -0.407061701061 -0.416701296767 -0.415239285707 -0.408020655664 -0.404973466076 -0.401615338727
-0.469224406596 -0.466868229603 -0.464375168992 -0.461880793153 -0.459123225485 -0.45603667316 -0.453522140697 -0.450820801481 -0.448718390444 -0.445738395766 -0.443536046346 -0.441706570642 -0.439477320615 -0.437146816343 -0.435012264627 -0.434003614745 -0.432321141212 -0.430693718489 -0.428754450031 -0.426759931334 -0.424260733993 -0.419217350863 -0.41655236023 -0.413819300305 -0.412964837123 -0.415902467347 -0.415127735166 -0.416859735228 -0.406178708464 -0.403549434345
-0.46859344498 -0.465276111798 -0.462561979007 -0.460643559029 -0.458428572752 -0.455764636594 -0.452639860359 -0.450374485174 -0.448225153537 -0.44601124104 -0.443587156287 -0.441260488103 -0.439206054111 -0.437254380767 -0.435423452281 -0.433584536652 -0.43286122077 -0.430125894309 -0.427110132781 -0.424439905319 -0.421902516449 -0.419322422068 -0.416702293601 -0.410609172659 -0.418866044415 -0.417871391574 -0.414851642678 -0.413155506496 -0.411472167518 -0.403561412643
-0.468371749408 -0.465618673458 -0.462232592286 -0.459559711045 -0.45719485204 -0.454301465374 -0.451716230681 -0.450767895572 -0.446717171331 -0.444644366252 -0.442191430635 -0.440488697901 -0.438617900589 -0.436705777265 -0.435191434704 -0.433100421134 -0.430217383407 -0.427926170013 -0.426497498723 -0.424148640446 -0.421647406288 -0.419482137586 -0.416510480687 -0.419546011541 -0.417503503917 -0.416483459217 -0.414451803512 -0.413646223786 -0.415541598816 -0.407039821326
