6.82319 6.77117 6.72026 6.67043 6.62167 6.57395 6.52725 6.48155 6.43683 6.39307 6.35025 6.30836 6.26736 6.22726 6.18801 6.14961 6.11205 6.07529 6.03934 6.00417 5.96976 5.9361 5.90317 5.87097 5.83947 5.80866 5.77854 5.74908 5.72027 5.6921 5.66457 5.63765 5.61133 5.58562 5.56048 5.53593 5.51193 5.4885 5.46561 5.44326 5.42144 5.40014 5.37935 5.35907 5.33929 5.32 5.30119 5.28286 5.26501 5.24762 5.23069 5.21421 5.19819 5.1826 5.16746 5.15275 5.13848 5.12462 5.11119 5.09818 5.08559 5.0734 5.06162 5.05025 5.03927 5.0287 5.01852 5.00873 4.99934 4.99033
6.84273 6.79061 6.73958 6.68963 6.64074 6.59288 6.54604 6.5002 6.45533 6.41141 6.36843 6.32637 6.28521 6.24493 6.20551 6.16693 6.12919 6.09225 6.05611 6.02075 5.98615 5.9523 5.91918 5.88678 5.85509 5.82409 5.79377 5.76411 5.7351 5.70674 5.679 5.65188 5.62537 5.59945 5.57412 5.54936 5.52517 5.50154 5.47845 5.4559 5.43388 5.41238 5.39139 5.37091 5.35093 5.33144 5.31244 5.29391 5.27586 5.25827 5.24114 5.22447 5.20824 5.19246 5.17712 5.16221 5.14774 5.13369 5.12006 5.10685 5.09405 5.08167 5.06969 5.05811 5.04694 5.03616 5.02578 5.01579 5.0062 4.99698
6.86179 6.80957 6.75844 6.70838 6.65937 6.61139 6.56442 6.51844 6.47343 6.42937 6.38624 6.34402 6.3027 6.26225 6.22267 6.18392 6.146 6.10889 6.07257 6.03703 6.00225 5.96822 5.93491 5.90233 5.87045 5.83926 5.80875 5.7789 5.7497 5.72114 5.69321 5.6659 5.63919 5.61308 5.58756 5.56261 5.53822 5.51439 5.49111 5.46837 5.44615 5.42445 5.40328 5.3826 5.36243 5.34274 5.32354 5.30482 5.28657 5.26879 5.25147 5.2346 5.21818 5.20221 5.18667 5.17157 5.1569 5.14265 5.12883 5.11542 5.10243 5.08985 5.07767 5.0659 5.05453 5.04355 5.03298 5.02279 5.01299 5.00358
6.88036 6.82806 6.77683 6.72668 6.67756 6.62947 6.58238 6.53627 6.49113 6.44693 6.40366 6.3613 6.31982 6.27922 6.23948 6.20058 6.16249 6.12521 6.08872 6.05301 6.01806 5.98385 5.95037 5.9176 5.88554 5.85417 5.82347 5.79344 5.76406 5.73531 5.7072 5.6797 5.65281 5.6265 5.60079 5.57565 5.55108 5.52706 5.50359 5.48065 5.45825 5.43636 5.41499 5.39413 5.37376 5.35389 5.3345 5.31559 5.29715 5.27918 5.26166 5.2446 5.228 5.21183 5.19611 5.18081 5.16595 5.15151 5.1375 5.1239 5.11071 5.09794 5.08557 5.0736 5.06204 5.05087 5.04009 5.02971 5.01971 5.01011
6.89844 6.84606 6.79476 6.74451 6.6953 6.6471 6.59991 6.55368 6.50842 6.4641 6.42069 6.37819 6.33658 6.29584 6.25594 6.21688 6.17864 6.14121 6.10456 6.06868 6.03356 5.99918 5.96553 5.93259 5.90036 5.86881 5.83794 5.80773 5.77817 5.74924 5.72095 5.69327 5.66619 5.63971 5.61381 5.58849 5.56373 5.53953 5.51587 5.49275 5.47016 5.4481 5.42654 5.40549 5.38494 5.36488 5.3453 5.32621 5.30758 5.28942 5.27172 5.25448 5.23768 5.22133 5.20542 5.18994 5.17489 5.16026 5.14606 5.13227 5.1189 5.10593 5.09338 5.08122 5.06946 5.0581 5.04713 5.03656 5.02637 5.01657
6.91602 6.86358 6.81221 6.76188 6.71259 6.6643 6.617 6.57067 6.5253 6.48086 6.43733 6.3947 6.35296 6.31208 6.27205 6.23284 6.19446 6.15687 6.12007 6.08403 6.04875 6.01422 5.9804 5.9473 5.9149 5.88318 5.85214 5.82176 5.79203 5.76293 5.73446 5.7066 5.67935 5.6527 5.62662 5.60112 5.57618 5.5518 5.52797 5.50467 5.4819 5.45965 5.43791 5.41668 5.39595 5.37571 5.35595 5.33668 5.31787 5.29953 5.28165 5.26422 5.24724 5.2307 5.21461 5.19895 5.18371 5.1689 5.15451 5.14054 5.12698 5.11383 5.10109 5.08874 5.0768 5.06525 5.05409 5.04333 5.03295 5.02296
6.93309 6.8806 6.82917 6.77878 6.72941 6.68104 6.63365 6.58723 6.54176 6.49721 6.45357 6.41082 6.36896 6.32795 6.28779 6.24845 6.20992 6.1722 6.13525 6.09906 6.06364 6.02894 5.99497 5.96172 5.92915 5.89728 5.86607 5.83553 5.80563 5.77637 5.74773 5.7197 5.69228 5.66545 5.63921 5.61354 5.58843 5.56387 5.53986 5.51639 5.49344 5.47102 5.44911 5.4277 5.4068 5.38638 5.36644 5.34699 5.328 5.30948 5.29143 5.27382 5.25666 5.23995 5.22367 5.20783 5.19241 5.17743 5.16286 5.1487 5.13496 5.12163 5.1087 5.09617 5.08404 5.07231 5.06097 5.05002 5.03945 5.02927
6.94965 6.89713 6.84565 6.7952 6.74577 6.69733 6.64986 6.60336 6.55779 6.51314 6.4694 6.42655 6.38457 6.34344 6.30316 6.26369 6.22504 6.18718 6.15009 6.11377 6.0782 6.04336 6.00924 5.97584 5.94312 5.91109 5.87973 5.84903 5.81897 5.78955 5.76075 5.73256 5.70497 5.67798 5.65157 5.62573 5.60045 5.57573 5.55155 5.52791 5.50479 5.4822 5.46012 5.43854 5.41746 5.39687 5.37677 5.35714 5.33798 5.31929 5.30106 5.28328 5.26594 5.24906 5.2326 5.21659 5.20099 5.18583 5.17108 5.15675 5.14283 5.12932 5.11621 5.10351 5.0912 5.07928 5.06776 5.05662 5.04587 5.03551
6.9657 6.91315 6.86164 6.81115 6.76166 6.71316 6.66563 6.61904 6.57339 6.52866 6.48483 6.44187 6.39979 6.35856 6.31816 6.27857 6.2398 6.20181 6.1646 6.12814 6.09243 6.05746 6.0232 5.98965 5.95679 5.92462 5.8931 5.86225 5.83204 5.80247 5.77351 5.74517 5.71742 5.69027 5.6637 5.6377 5.61226 5.58738 5.56304 5.53923 5.51595 5.49319 5.47094 5.4492 5.42795 5.4072 5.38692 5.36713 5.3478 5.32894 5.31054 5.29259 5.27508 5.25803 5.2414 5.22521 5.20945 5.19411 5.17919 5.16468 5.15059 5.1369 5.12362 5.11073 5.09825 5.08615 5.07445 5.06314 5.05221 5.04166
6.98124 6.92867 6.87713 6.8266 6.77708 6.72852 6.68093 6.63429 6.58856 6.54375 6.49984 6.45679 6.41462 6.37328 6.33278 6.29309 6.25419 6.21609 6.17876 6.14218 6.10634 6.07124 6.03685 6.00316 5.97017 5.93785 5.9062 5.8752 5.84484 5.81512 5.78602 5.75752 5.72963 5.70232 5.6756 5.64944 5.62385 5.59881 5.57431 5.55034 5.52691 5.50399 5.48158 5.45967 5.43826 5.41735 5.39691 5.37695 5.35746 5.33843 5.31986 5.30175 5.28408 5.26685 5.25006 5.2337 5.21777 5.20226 5.18717 5.1725 5.15823 5.14437 5.13092 5.11786 5.1052 5.09293 5.08106 5.06956 5.05846 5.04773
6.99625 6.94367 6.89212 6.84157 6.79201 6.74342 6.69578 6.64908 6.60329 6.55841 6.51442 6.4713 6.42903 6.38761 6.34701 6.30722 6.26823 6.23001 6.19257 6.15587 6.11992 6.08469 6.05018 6.01636 5.98324 5.95079 5.919 5.88787 5.85737 5.82751 5.79826 5.76962 5.74158 5.71413 5.68726 5.66095 5.63521 5.61001 5.58536 5.56124 5.53765 5.51458 5.49201 5.46995 5.44839 5.42731 5.40671 5.3866 5.36695 5.34776 5.32903 5.31075 5.29292 5.27553 5.25858 5.24205 5.22596 5.21028 5.19503 5.18019 5.16575 5.15173 5.1381 5.12488 5.11205 5.09961 5.08756 5.0759 5.06462 5.05372
7.01074 6.95817 6.90661 6.85605 6.80646 6.75784 6.71016 6.66341 6.61758 6.57264 6.52858 6.48539 6.44305 6.40154 6.36086 6.32098 6.28188 6.24357 6.20602 6.16922 6.13315 6.09781 6.06318 6.02925 5.996 5.96342 5.93151 5.90024 5.86961 5.83961 5.81023 5.78146 5.75328 5.72569 5.69867 5.67222 5.64633 5.62099 5.5962 5.57193 5.54819 5.52496 5.50225 5.48004 5.45832 5.43709 5.41634 5.39607 5.37626 5.35692 5.33803 5.3196 5.30161 5.28406 5.26695 5.25026 5.23401 5.21817 5.20275 5.18775 5.17315 5.15896 5.14517 5.13178 5.11878 5.10618 5.09396 5.08213 5.07068 5.05961
7.02469 6.97214 6.92059 6.87002 6.82043 6.77178 6.72408 6.67729 6.63142 6.58643 6.54232 6.49906 6.45665 6.41507 6.37431 6.33434 6.29517 6.25676 6.21912 6.18221 6.14605 6.1106 6.07586 6.04181 6.00844 5.97575 5.94371 5.91232 5.88157 5.85144 5.82193 5.79303 5.76472 5.73699 5.70984 5.68325 5.65722 5.63174 5.6068 5.58239 5.55851 5.53514 5.51228 5.48992 5.46806 5.44668 5.42578 5.40536 5.3854 5.36591 5.34687 5.32828 5.31014 5.29244 5.27517 5.25833 5.24192 5.22592 5.21035 5.19518 5.18043 5.16608 5.15213 5.13857 5.12541 5.11264 5.10026 5.08826 5.07665 5.06541
7.03811 6.98559 6.93405 6.88349 6.8339 6.78524 6.73752 6.69071 6.6448 6.59977 6.55561 6.51231 6.46984 6.4282 6.38736 6.34732 6.30807 6.26958 6.23184 6.19485 6.15859 6.12304 6.0882 6.05404 6.02057 5.98776 5.95561 5.92411 5.89324 5.86299 5.83336 5.80433 5.77589 5.74803 5.72075 5.69403 5.66787 5.64226 5.61718 5.59264 5.56861 5.54511 5.52211 5.49961 5.4776 5.45608 5.43504 5.41446 5.39436 5.37472 5.35554 5.3368 5.31851 5.30065 5.28324 5.26625 5.24968 5.23353 5.2178 5.20249 5.18757 5.17307 5.15896 5.14524 5.13193 5.119 5.10645 5.09429 5.08252 5.07111
7.051 6.99851 6.947 6.89646 6.84687 6.79822 6.75049 6.70366 6.65773 6.61267 6.56847 6.52513 6.48261 6.44091 6.40001 6.35991 6.32058 6.28202 6.24421 6.20713 6.17078 6.13514 6.1002 6.06595 6.03238 5.99947 5.96721 5.9356 5.90461 5.87425 5.8445 5.81535 5.78679 5.75881 5.73141 5.70457 5.67828 5.65253 5.62733 5.60265 5.5785 5.55485 5.53172 5.50908 5.48694 5.46528 5.44409 5.42339 5.40314 5.38336 5.36403 5.34515 5.32671 5.30871 5.29115 5.27401 5.25729 5.241 5.22512 5.20965 5.19459 5.17993 5.16566 5.1518 5.13832 5.12524 5.11254 5.10022 5.08828 5.07672
7.06335 7.0109 6.95943 6.90892 6.85934 6.8107 6.76297 6.71614 6.67019 6.62511 6.58089 6.53751 6.49495 6.4532 6.41226 6.3721 6.33271 6.29408 6.25619 6.21904 6.18261 6.14689 6.11186 6.07752 6.04385 6.01085 5.97849 5.94677 5.91568 5.88522 5.85536 5.82609 5.79742 5.76933 5.7418 5.71484 5.68843 5.66256 5.63724 5.61243 5.58815 5.56438 5.54111 5.51835 5.49607 5.47428 5.45296 5.43211 5.41173 5.39181 5.37235 5.35333 5.33475 5.31661 5.2989 5.28162 5.26476 5.24832 5.23229 5.21668 5.20146 5.18665 5.17224 5.15822 5.1446 5.13136 5.1185 5.10603 5.09394 5.08222
7.07515 7.02276 6.97134 6.92086 6.87132 6.82269 6.77497 6.72815 6.68219 6.6371 6.59286 6.54945 6.50686 6.46508 6.42409 6.38388 6.34444 6.30575 6.2678 6.23058 6.19408 6.15828 6.12318 6.08875 6.055 6.0219 5.98945 5.95764 5.92646 5.89588 5.86592 5.83655 5.80778 5.77957 5.75194 5.72486 5.69833 5.67235 5.6469 5.62198 5.59757 5.57368 5.55029 5.52739 5.50499 5.48307 5.46162 5.44065 5.42013 5.40008 5.38048 5.36132 5.34261 5.32433 5.30649 5.28907 5.27207 5.25549 5.23932 5.22356 5.2082 5.19325 5.17869 5.16452 5.15075 5.13736 5.12436 5.11173 5.09949 5.08761
7.08641 7.03409 6.98272 6.93229 6.88278 6.83418 6.78649 6.73968 6.69373 6.64863 6.60438 6.56096 6.51834 6.47653 6.43551 6.39526 6.35577 6.31703 6.27903 6.24175 6.20519 6.16932 6.13414 6.09964 6.06581 6.03263 6.0001 5.9682 5.93692 5.90625 5.87619 5.84673 5.81785 5.78954 5.7618 5.73461 5.70798 5.68188 5.65632 5.63128 5.60676 5.58275 5.55924 5.53623 5.5137 5.49165 5.47008 5.44898 5.42834 5.40816 5.38843 5.36914 5.3503 5.33189 5.31391 5.29635 5.27922 5.2625 5.24619 5.23029 5.2148 5.1997 5.185 5.17069 5.15677 5.14324 5.13009 5.11732 5.10492 5.0929
7.09712 7.04487 6.99357 6.94319 6.89374 6.84518 6.79751 6.75072 6.70479 6.6597 6.61545 6.57202 6.52939 6.48756 6.44651 6.40623 6.3667 6.32792 6.28987 6.25254 6.21592 6.18 6.14475 6.11019 6.07628 6.04303 6.01041 5.97843 5.94707 5.91632 5.88617 5.85661 5.82763 5.79923 5.77139 5.7441 5.71736 5.69116 5.66549 5.64035 5.61571 5.59159 5.56797 5.54484 5.52219 5.50003 5.47834 5.45712 5.43635 5.41605 5.39619 5.37678 5.35781 5.33927 5.32116 5.30347 5.2862 5.26936 5.25291 5.23688 5.22125 5.20602 5.19118 5.17673 5.16267 5.149 5.1357 5.12279 5.11025 5.09808
7.10728 7.05512 7.00389 6.95358 6.90418 6.85567 6.80804 6.76128 6.71537 6.6703 6.62606 6.58263 6.54 6.49816 6.45709 6.41678 6.37723 6.33841 6.30033 6.26295 6.22628 6.1903 6.155 6.12038 6.08641 6.05309 6.0204 5.98834 5.95691 5.92607 5.89584 5.8662 5.83713 5.80863 5.7807 5.75332 5.72648 5.70018 5.67441 5.64916 5.62442 5.60019 5.57646 5.55322 5.53046 5.50819 5.48638 5.46504 5.44417 5.42374 5.40376 5.38423 5.36513 5.34647 5.32824 5.31043 5.29303 5.27605 5.25948 5.24331 5.22755 5.21218 5.19721 5.18263 5.16843 5.15462 5.14119 5.12813 5.11545 5.10314
7.11688 7.06482 7.01368 6.96345 6.91411 6.86566 6.81808 6.77136 6.72548 6.68043 6.63621 6.59278 6.55016 6.50831 6.46724 6.42692 6.38734 6.3485 6.31039 6.27298 6.23627 6.20024 6.1649 6.13021 6.09619 6.0628 6.03006 5.99793 5.96642 5.93552 5.90521 5.87548 5.84633 5.81775 5.78973 5.76226 5.73533 5.70894 5.68307 5.65772 5.63289 5.60856 5.58472 5.56137 5.53851 5.51613 5.49421 5.47276 5.45177 5.43123 5.41114 5.39149 5.37228 5.35349 5.33514 5.3172 5.29969 5.28258 5.26588 5.24959 5.2337 5.21821 5.2031 5.18839 5.17406 5.16011 5.14654 5.13335 5.12053 5.10808
7.12594 7.07398 7.02293 6.97278 6.92352 6.87514 6.82761 6.78094 6.7351 6.69009 6.64589 6.60249 6.55988 6.51804 6.47696 6.43663 6.39705 6.35819 6.32005 6.28261 6.24587 6.20981 6.17442 6.13969 6.10562 6.07218 6.03938 6.00719 5.97562 5.94464 5.91426 5.88446 5.85524 5.82658 5.79848 5.77093 5.74391 5.71743 5.69147 5.66603 5.6411 5.61667 5.59274 5.56929 5.54633 5.52384 5.50182 5.48027 5.45917 5.43852 5.41832 5.39856 5.37923 5.36033 5.34186 5.32381 5.30617 5.28895 5.27213 5.25571 5.2397 5.22408 5.20885 5.19401 5.17955 5.16547 5.15177 5.13845 5.12549 5.11291
7.13443 7.08259 7.03164 6.98159 6.93241 6.8841 6.83665 6.79003 6.74425 6.69928 6.65511 6.61174 6.56915 6.52732 6.48625 6.44593 6.40634 6.36747 6.32931 6.29186 6.25509 6.219 6.18358 6.14881 6.11469 6.08121 6.04835 6.01612 5.98448 5.95345 5.92301 5.89314 5.86385 5.83512 5.80694 5.77931 5.75222 5.72565 5.69961 5.67409 5.64906 5.62455 5.60052 5.57698 5.55392 5.53133 5.50922 5.48756 5.46636 5.4456 5.42529 5.40543 5.38599 5.36698 5.3484 5.33023 5.31248 5.29514 5.27821 5.26168 5.24554 5.2298 5.21444 5.19948 5.1849 5.17069 5.15687 5.14341 5.13033 5.11761
7.14237 7.09065 7.03981 6.98987 6.94078 6.89256 6.84518 6.79863 6.7529 6.70798 6.66386 6.62052 6.57796 6.53616 6.49511 6.45479 6.41521 6.37634 6.33818 6.3007 6.26392 6.22781 6.19236 6.15756 6.12341 6.08989 6.05699 6.0247 5.99302 5.96194 5.93144 5.90151 5.87215 5.84336 5.81511 5.78741 5.76024 5.7336 5.70748 5.68188 5.65677 5.63217 5.60805 5.58443 5.56128 5.5386 5.51638 5.49463 5.47333 5.45248 5.43207 5.4121 5.39255 5.37344 5.35475 5.33648 5.31862 5.30117 5.28412 5.26747 5.25122 5.23536 5.21989 5.2048 5.1901 5.17577 5.16182 5.14825 5.13503 5.12219
7.14975 7.09816 7.04744 6.99761 6.94863 6.90049 6.8532 6.80673 6.76107 6.71621 6.67214 6.62885 6.58632 6.54455 6.50352 6.46323 6.42366 6.38479 6.34663 6.30916 6.27236 6.23624 6.20077 6.16595 6.13176 6.09821 6.06528 6.03295 6.00123 5.9701 5.93955 5.90957 5.88015 5.8513 5.82299 5.79522 5.76799 5.74128 5.71509 5.6894 5.66422 5.63954 5.61534 5.59163 5.56839 5.54563 5.52333 5.50148 5.48009 5.45914 5.43863 5.41856 5.39892 5.37971 5.36091 5.34254 5.32457 5.30701 5.28986 5.2731 5.25674 5.24076 5.22518 5.20998 5.19516 5.18071 5.16664 5.15294 5.13961 5.12664
7.15657 7.10511 7.05454 7.00482 6.95595 6.90792 6.86072 6.81433 6.76875 6.72396 6.67995 6.63671 6.59423 6.55249 6.5115 6.47123 6.43168 6.39283 6.35468 6.3172 6.28041 6.24428 6.2088 6.17396 6.13976 6.10618 6.07322 6.04086 6.0091 5.97792 5.94733 5.91731 5.88784 5.85893 5.83057 5.80274 5.77545 5.74867 5.72241 5.69666 5.67141 5.64665 5.62238 5.59859 5.57527 5.55242 5.53004 5.50811 5.48662 5.46559 5.44499 5.42483 5.40509 5.38578 5.36689 5.34841 5.33034 5.31268 5.29542 5.27856 5.26209 5.24601 5.23031 5.215 5.20006 5.1855 5.17132 5.1575 5.14405 5.13096
7.16282 7.11152 7.06108 7.01149 6.96274 6.91482 6.86772 6.82143 6.77593 6.73121 6.68727 6.6441 6.60167 6.55999 6.51903 6.4788 6.43928 6.40045 6.36231 6.32485 6.28806 6.25193 6.21645 6.1816 6.14739 6.11379 6.08081 6.04842 6.01663 5.98542 5.95479 5.92473 5.89522 5.86626 5.83785 5.80997 5.78262 5.75578 5.72946 5.70365 5.67833 5.65351 5.62916 5.6053 5.58191 5.55898 5.53652 5.5145 5.49294 5.47182 5.45113 5.43088 5.41105 5.39165 5.37267 5.35409 5.33593 5.31817 5.30081 5.28384 5.26727 5.25108 5.23528 5.21986 5.20482 5.19015 5.17585 5.16192 5.14835 5.13515
7.16851 7.11737 7.06708 7.01763 6.96901 6.92121 6.87422 6.82802 6.78262 6.73799 6.69413 6.65102 6.60866 6.56703 6.52612 6.48593 6.44644 6.40765 6.36953 6.33209 6.29532 6.25919 6.22371 6.18887 6.15464 6.12104 6.08804 6.05563 6.02382 5.99259 5.96192 5.93183 5.90228 5.87329 5.84483 5.8169 5.7895 5.76261 5.73624 5.71036 5.68499 5.6601 5.63569 5.61176 5.5883 5.5653 5.54276 5.52067 5.49903 5.47783 5.45706 5.43672 5.41681 5.39732 5.37825 5.35959 5.34133 5.32347 5.30602 5.28896 5.27228 5.25599 5.24009 5.22457 5.20942 5.19464 5.18023 5.16619 5.15252 5.1392
7.17364 7.12266 7.07253 7.02323 6.97474 6.92707 6.8802 6.83412 6.78881 6.74427 6.7005 6.65747 6.61518 6.57361 6.53276 6.49262 6.45318 6.41442 6.37634 6.33892 6.30217 6.26606 6.23059 6.19575 6.16153 6.12792 6.09491 6.06249 6.03066 5.99941 5.96873 5.9386 5.90902 5.87999 5.8515 5.82353 5.79609 5.76916 5.74273 5.7168 5.69137 5.66642 5.64196 5.61797 5.59444 5.57137 5.54877 5.52661 5.50489 5.48361 5.46277 5.44236 5.42236 5.40279 5.38363 5.36488 5.34654 5.32859 5.31104 5.29389 5.27712 5.26074 5.24474 5.22911 5.21386 5.19898 5.18447 5.17033 5.15654 5.14311
7.17821 7.12741 7.07744 7.02829 6.97995 6.93241 6.88566 6.8397 6.79451 6.75007 6.70639 6.66344 6.62123 6.57974 6.53895 6.49887 6.45948 6.42077 6.38272 6.34535 6.30862 6.27253 6.23708 6.20225 6.16804 6.13443 6.10142 6.069 6.03716 6.0059 5.97519 5.94505 5.91545 5.88639 5.85786 5.82986 5.80238 5.77541 5.74894 5.72297 5.69748 5.67249 5.64796 5.62392 5.60033 5.5772 5.55453 5.53231 5.51052 5.48917 5.46826 5.44777 5.4277 5.40805 5.38881 5.36998 5.35155 5.33352 5.31589 5.29864 5.28178 5.26531 5.24921 5.23349 5.21815 5.20317 5.18856 5.17431 5.16042 5.14689
7.18221 7.13159 7.08179 7.03281 6.98462 6.93723 6.89062 6.84478 6.7997 6.75538 6.7118 6.66895 6.62682 6.58541 6.54469 6.50468 6.46535 6.42668 6.38869 6.35135 6.31466 6.27861 6.24318 6.20837 6.17417 6.14058 6.10757 6.07516 6.04331 6.01204 5.98133 5.95116 5.92155 5.89247 5.86391 5.83589 5.80837 5.78136 5.75486 5.72885 5.70332 5.67828 5.65371 5.6296 5.60597 5.58278 5.56005 5.53776 5.51592 5.49451 5.47352 5.45297 5.43283 5.4131 5.39379 5.37488 5.35637 5.33826 5.32054 5.30321 5.28627 5.26971 5.25352 5.23771 5.22227 5.2072 5.19249 5.17814 5.16415 5.15052
7.18565 7.13522 7.0856 7.03679 6.98877 6.94152 6.89506 6.84935 6.8044 6.76019 6.71672 6.67397 6.63194 6.59061 6.54999 6.51004 6.47077 6.43218 6.39424 6.35695 6.3203 6.28428 6.24889 6.21411 6.17993 6.14635 6.11336 6.08095 6.04911 6.01784 5.98712 5.95695 5.92732 5.89823 5.86966 5.8416 5.81406 5.78703 5.76049 5.73444 5.70888 5.68379 5.65918 5.63503 5.61135 5.58811 5.56533 5.54299 5.52108 5.49961 5.47856 5.45794 5.43773 5.41794 5.39855 5.37957 5.36099 5.3428 5.32501 5.3076 5.29057 5.27393 5.25766 5.24176 5.22623 5.21107 5.19627 5.18182 5.16774 5.15401
7.18853 7.1383 7.08887 7.04023 6.99238 6.94529 6.89898 6.85341 6.8086 6.76452 6.72116 6.67852 6.63659 6.59536 6.55482 6.51496 6.47577 6.43724 6.39936 6.36212 6.32552 6.28955 6.2542 6.21945 6.1853 6.15175 6.11878 6.08638 6.05456 6.02329 5.99257 5.9624 5.93277 5.90366 5.87508 5.84701 5.81945 5.79239 5.76583 5.73975 5.71416 5.68904 5.66439 5.6402 5.61647 5.59319 5.57036 5.54796 5.52601 5.50448 5.48337 5.46269 5.44242 5.42257 5.40311 5.38407 5.36541 5.34715 5.32928 5.3118 5.29469 5.27797 5.26161 5.24563 5.23002 5.21477 5.19988 5.18535 5.17117 5.15735
7.19084 7.14081 7.09158 7.04313 6.99545 6.94854 6.90238 6.85697 6.81229 6.76834 6.72511 6.6826 6.64077 6.59964 6.5592 6.51942 6.48032 6.44186 6.40405 6.36688 6.33034 6.29442 6.25911 6.22441 6.1903 6.15677 6.12383 6.09146 6.05965 6.02839 5.99768 5.96752 5.93788 5.90878 5.88019 5.85211 5.82453 5.79746 5.77087 5.74477 5.71915 5.694 5.66932 5.6451 5.62133 5.59801 5.57513 5.55269 5.53069 5.50911 5.48796 5.46722 5.44689 5.42698 5.40746 5.38835 5.36963 5.3513 5.33336 5.31581 5.29863 5.28183 5.2654 5.24934 5.23364 5.21831 5.20334 5.18872 5.17445 5.16054
7.19259 7.14278 7.09375 7.04549 6.998 6.95126 6.90527 6.86001 6.81549 6.77168 6.72858 6.68619 6.64448 6.60346 6.56312 6.52344 6.48442 6.44605 6.40832 6.37122 6.33475 6.29888 6.26363 6.22897 6.19491 6.16142 6.12851 6.09617 6.06438 6.03314 6.00245 5.9723 5.94267 5.91356 5.88497 5.85689 5.82931 5.80222 5.77562 5.74951 5.72386 5.69869 5.67398 5.64973 5.62593 5.60257 5.57966 5.55718 5.53513 5.51351 5.4923 5.47152 5.45114 5.43117 5.4116 5.39242 5.37364 5.35525 5.33725 5.31962 5.30238 5.2855 5.269 5.25287 5.23709 5.22168 5.20663 5.19193 5.17758 5.16358
7.19377 7.14418 7.09537 7.04731 7.00001 6.95346 6.90764 6.86255 6.81818 6.77452 6.73156 6.6893 6.64772 6.60682 6.56659 6.52702 6.48809 6.44981 6.41216 6.37514 6.33874 6.30294 6.26775 6.23314 6.19913 6.16569 6.13282 6.10051 6.06875 6.03754 6.00687 5.97673 5.94712 5.91802 5.88944 5.86136 5.83378 5.80668 5.78008 5.75395 5.72829 5.7031 5.67837 5.65409 5.63026 5.60687 5.58393 5.56142 5.53933 5.51766 5.49642 5.47558 5.45516 5.43514 5.41552 5.39629 5.37745 5.359 5.34094 5.32325 5.30594 5.289 5.27243 5.25622 5.24038 5.22489 5.20976 5.19498 5.18055 5.16647
7.19439 7.14504 7.09644 7.04859 7.00149 6.95513 6.90949 6.86457 6.82037 6.77686 6.73406 6.69193 6.65049 6.60971 6.5696 6.53013 6.49131 6.45313 6.41558 6.37864 6.34232 6.30659 6.27146 6.23692 6.20297 6.16958 6.13675 6.10448 6.07276 6.04159 6.01095 5.98083 5.95124 5.92216 5.89358 5.86551 5.83793 5.81084 5.78423 5.75809 5.73242 5.70722 5.68247 5.65817 5.63433 5.61092 5.58794 5.5654 5.54328 5.52158 5.50029 5.47942 5.45895 5.43888 5.41922 5.39994 5.38105 5.36255 5.34442 5.32668 5.30931 5.2923 5.27566 5.25939 5.24348 5.22792 5.21272 5.19787 5.18336 5.1692
7.19446 7.14534 7.09696 7.04933 7.00244 6.95627 6.91083 6.86609 6.82205 6.77871 6.73606 6.69409 6.65278 6.61214 6.57215 6.5328 6.4941 6.45602 6.41856 6.38171 6.34548 6.30983 6.27478 6.24031 6.20641 6.17308 6.14031 6.10809 6.07641 6.04528 6.01467 5.98458 5.95502 5.92596 5.8974 5.86934 5.84177 5.81469 5.78808 5.76194 5.73627 5.71106 5.6863 5.66199 5.63812 5.6147 5.5917 5.56913 5.54698 5.52525 5.50393 5.48302 5.46252 5.44241 5.4227 5.40337 5.38444 5.36588 5.34771 5.32991 5.31248 5.29542 5.27872 5.26238 5.24641 5.23078 5.21551 5.20059 5.18601 5.17178
7.19397 7.14508 7.09695 7.04954 7.00286 6.9569 6.91164 6.86709 6.82324 6.78007 6.73758 6.69576 6.6546 6.6141 6.57424 6.53502 6.49643 6.45847 6.42111 6.38436 6.34822 6.31267 6.27769 6.2433 6.20947 6.17621 6.14349 6.11133 6.0797 6.04861 6.01804 5.98799 5.95846 5.92943 5.9009 5.87285 5.8453 5.81823 5.79163 5.7655 5.73982 5.71461 5.68985 5.66553 5.64165 5.61821 5.59519 5.5726 5.55043 5.52868 5.50733 5.48639 5.46585 5.4457 5.42595 5.40659 5.38761 5.36901 5.35079 5.33294 5.31546 5.29834 5.28159 5.2652 5.24916 5.23347 5.21813 5.20314 5.1885 5.17419
7.19291 7.14428 7.09638 7.04921 7.00275 6.957 6.91195 6.86759 6.82392 6.78093 6.73861 6.69695 6.65595 6.61559 6.57587 6.53679 6.49832 6.46047 6.42324 6.38659 6.35055 6.31509 6.2802 6.24589 6.21214 6.17895 6.1463 6.1142 6.08263 6.05159 6.02107 5.99106 5.96156 5.93256 5.90406 5.87605 5.84851 5.82146 5.79487 5.76875 5.74309 5.71788 5.69311 5.66879 5.64491 5.62145 5.59843 5.57582 5.55363 5.53186 5.51049 5.48952 5.46895 5.44877 5.42899 5.40959 5.39057 5.37193 5.35367 5.33577 5.31824 5.30107 5.28427 5.26782 5.25173 5.23598 5.22058 5.20553 5.19082 5.17645
7.1913 7.14293 7.09528 7.04834 7.00211 6.95657 6.91174 6.86758 6.82411 6.7813 6.73915 6.69767 6.65682 6.61662 6.57705 6.5381 6.49977 6.46205 6.42492 6.3884 6.35246 6.3171 6.28231 6.24808 6.21442 6.1813 6.14873 6.11669 6.08519 6.0542 6.02373 5.99378 5.96432 5.93536 5.9069 5.87891 5.85141 5.82438 5.79781 5.7717 5.74605 5.72085 5.69609 5.67177 5.64789 5.62443 5.6014 5.57878 5.55658 5.53479 5.5134 5.49241 5.47182 5.45162 5.4318 5.41237 5.39332 5.37464 5.35634 5.3384 5.32082 5.30361 5.28676 5.27026 5.25411 5.23831 5.22286 5.20775 5.19298 5.17854
7.18914 7.14103 7.09363 7.04694 7.00094 6.95563 6.91101 6.86706 6.82379 6.78117 6.73921 6.6979 6.65722 6.61718 6.57776 6.53896 6.50077 6.46318 6.42619 6.38978 6.35395 6.3187 6.28401 6.24988 6.2163 6.18327 6.15078 6.11881 6.08738 6.05646 6.02605 5.99615 5.96674 5.93783 5.9094 5.88145 5.85398 5.82698 5.80044 5.77436 5.74872 5.72354 5.69879 5.67448 5.6506 5.62714 5.60411 5.58149 5.55927 5.53747 5.51607 5.49506 5.47445 5.45423 5.43439 5.41493 5.39584 5.37714 5.35879 5.34082 5.32321 5.30595 5.28906 5.27251 5.25632 5.24047 5.22496 5.20979 5.19496 5.18047
7.18642 7.13858 7.09144 7.045 6.99924 6.95417 6.90977 6.86604 6.82297 6.78056 6.73879 6.69766 6.65716 6.61728 6.57802 6.53937 6.50133 6.46388 6.42701 6.39073 6.35503 6.31989 6.28531 6.25128 6.2178 6.18486 6.15245 6.12057 6.0892 6.05835 6.02801 5.99817 5.96882 5.93996 5.91158 5.88367 5.85624 5.82927 5.80276 5.77671 5.7511 5.72593 5.7012 5.6769 5.65303 5.62958 5.60655 5.58393 5.56171 5.5399 5.51849 5.49747 5.47684 5.4566 5.43674 5.41726 5.39815 5.37942 5.36104 5.34304 5.32539 5.3081 5.29116 5.27457 5.25833 5.24244 5.22688 5.21166 5.19678 5.18223
7.18315 7.13559 7.08872 7.04253 6.99702 6.95219 6.90802 6.86452 6.82166 6.77945 6.73788 6.69693 6.65661 6.61691 6.57782 6.53933 6.50144 6.46414 6.42741 6.39126 6.35568 6.32066 6.2862 6.25228 6.2189 6.18606 6.15374 6.12194 6.09066 6.05989 6.02962 5.99984 5.97055 5.94175 5.91342 5.88557 5.85818 5.83125 5.80478 5.77875 5.75317 5.72803 5.70332 5.67904 5.65518 5.63174 5.60872 5.5861 5.56389 5.54208 5.52066 5.49964 5.479 5.45875 5.43887 5.41937 5.40024 5.38148 5.36308 5.34505 5.32737 5.31004 5.29307 5.27645 5.26016 5.24423 5.22863 5.21336 5.19843 5.18383
7.17934 7.13205 7.08546 7.03953 6.99428 6.94969 6.90576 6.86248 6.81985 6.77785 6.73648 6.69573 6.6556 6.61608 6.57717 6.53884 6.50111 6.46396 6.42738 6.39137 6.35592 6.32103 6.28669 6.25288 6.21961 6.18687 6.15465 6.12295 6.09175 6.06106 6.03087 6.00117 5.97195 5.9432 5.91494 5.88714 5.8598 5.83291 5.80648 5.7805 5.75495 5.72984 5.70515 5.6809 5.65706 5.63364 5.61062 5.58802 5.56581 5.544 5.52259 5.50156 5.48092 5.46065 5.44077 5.42125 5.40211 5.38333 5.36491 5.34685 5.32914 5.31179 5.29478 5.27812 5.26181 5.24583 5.23019 5.21488 5.19991 5.18526
7.17498 7.12798 7.08166 7.03601 6.99102 6.94668 6.903 6.85995 6.81754 6.77576 6.7346 6.69406 6.65413 6.61479 6.57606 6.53791 6.50034 6.46335 6.42692 6.39105 6.35575 6.32099 6.28677 6.25309 6.21993 6.1873 6.15519 6.12358 6.09248 6.06188 6.03176 6.00214 5.97299 5.94432 5.91612 5.88838 5.86109 5.83426 5.80788 5.78193 5.75643 5.73135 5.7067 5.68247 5.65866 5.63526 5.61226 5.58967 5.56747 5.54567 5.52426 5.50324 5.48259 5.46233 5.44243 5.42291 5.40375 5.38496 5.36652 5.34844 5.33071 5.31333 5.2963 5.27961 5.26326 5.24725 5.23157 5.21622 5.2012 5.18651
7.17007 7.12337 7.07734 7.03196 6.98724 6.94316 6.89972 6.85692 6.81474 6.77319 6.73224 6.69191 6.65218 6.61304 6.57449 6.53652 6.49912 6.4623 6.42603 6.39032 6.35515 6.32053 6.28645 6.25289 6.21986 6.18734 6.15534 6.12384 6.09284 6.06233 6.0323 6.00276 5.97369 5.9451 5.91697 5.88929 5.86207 5.83529 5.80896 5.78307 5.7576 5.73257 5.70795 5.68376 5.65998 5.6366 5.61363 5.59105 5.56887 5.54709 5.52569 5.50467 5.48403 5.46376 5.44386 5.42434 5.40517 5.38637 5.36792 5.34982 5.33207 5.31467 5.29762 5.2809 5.26452 5.24848 5.23277 5.21739 5.20233 5.1876
7.16463 7.11822 7.07248 7.02739 6.98294 6.93913 6.89594 6.85339 6.81145 6.77013 6.72941 6.68929 6.64976 6.61083 6.57247 6.53468 6.49746 6.46081 6.42471 6.38916 6.35414 6.31967 6.28572 6.2523 6.21939 6.187 6.15511 6.12372 6.09283 6.06242 6.03249 6.00304 5.97405 5.94554 5.91748 5.88988 5.86272 5.83601 5.80973 5.78389 5.75848 5.73349 5.70892 5.68476 5.66101 5.63767 5.61472 5.59217 5.57002 5.54824 5.52686 5.50585 5.48522 5.46496 5.44506 5.42553 5.40637 5.38755 5.3691 5.35099 5.33322 5.31581 5.29873 5.282 5.26559 5.24952 5.23378 5.21837 5.20328 5.18851
7.15864 7.11254 7.0671 7.02229 6.97812 6.93458 6.89167 6.84936 6.80767 6.76658 6.72609 6.6862 6.64689 6.60815 6.56999 6.5324 6.49537 6.45889 6.42296 6.38757 6.35272 6.3184 6.2846 6.25131 6.21854 6.18627 6.15451 6.12323 6.09245 6.06214 6.03232 6.00296 5.97407 5.94564 5.91766 5.89013 5.86305 5.8364 5.81019 5.78441 5.75905 5.73412 5.70959 5.68548 5.66177 5.63846 5.61555 5.59303 5.57089 5.54915 5.52778 5.50679 5.48617 5.46591 5.44603 5.4265 5.40733 5.38852 5.37006 5.35194 5.33417 5.31674 5.29965 5.28289 5.26647 5.25038 5.23461 5.21917 5.20405 5.18925
7.15212 7.10634 7.06119 7.01669 6.9728 6.92954 6.88688 6.84484 6.8034 6.76256 6.7223 6.68264 6.64355 6.60503 6.56707 6.52968 6.49283 6.45654 6.42079 6.38557 6.35088 6.31672 6.28307 6.24993 6.2173 6.18517 6.15353 6.12237 6.0917 6.06151 6.03179 6.00253 5.97374 5.9454 5.91751 5.89006 5.86306 5.83649 5.81034 5.78463 5.75933 5.73444 5.70997 5.68591 5.66224 5.63897 5.6161 5.59361 5.57151 5.54979 5.52845 5.50747 5.48687 5.46663 5.44676 5.42724 5.40807 5.38926 5.3708 5.35268 5.3349 5.31746 5.30036 5.28359 5.26715 5.25104 5.23525 5.21979 5.20464 5.18982
7.14507 7.0996 7.05477 7.01056 6.96697 6.92398 6.88161 6.83983 6.79865 6.75805 6.71805 6.67861 6.63974 6.60145 6.5637 6.52651 6.48986 6.45376 6.41819 6.38315 6.34863 6.31463 6.28114 6.24815 6.21567 6.18367 6.15217 6.12114 6.0906 6.06052 6.03091 6.00176 5.97307 5.94483 5.91703 5.88967 5.86274 5.83625 5.81018 5.78453 5.7593 5.73448 5.71006 5.68605 5.66243 5.63921 5.61638 5.59393 5.57186 5.55018 5.52886 5.50791 5.48733 5.46711 5.44725 5.42774 5.40859 5.38979 5.37132 5.35321 5.33543 5.31798 5.30087 5.28409 5.26764 5.25151 5.23571 5.22022 5.20506 5.1902
7.13749 7.09235 7.04783 7.00392 6.96063 6.91793 6.87584 6.83433 6.79342 6.75307 6.71331 6.67412 6.63548 6.59741 6.55988 6.5229 6.48646 6.45055 6.41517 6.38031 6.34597 6.31214 6.27881 6.24598 6.21364 6.1818 6.15043 6.11954 6.08912 6.05917 6.02968 6.00064 5.97205 5.94391 5.91621 5.88894 5.86211 5.8357 5.80971 5.78413 5.75897 5.73421 5.70986 5.68591 5.66235 5.63917 5.61639 5.59398 5.57195 5.5503 5.52902 5.5081 5.48754 5.46735 5.44751 5.42802 5.40888 5.39008 5.37163 5.35351 5.33574 5.31829 5.30118 5.28439 5.26793 5.25179 5.23597 5.22047 5.20528 5.19041
7.12938 7.08457 7.04037 6.99678 6.95378 6.91138 6.86958 6.82835 6.7877 6.74762 6.70811 6.66916 6.63077 6.59292 6.55562 6.51886 6.48262 6.44692 6.41173 6.37706 6.3429 6.30924 6.27608 6.24341 6.21124 6.17954 6.14832 6.11757 6.08728 6.05746 6.02809 5.99917 5.97069 5.94266 5.91506 5.88789 5.86115 5.83483 5.80892 5.78343 5.75834 5.73366 5.70937 5.68548 5.66197 5.63886 5.61612 5.59377 5.57178 5.55017 5.52892 5.50804 5.48751 5.46734 5.44753 5.42806 5.40893 5.39015 5.37171 5.35361 5.33584 5.31839 5.30128 5.28449 5.26803 5.25188 5.23605 5.22054 5.20533 5.19044
7.12076 7.07628 7.03241 6.98913 6.94644 6.90434 6.86283 6.82188 6.78151 6.7417 6.70245 6.66375 6.6256 6.58799 6.55091 6.51437 6.47835 6.44286 6.40787 6.3734 6.33942 6.30594 6.27296 6.24046 6.20845 6.1769 6.14583 6.11523 6.08508 6.05539 6.02615 5.99735 5.969 5.94107 5.91358 5.88652 5.85987 5.83364 5.80783 5.78241 5.75741 5.7328 5.70858 5.68476 5.66132 5.63826 5.61558 5.59328 5.57134 5.54978 5.52857 5.50772 5.48723 5.4671 5.44731 5.42786 5.40876 5.39 5.37158 5.35348 5.33572 5.31829 5.30118 5.28439 5.26792 5.25177 5.23594 5.22041 5.2052 5.1903
7.11161 7.06748 7.02393 6.98097 6.9386 6.89681 6.85559 6.81493 6.77484 6.7353 6.69632 6.65788 6.61998 6.58261 6.54577 6.50946 6.47366 6.43837 6.40359 6.36932 6.33554 6.30225 6.26944 6.23712 6.20527 6.17389 6.14297 6.11252 6.08252 6.05296 6.02386 5.99519 5.96696 5.93915 5.91177 5.88481 5.85827 5.83214 5.80642 5.7811 5.75618 5.73165 5.70751 5.68376 5.66039 5.63739 5.61477 5.59253 5.57065 5.54913 5.52797 5.50716 5.48671 5.46661 5.44685 5.42744 5.40836 5.38962 5.37122 5.35314 5.33539 5.31797 5.30087 5.28409 5.26762 5.25147 5.23564 5.2201 5.20488 5.18997
7.10195 7.05816 7.01495 6.97233 6.93027 6.88879 6.84787 6.80751 6.7677 6.72845 6.68973 6.65155 6.61391 6.57679 6.54019 6.50411 6.46854 6.43347 6.3989 6.36483 6.33125 6.29815 6.26553 6.23339 6.20171 6.1705 6.13975 6.10945 6.07959 6.05018 6.02122 5.99268 5.96457 5.93689 5.90963 5.88279 5.85636 5.83033 5.8047 5.77948 5.75464 5.7302 5.70614 5.68247 5.65917 5.63625 5.6137 5.59151 5.56968 5.54822 5.52711 5.50635 5.48594 5.46588 5.44616 5.42677 5.40773 5.38902 5.37064 5.35258 5.33485 5.31744 5.30035 5.28358 5.26712 5.25098 5.23514 5.21961 5.20438 5.18946
7.09179 7.04834 7.00548 6.96318 6.92146 6.88029 6.83968 6.79962 6.7601 6.72113 6.68269 6.64478 6.60739 6.57053 6.53417 6.49833 6.46299 6.42815 6.3938 6.35994 6.32656 6.29366 6.26123 6.22927 6.19777 6.16673 6.13615 6.10601 6.07631 6.04705 6.01823 5.98983 5.96186 5.9343 5.90716 5.88044 5.85412 5.8282 5.80268 5.77755 5.75281 5.72846 5.70449 5.68089 5.65768 5.63482 5.61234 5.59022 5.56845 5.54705 5.52599 5.50529 5.48492 5.46491 5.44522 5.42588 5.40687 5.38819 5.36983 5.3518 5.3341 5.31671 5.29963 5.28288 5.26643 5.25029 5.23445 5.21892 5.2037 5.18877
7.08112 7.03803 6.99551 6.95355 6.91215 6.87131 6.83101 6.79125 6.75204 6.71335 6.67519 6.63755 6.60044 6.56383 6.52773 6.49213 6.45702 6.42241 6.38829 6.35464 6.32147 6.28878 6.25654 6.22477 6.19346 6.1626 6.13218 6.10221 6.07267 6.04357 6.01489 5.98664 5.9588 5.93138 5.90437 5.87777 5.85156 5.82576 5.80035 5.77532 5.75068 5.72642 5.70254 5.67903 5.6559 5.63312 5.61071 5.58866 5.56697 5.54562 5.52462 5.50397 5.48366 5.46369 5.44406 5.42475 5.40578 5.38713 5.36881 5.35081 5.33312 5.31576 5.2987 5.28196 5.26553 5.2494 5.23357 5.21805 5.20283 5.1879
7.06994 7.02722 6.98505 6.94344 6.90237 6.86185 6.82187 6.78242 6.74351 6.70512 6.66725 6.62989 6.59304 6.5567 6.52085 6.4855 6.45064 6.41627 6.38237 6.34894 6.31599 6.2835 6.25147 6.21989 6.18877 6.15809 6.12785 6.09805 6.06868 6.03973 6.01121 5.9831 5.95541 5.92813 5.90125 5.87478 5.84869 5.82301 5.79771 5.77279 5.74826 5.7241 5.70031 5.67689 5.65384 5.63115 5.60882 5.58684 5.56521 5.54393 5.523 5.50241 5.48215 5.46224 5.44265 5.42339 5.40446 5.38585 5.36756 5.34959 5.33194 5.3146 5.29757 5.28085 5.26443 5.24831 5.2325 5.21699 5.20177 5.18684
7.05828 7.01592 6.9741 6.93284 6.89211 6.85192 6.81227 6.77313 6.73453 6.69643 6.65885 6.62178 6.58521 6.54914 6.51355 6.47846 6.44384 6.40971 6.37604 6.34285 6.31011 6.27784 6.24601 6.21464 6.1837 6.15321 6.12316 6.09353 6.06433 6.03555 6.00718 5.97923 5.95169 5.92455 5.89781 5.87146 5.84551 5.81994 5.79476 5.76996 5.74553 5.72148 5.69779 5.67447 5.6515 5.6289 5.60665 5.58475 5.5632 5.54199 5.52112 5.5006 5.4804 5.46054 5.441 5.42179 5.40291 5.38434 5.36609 5.34816 5.33054 5.31323 5.29622 5.27953 5.26313 5.24703 5.23124 5.21573 5.20053 5.18561
7.04612 7.00413 6.96267 6.92176 6.88138 6.84153 6.8022 6.76339 6.72509 6.68731 6.65002 6.61324 6.57695 6.54115 6.50583 6.471 6.43664 6.40274 6.36932 6.33635 6.30384 6.27178 6.24017 6.209 6.17827 6.14798 6.1181 6.08866 6.05963 6.03102 6.00282 5.97503 5.94763 5.92064 5.89404 5.86783 5.84201 5.81657 5.79151 5.76683 5.74251 5.71857 5.69498 5.67176 5.64889 5.62638 5.60421 5.5824 5.56092 5.53979 5.519 5.49853 5.4784 5.4586 5.43912 5.41997 5.40113 5.38261 5.3644 5.34651 5.32893 5.31165 5.29467 5.278 5.26163 5.24556 5.22978 5.21429 5.1991 5.18419
7.03348 6.99186 6.95077 6.91022 6.87018 6.83067 6.79168 6.75319 6.71522 6.67774 6.64076 6.60426 6.56826 6.53274 6.4977 6.46312 6.42902 6.39538 6.3622 6.32947 6.29719 6.26535 6.23396 6.203 6.17247 6.14237 6.11269 6.08343 6.05458 6.02614 5.99811 5.97048 5.94325 5.91641 5.88996 5.86389 5.8382 5.81289 5.78796 5.7634 5.7392 5.71536 5.69189 5.66877 5.646 5.62358 5.60151 5.57978 5.55839 5.53734 5.51661 5.49622 5.47616 5.45642 5.437 5.4179 5.39912 5.38065 5.36249 5.34464 5.3271 5.30986 5.29292 5.27628 5.25993 5.24388 5.22812 5.21266 5.19748 5.18259
7.02035 6.97911 6.9384 6.8982 6.85853 6.81936 6.7807 6.74255 6.70489 6.66773 6.63105 6.59486 6.55915 6.52391 6.48915 6.45484 6.421 6.38761 6.35468 6.32219 6.29015 6.25854 6.22737 6.19662 6.1663 6.1364 6.10692 6.07785 6.04919 6.02093 5.99307 5.9656 5.93853 5.91185 5.88555 5.85963 5.83408 5.80891 5.78411 5.75967 5.73559 5.71187 5.68851 5.6655 5.64284 5.62052 5.59854 5.5769 5.55559 5.53462 5.51398 5.49366 5.47367 5.454 5.43465 5.41561 5.39688 5.37847 5.36035 5.34255 5.32505 5.30785 5.29095 5.27434 5.25803 5.24201 5.22628 5.21084 5.19568 5.18081
7.00675 6.9659 6.92556 6.88573 6.84641 6.8076 6.76928 6.73146 6.69413 6.65729 6.62092 6.58504 6.54962 6.51467 6.48019 6.44616 6.41258 6.37946 6.34678 6.31453 6.28273 6.25136 6.22041 6.18988 6.15978 6.13008 6.1008 6.07193 6.04345 6.01538 5.98769 5.9604 5.9335 5.90697 5.88083 5.85505 5.82966 5.80462 5.77995 5.75565 5.7317 5.7081 5.68485 5.66195 5.63939 5.61718 5.5953 5.57376 5.55254 5.53166 5.5111 5.49086 5.47094 5.45134 5.43205 5.41308 5.39441 5.37606 5.358 5.34025 5.3228 5.30564 5.28878 5.27221 5.25593 5.23995 5.22424 5.20882 5.19369 5.17883
6.99269 6.95222 6.91226 6.8728 6.83384 6.79538 6.75742 6.71994 6.68294 6.64642 6.61037 6.57479 6.53968 6.50502 6.47082 6.43707 6.40377 6.37091 6.33848 6.30649 6.27493 6.2438 6.21308 6.18278 6.15289 6.12341 6.09433 6.06566 6.03737 6.00949 5.98199 5.95487 5.92813 5.90177 5.87579 5.85017 5.82492 5.80003 5.7755 5.75133 5.72751 5.70404 5.68091 5.65812 5.63568 5.61357 5.5918 5.57035 5.54923 5.52844 5.50796 5.48781 5.46797 5.44844 5.42923 5.41032 5.39172 5.37342 5.35542 5.33773 5.32032 5.30322 5.2864 5.26987 5.25363 5.23768 5.22201 5.20662 5.19151 5.17668
6.97816 6.93808 6.8985 6.85942 6.82083 6.78273 6.74512 6.70798 6.67132 6.63512 6.5994 6.56413 6.52932 6.49497 6.46105 6.42759 6.39456 6.36197 6.32981 6.29808 6.26676 6.23586 6.20538 6.17531 6.14565 6.11638 6.08751 6.05904 6.03096 6.00326 5.97595 5.94901 5.92245 5.89626 5.87044 5.84498 5.81989 5.79514 5.77076 5.74673 5.72304 5.69969 5.67669 5.65402 5.6317 5.6097 5.58803 5.56669 5.54566 5.52496 5.50458 5.48451 5.46475 5.44531 5.42617 5.40733 5.3888 5.37057 5.35263 5.33499 5.31764 5.30058 5.28381 5.26733 5.25113 5.23522 5.21958 5.20423 5.18915 5.17435
6.96316 6.92348 6.88429 6.8456 6.80738 6.76964 6.73238 6.69559 6.65928 6.62341 6.58801 6.55306 6.51856 6.48451 6.45089 6.41772 6.38497 6.35265 6.32076 6.28928 6.25822 6.22757 6.19733 6.16749 6.13805 6.10901 6.08035 6.05209 6.02421 5.99671 5.96958 5.94283 5.91645 5.89043 5.86478 5.83949 5.81455 5.78996 5.76572 5.74183 5.71828 5.69507 5.67219 5.64965 5.62744 5.60556 5.584 5.56276 5.54184 5.52124 5.50095 5.48097 5.4613 5.44194 5.42287 5.40412 5.38565 5.36749 5.34961 5.33203 5.31474 5.29774 5.28102 5.26459 5.24843 5.23256 5.21696 5.20165 5.1866 5.17183
6.94772 6.90844 6.86965 6.83133 6.79349 6.75613 6.71922 6.68279 6.64681 6.61129 6.57622 6.54159 6.50741 6.47366 6.44034 6.40746 6.37499 6.34296 6.31133 6.28012 6.24932 6.21892 6.18892 6.15932 6.13011 6.10129 6.07285 6.0448 6.01713 5.98983 5.9629 5.93633 5.91013 5.8843 5.85881 5.83369 5.80891 5.78448 5.76039 5.73665 5.71324 5.69016 5.66742 5.64501 5.62292 5.60115 5.57971 5.55858 5.53777 5.51727 5.49707 5.47719 5.45761 5.43833 5.41935 5.40067 5.38228 5.36418 5.34638 5.32886 5.31164 5.29469 5.27803 5.26164 5.24554 5.22971 5.21415 5.19887 5.18386 5.16912
6.93184 6.89296 6.85456 6.81663 6.77918 6.74218 6.70565 6.66957 6.63394 6.59876 6.56402 6.52972 6.49585 6.46242 6.4294 6.39681 6.36464 6.33288 6.30153 6.27059 6.24005 6.2099 6.18015 6.15079 6.12182 6.09323 6.06502 6.03718 6.00972 5.98262 5.95589 5.92952 5.90351 5.87785 5.85254 5.82759 5.80298 5.77871 5.75477 5.73118 5.70791 5.68498 5.66238 5.64009 5.61813 5.59649 5.57516 5.55414 5.53344 5.51304 5.49295 5.47316 5.45368 5.43449 5.41559 5.39699 5.37868 5.36066 5.34293 5.32548 5.30831 5.29143 5.27483 5.25849 5.24244 5.22666 5.21115 5.19591 5.18094 5.16624
6.91551 6.87705 6.83905 6.80151 6.76444 6.72782 6.69165 6.65593 6.62066 6.58582 6.55142 6.51745 6.48391 6.45079 6.41808 6.38579 6.35392 6.32244 6.29137 6.2607 6.23043 6.20054 6.17104 6.14193 6.11319 6.08483 6.05685 6.02923 6.00198 5.97509 5.94856 5.92239 5.89657 5.8711 5.84597 5.82119 5.79675 5.77264 5.74887 5.72543 5.70231 5.67952 5.65706 5.63491 5.61308 5.59156 5.57035 5.54946 5.52886 5.50858 5.48859 5.4689 5.44951 5.43041 5.41161 5.39309 5.37486 5.35692 5.33926 5.32188 5.30478 5.28796 5.27142 5.25515 5.23915 5.22342 5.20796 5.19276 5.17784 5.16317
