109.383504514
109.383434197
109.38336388
109.383293564
109.383223247
109.38315293
109.383082614
109.383012297
109.38294198
109.382871664
109.382801347
109.38273103
109.382660714
109.382590397
109.38252008
109.382449764
109.382379447
109.38230913
109.382238813
109.382168497
109.38209818
109.382027863
109.381957547
109.38188723
109.381816913
109.381746597
109.38167628
109.381605963
109.381535647
109.38146533
109.381395013
109.381324697
109.38125438
109.381184063
109.381113746
109.38104343
109.380973113
109.380902796
109.38083248
109.380762163
109.380691846
109.38062153
109.380551213
109.380480896
109.38041058
109.380340263
109.380269946
109.38019963
109.380129313
109.380058996
109.37998868
109.379918363
109.379848046
109.379777729
109.379707413
109.379637096
109.379566779
109.379496463
109.379426146
109.379355829
109.379285513
109.379215196
109.379144879
109.379074563
109.379004246
109.378933929
109.378863613
109.378793296
109.378722979
109.378652662
