37.7484672936
37.7485228955
37.7485784974
37.7486340992
37.7486897011
37.748745303
37.7488009049
37.7488565068
37.7489121087
37.7489677106
37.7490233125
37.7490789144
37.7491345163
37.7491901182
37.74924572
37.7493013219
37.7493569238
37.7494125257
37.7494681276
37.7495237295
37.7495793314
37.7496349333
37.7496905352
37.7497461371
37.7498017389
37.7498573408
37.7499129427
37.7499685446
37.7500241465
37.7500797484
37.7501353503
37.7501909522
37.7502465541
37.750302156
37.7503577579
37.7504133597
37.7504689616
37.7505245635
37.7505801654
37.7506357673
37.7506913692
37.7507469711
37.750802573
37.7508581749
37.7509137768
37.7509693786
37.7510249805
37.7510805824
37.7511361843
37.7511917862
37.7512473881
37.75130299
37.7513585919
37.7514141938
37.7514697957
37.7515253976
37.7515809994
37.7516366013
37.7516922032
37.7517478051
37.751803407
37.7518590089
37.7519146108
37.7519702127
37.7520258146
37.7520814165
37.7521370183
37.7521926202
37.7522482221
37.752303824
