9.50963 9.11494 8.72772 8.35088 7.98752 7.64058 7.31255 7.00525 6.71984 6.4569 6.21662 5.99901 5.80412 5.63206 5.48303 5.35711 5.25421 5.17384 5.11517 5.07698 5.0578 5.05594 5.0697 5.09737 5.13735 5.18818 5.24854 5.31729 5.39346 5.47622 5.56487 5.65884 5.75769 5.86104 5.96863 6.08027 6.19583 6.31525 6.43852 6.5657 6.6969 6.83228 6.97203 7.11644 7.26581 7.42052 7.58103 7.74785 7.92158 8.1029 8.29263 8.49167 8.70109 8.92212 9.15617 9.4049 9.67025 9.95445 10.2602 10.5906 10.9494 11.341 11.7708 12.2452 12.7721 13.3613 14.0248 14.7777 15.6393 16.6345
9.21955 8.86598 8.52839 8.208 7.90607 7.62358 7.36092 7.11776 6.89297 6.68477 6.49118 6.31039 6.1413 5.98373 5.83843 5.70683 5.59059 5.49123 5.40981 5.34675 5.30186 5.27446 5.26347 5.2676 5.28545 5.31565 5.35686 5.40787 5.46759 5.53506 5.60945 5.69006 5.77629 5.86768 5.96382 6.06442 6.16925 6.27815 6.39102 6.50784 6.62863 6.75345 6.88244 7.01578 7.15371 7.29653 7.44457 7.59828 7.75815 7.92475 8.09877 8.28099 8.47232 8.67382 8.88673 9.11245 9.35269 9.6094 9.88488 10.1819 10.5036 10.8538 11.2373 11.6594 12.127 12.6483 13.2334 13.895 14.6492 15.5163
8.89736 8.57579 8.27997 8.01008 7.76616 7.54784 7.35392 7.18201 7.02835 6.88803 6.75548 6.62546 6.49415 6.35994 6.22372 6.08844 5.95825 5.8375 5.72994 5.63828 5.56409 5.50788 5.46934 5.44762 5.4415 5.44962 5.47058 5.50303 5.54571 5.59748 5.65736 5.72446 5.79806 5.87752 5.96233 6.05205 6.14635 6.24498 6.34774 6.45452 6.56525 6.67992 6.79858 6.92134 7.04835 7.17983 7.31605 7.45734 7.60411 7.75684 7.91609 8.08253 8.25694 8.44023 8.63345 8.83786 9.05491 9.2863 9.53404 9.8005 10.0885 10.4014 10.7431 11.1185 11.5334 11.9947 12.5113 13.0939 13.7558 14.5141
8.54518 8.2436 7.9788 7.75058 7.55854 7.40181 7.27837 7.18441 7.11368 7.05733 7.00451 6.94405 6.86677 6.76763 6.64683 6.50927 6.36282 6.21614 6.07702 5.95139 5.84307 5.75402 5.68473 5.63469 5.60276 5.58749 5.58728 5.60056 5.62582 5.66171 5.70702 5.76066 5.82173 5.88944 5.96312 6.04222 6.12629 6.21496 6.30796 6.40506 6.50612 6.61105 6.71983 6.83248 6.94909 7.0698 7.19479 7.32432 7.45871 7.59835 7.7437 7.89532 8.05387 8.22014 8.39502 8.5796 8.77514 8.98312 9.20531 9.44377 9.70096 9.97981 10.2838 10.6171 10.9848 11.393 11.8491 12.3624 12.9443 13.6092
8.17049 7.87329 7.62506 7.42584 7.27562 7.17404 7.11963 7.10851 7.13287 7.17975 7.2311 7.26605 7.26547 7.21717 7.11912 6.97906 6.81092 6.63039 6.45135 6.28419 6.13558 6.00897 5.9055 5.82478 5.76548 5.72585 5.70393 5.69779 5.70561 5.72572 5.75665 5.79711 5.84596 5.90225 5.96517 6.03402 6.10824 6.18734 6.27097 6.3588 6.45062 6.54626 6.64562 6.74865 6.85538 6.96585 7.0802 7.1986 7.32129 7.44858 7.58083 7.71853 7.8622 8.01251 8.17024 8.33633 8.51187 8.69814 8.8967 9.10935 9.33826 9.58599 9.85561 10.1508 10.476 10.8365 11.2388 11.691 12.203 12.7869
7.78815 7.47551 7.22484 7.03705 6.91331 6.85494 6.86275 6.9352 7.06541 7.23765 7.42508 7.59171 7.70037 7.72449 7.65694 7.51033 7.30946 7.08175 6.85038 6.63169 6.43543 6.26627 6.12547 6.01223 5.92465 5.86035 5.8168 5.79156 5.78238 5.78723 5.80434 5.83216 5.86934 5.91475 5.96742 6.02652 6.09137 6.16139 6.23611 6.31515 6.39819 6.48501 6.57543 6.66935 6.7667 6.86749 6.97176 7.07964 7.19128 7.30691 7.42683 7.5514 7.68109 7.81644 7.95812 8.10693 8.26381 8.42989 8.60651 8.79528 8.9981 9.21722 9.45538 9.71581 10.0024 10.32 10.6741 11.0719 11.522 12.0351
7.42292 7.0703 6.79281 6.59301 6.47387 6.43945 6.49477 6.64404 6.88618 7.20724 7.57221 7.92263 8.18865 8.31489 8.28374 8.11794 7.86317 7.56686 7.26582 6.9834 6.73182 6.51582 6.33568 6.18939 6.07385 5.98566 5.92147 5.87822 5.85312 5.84375 5.848 5.86408 5.89041 5.9257 5.96882 6.01882 6.0749 6.13641 6.20277 6.27353 6.34832 6.42682 6.50881 6.59412 6.68262 6.77425 6.86902 6.96696 7.06817 7.17281 7.2811 7.39333 7.50987 7.63117 7.75779 7.89041 8.02985 8.17708 8.33328 8.49986 8.6785 8.87122 9.08042 9.309 9.56043 9.83892 10.1496 10.4986 10.8936 11.344
7.11255 6.69075 6.35608 6.11385 5.96965 5.93093 6.00844 6.21606 6.56615 7.05712 7.6527 8.26407 8.76139 9.02991 9.03207 8.81556 8.4682 8.07106 7.67863 7.32009 7.0074 6.74287 6.52403 6.34646 6.2052 6.09547 6.01292 5.95373 5.91458 5.89263 5.8855 5.8911 5.90772 5.93388 5.96834 6.01004 6.05809 6.11175 6.17038 6.23345 6.30053 6.37126 6.44534 6.52256 6.60274 6.68577 6.77158 6.86015 6.95154 7.04583 7.14317 7.24377 7.34794 7.45603 7.56851 7.68595 7.80904 7.93864 8.07577 8.22167 8.37784 8.54605 8.72848 8.92768 9.1468 9.3896 9.66064 9.9655 10.311 10.7054
6.91091 6.38762 5.95954 5.63656 5.42838 5.34653 5.40799 5.63912 6.0753 6.74699 7.63933 8.63088 9.47869 9.93918 9.94159 9.60283 9.09747 8.55713 8.05212 7.61019 7.23674 6.92759 6.67522 6.4717 6.30969 6.18283 6.08573 6.01385 5.9634 5.93123 5.91468 5.91151 5.91986 5.93815 5.96503 5.99939 6.04026 6.08683 6.13841 6.19444 6.25442 6.31794 6.38468 6.45435 6.52675 6.6017 6.6791 6.75887 6.84102 6.92556 7.0126 7.10227 7.1948 7.29047 7.38966 7.49283 7.60059 7.71366 7.83293 7.95951 8.09469 8.24008 8.39761 8.56961 8.75888 8.96884 9.20361 9.46823 9.76882 10.113
6.88921 6.23383 5.67323 5.22366 4.9017 4.7251 4.71725 4.91677 5.38952 6.22787 7.49504 9.0636 10.4662 11.1566 11.0362 10.4281 9.67149 8.94925 8.32524 7.80795 7.38654 7.04589 6.77179 6.55233 6.37785 6.24064 6.13449 6.05443 5.99638 5.95701 5.93355 5.9237 5.92554 5.93744 5.95803 5.98614 6.02079 6.06112 6.10643 6.15611 6.20963 6.26655 6.32651 6.38919 6.45435 6.52177 6.5913 6.66284 6.73631 6.81171 6.88906 6.96845 7.05003 7.13402 7.22071 7.31048 7.40383 7.50138 7.6039 7.71235 7.82789 7.95195 8.08625 8.23291 8.39446 8.57402 8.77532 9.00297 9.26255 9.56095
7.13207 6.32495 5.59893 4.97555 4.4801 4.14117 3.99211 4.08175 4.5047 5.44667 7.17049 9.67868 12.0103 12.8289 12.2205 11.1013 10.0179 9.12203 8.41361 7.85775 7.41988 7.07284 6.79653 6.57619 6.40091 6.26243 6.1544 6.07182 6.0107 5.96778 5.9404 5.92632 5.92368 5.93089 5.94661 5.96971 5.99919 6.03422 6.07408 6.11814 6.16588 6.21683 6.2706 6.32686 6.38532 6.44576 6.50797 6.5718 6.63717 6.70399 6.77226 6.842 6.9133 6.98631 7.06124 7.13841 7.21821 7.30117 7.38795 7.47937 7.57647 7.68052 7.79307 7.91602 8.05169 8.20292 8.37316 8.5666 8.7884 9.04488
7.72763 6.77033 5.86772 5.04015 4.31592 3.73417 3.34611 3.21791 3.46232 4.36286 6.60411 10.8676 14.7973 14.8507 12.9636 11.1826 9.86791 8.92365 8.23132 7.7093 7.30601 6.98877 6.73631 6.53422 6.37241 6.2435 6.14192 6.06334 6.00429 5.96195 5.93396 5.91835 5.91345 5.91783 5.93025 5.94965 5.9751 6.00581 6.04108 6.08031 6.12297 6.16859 6.21678 6.26719 6.31951 6.37349 6.42891 6.4856 6.54339 6.60221 6.66198 6.72267 6.78433 6.84703 6.91092 6.97624 7.0433 7.11254 7.1845 7.25991 7.33966 7.42488 7.51697 7.61766 7.72906 7.85377 7.99497 8.15654 8.34326 8.56098
8.75725 7.67776 6.62182 5.60156 4.63551 3.75537 3.01715 2.51483 2.39608 2.99732 5.74566 14.5483 19.715 15.3348 11.9933 10.1253 9.00393 8.26445 7.73833 7.34278 7.03395 6.78691 6.58657 6.42312 6.28986 6.18191 6.09554 6.02778 5.97619 5.93872 5.91359 5.89929 5.89446 5.89793 5.90865 5.92572 5.94832 5.97573 6.0073 6.04248 6.08077 6.12172 6.16493 6.21006 6.25679 6.30486 6.35403 6.40408 6.45486 6.50621 6.55804 6.61027 6.6629 6.71594 6.76948 6.82368 6.87876 6.93509 6.9931 7.05342 7.11683 7.18431 7.25712 7.33682 7.42535 7.5251 7.639 7.77067 7.92456 8.10614
10.2922 9.14501 7.99686 6.85049 5.70852 4.57737 3.47648 2.46165 1.68675 1.56775 4.90559 52.5309 16.8763 10.602 8.79671 7.99639 7.53797 7.22528 6.98596 6.78978 6.62308 6.47922 6.35472 6.24752 6.15617 6.07948 6.01639 5.96584 5.92683 5.89836 5.87947 5.86922 5.86674 5.8712 5.88184 5.89794 5.91884 5.94395 5.97271 6.00463 6.03926 6.07618 6.11501 6.15543 6.19711 6.2398 6.28323 6.32718 6.37145 6.41589 6.46033 6.50469 6.54888 6.59288 6.63673 6.68049 6.72434 6.76853 6.81342 6.85953 6.90752 6.95826 7.01286 7.07273 7.13963 7.21577 7.30388 7.40731 7.53026 7.67787
12.3918 11.2589 10.1203 8.97692 7.82464 6.65446 5.45192 4.19881 2.88601 1.63956 0.273805 6.27212 4.57086 5.00038 5.41749 5.72393 5.92722 6.04926 6.11138 6.13131 6.12296 6.09688 6.06088 6.02065 5.98019 5.94225 5.90863 5.88045 5.85829 5.84238 5.83267 5.82896 5.83091 5.83813 5.85017 5.86657 5.88688 5.91065 5.93745 5.96686 5.9985 6.03201 6.06706 6.10331 6.14048 6.17829 6.21649 6.25485 6.29314 6.33117 6.36878 6.40581 6.44216 6.47774 6.51253 6.54654 6.57986 6.61267 6.64524 6.67797 6.71142 6.74634 6.78372 6.8248 6.87121 6.92494 6.98855 7.06518 7.15876 7.27415
15.0875 14.0764 13.0916 12.1526 11.2864 10.542 10.036 10.1454 12.9717 319.634 4.9895 1.12054 1.69428 2.58188 3.40823 4.08643 4.61008 4.99848 5.27726 5.4711 5.60121 5.68479 5.73536 5.76328 5.77637 5.78038 5.77955 5.77686 5.77442 5.77361 5.77534 5.78012 5.78821 5.79966 5.81438 5.83221 5.85291 5.8762 5.9018 5.9294 5.95869 5.98938 6.02118 6.05379 6.08695 6.12038 6.15384 6.18709 6.2199 6.25206 6.28335 6.31362 6.3427 6.37047 6.39683 6.42174 6.44524 6.46739 6.4884 6.50857 6.52834 6.54834 6.56942 6.59269 6.61961 6.65203 6.69229 6.74334 6.80888 6.89352
18.3449 17.568 16.8934 16.389 16.1703 16.4678 17.8289 21.7765 31.3691 22.4884 5.36686 2.3645 1.94424 2.18461 2.68482 3.25066 3.78299 4.24047 4.61277 4.90463 5.12707 5.29283 5.41403 5.50131 5.56347 5.60759 5.6392 5.66254 5.68079 5.69627 5.71068 5.72517 5.74054 5.75728 5.77566 5.79578 5.81766 5.84119 5.86625 5.89263 5.92014 5.94853 5.97758 6.00703 6.03664 6.06616 6.09536 6.12397 6.15178 6.17855 6.20407 6.2281 6.25048 6.27102 6.28959 6.30608 6.32044 6.33267 6.34289 6.35128 6.3582 6.36414 6.36982 6.37622 6.38462 6.39672 6.41466 6.4412 6.47983 6.53493
22.017 21.539 21.2558 21.2831 21.8028 23.1056 25.5459 28.5513 26.3104 14.8936 6.89028 3.93313 2.95318 2.70655 2.80687 3.09197 3.45878 3.83885 4.19246 4.50085 4.7585 4.96735 5.13301 5.26244 5.36262 5.43992 5.4998 5.5468 5.58453 5.61585 5.64293 5.66741 5.6905 5.71303 5.7356 5.75857 5.78216 5.80646 5.83147 5.85711 5.88328 5.90981 5.93654 5.96326 5.98975 6.01579 6.04114 6.06558 6.08886 6.11073 6.13095 6.1493 6.16554 6.17945 6.19085 6.19957 6.20549 6.20854 6.20873 6.20616 6.20106 6.19381 6.18498 6.17541 6.16622 6.15894 6.15551 6.15852 6.17122 6.19776
25.8213 25.5967 25.6076 25.952 26.7154 27.8502 28.7395 27.3664 21.484 13.6762 8.23289 5.44443 4.14286 3.56565 3.36586 3.38772 3.5447 3.77583 4.03607 4.29482 4.53386 4.74429 4.9235 5.07265 5.19488 5.29419 5.37466 5.44011 5.49389 5.53881 5.57719 5.61087 5.64126 5.66946 5.69625 5.72222 5.74774 5.77306 5.79831 5.82353 5.84868 5.8737 5.89845 5.92278 5.94652 5.96946 5.99138 6.01205 6.03123 6.04866 6.0641 6.07728 6.08793 6.09581 6.10068 6.1023 6.10048 6.0951 6.08604 6.07333 6.05706 6.03749 6.01506 5.99045 5.9646 5.93885 5.91499 5.89536 5.883 5.88186
29.3803 29.2347 29.2615 29.463 29.7217 29.6406 28.3586 24.8446 19.2726 13.5801 9.37958 6.80253 5.33973 4.53495 4.11428 3.93065 3.9023 3.97659 4.11436 4.28523 4.46673 4.64369 4.80705 4.95239 5.07845 5.18597 5.27677 5.35316 5.41755 5.47221 5.51916 5.56012 5.59654 5.62954 5.66002 5.68867 5.71597 5.74229 5.76784 5.79274 5.81705 5.84076 5.86377 5.88599 5.90727 5.92742 5.94626 5.96354 5.97903 5.99248 6.0036 6.01213 6.01775 6.0202 6.01915 6.01436 6.00554 5.99248 5.975 5.95299 5.92645 5.89549 5.8604 5.82169 5.78014 5.73689 5.69351 5.65213 5.61556 5.58749
32.3227 32.0166 31.7422 31.4061 30.7751 29.434 26.8853 22.9564 18.2394 13.8002 10.3549 7.9908 6.46876 5.51639 4.93283 4.59096 4.4134 4.35098 4.36915 4.44124 4.54602 4.66699 4.79213 4.91338 5.02594 5.12744 5.2172 5.29565 5.36382 5.42302 5.47463 5.51999 5.56027 5.59652 5.62957 5.6601 5.68865 5.7156 5.74124 5.76574 5.7892 5.81165 5.83305 5.85333 5.87237 5.89 5.90604 5.92027 5.93245 5.94232 5.94959 5.95396 5.95511 5.9527 5.94641 5.93589 5.92082 5.90089 5.87582 5.84542 5.80954 5.76817 5.72143 5.66965 5.61343 5.55369 5.49177 5.42957 5.36964 5.3154
34.3901 33.7255 32.9586 31.9628 30.5257 28.3915 25.4003 21.6862 17.7281 14.1049 11.1797 9.01616 7.49703 6.45867 5.75944 5.2966 5.00086 4.82603 4.74004 4.71902 4.74405 4.79979 4.87396 4.95713 5.04252 5.12557 5.20353 5.27501 5.33958 5.39739 5.44898 5.49507 5.53639 5.5737 5.60766 5.63883 5.66769 5.6946 5.71985 5.74362 5.76603 5.78713 5.80691 5.82531 5.84222 5.85751 5.87099 5.88246 5.89167 5.89835 5.9022 5.90291 5.90011 5.89346 5.88257 5.86704 5.84649 5.82053 5.78879 5.75095 5.70675 5.65601 5.59872 5.535 5.46524 5.39014 5.31078 5.22878 5.14642 5.06681
35.4827 34.3779 33.1066 31.5622 29.6078 27.1329 24.1393 20.8055 17.4522 14.4061 11.87 9.89151 8.4125 7.33396 6.55812 6.00557 5.61749 5.35197 5.17911 5.07684 5.02806 5.01894 5.03807 5.07617 5.12581 5.18139 5.23884 5.29542 5.34942 5.39992 5.44655 5.48931 5.5284 5.56415 5.59693 5.62711 5.65501 5.68091 5.70503 5.72753 5.7485 5.76799 5.786 5.80246 5.81729 5.83033 5.84143 5.85037 5.85689 5.86073 5.86158 5.85909 5.8529 5.8426 5.82777 5.80797 5.78275 5.75164 5.71417 5.66992 5.6185 5.55958 5.49295 5.41855 5.33654 5.24735 5.1518 5.05121 4.9475 4.84346
35.6359 34.133 32.4763 30.5921 28.4066 25.8876 23.0856 20.1468 17.2759 14.6658 12.4386 10.6306 9.21381 8.12829 7.30753 6.69197 6.23372 5.89628 5.65242 5.48171 5.36837 5.29982 5.2657 5.25737 5.26763 5.29062 5.32173 5.35743 5.39515 5.4331 5.47014 5.50557 5.53903 5.5704 5.59968 5.62697 5.65238 5.67605 5.69809 5.71857 5.73755 5.75503 5.77099 5.78535 5.79802 5.80885 5.81767 5.82424 5.82833 5.82965 5.82787 5.82265 5.81357 5.80022 5.78215 5.75884 5.72979 5.69445 5.65228 5.60274 5.54529 5.47946 5.40486 5.32121 5.22842 5.12666 5.01642 4.89866 4.77496 4.64766
34.9675 33.1951 31.3277 29.3124 27.1087 24.7134 22.1784 19.6074 17.131 14.8682 12.8973 11.247 9.90533 8.83647 7.99581 7.33976 6.83056 6.43756 6.13677 5.90957 5.74144 5.6208 5.53818 5.48569 5.45662 5.44535 5.44719 5.45833 5.47575 5.49712 5.5207 5.54526 5.56995 5.59418 5.61761 5.64002 5.66129 5.68136 5.7002 5.71778 5.73406 5.749 5.76252 5.77452 5.78488 5.79344 5.79999 5.80433 5.80618 5.80525 5.80121 5.79367 5.78224 5.76645 5.7458 5.71976 5.68776 5.64919 5.6034 5.54976 5.4876 5.4163 5.33527 5.244 5.14217 5.0296 4.90647 4.77334 4.63134 4.48235
33.6335 31.7592 29.8559 27.8774 25.7952 23.6114 21.3655 19.1278 16.9831 15.0086 13.2577 11.754 10.4946 9.45892 8.61765 7.93966 7.396 6.96175 6.61641 6.34347 6.12974 5.96461 5.83938 5.74681 5.68076 5.63599 5.60802 5.59305 5.58793 5.59008 5.59742 5.60834 5.62161 5.63628 5.65167 5.66728 5.68275 5.69782 5.71228 5.72598 5.73879 5.75056 5.76116 5.77045 5.77827 5.78442 5.7887 5.79086 5.79063 5.78769 5.7817 5.77228 5.75898 5.74133 5.71881 5.69084 5.6568 5.61602 5.56778 5.51134 5.44592 5.37073 5.285 5.18801 5.07913 4.9579 4.82409 4.67784 4.51976 4.35117
31.8058 29.9947 28.201 26.3787 24.5018 22.5708 20.6128 18.6758 16.8169 15.0892 13.5318 12.1649 10.9911 9.99971 9.17232 8.48728 7.92302 7.45988 7.08084 6.77168 6.52069 6.31823 6.15638 6.0285 5.92895 5.85291 5.79621 5.75523 5.72689 5.70854 5.69798 5.69339 5.69328 5.69646 5.70198 5.70911 5.71727 5.72599 5.73493 5.74377 5.75227 5.7602 5.76736 5.77354 5.77852 5.78209 5.78401 5.78401 5.7818 5.77706 5.76942 5.75849 5.74381 5.7249 5.7012 5.67212 5.63698 5.59507 5.54561 5.48777 5.42065 5.34333 5.25486 5.1543 5.04075 4.9134 4.77163 4.61509 4.44382 4.25849
29.6613 28.0478 26.4676 24.8757 23.2482 21.5838 19.9018 18.2361 16.6278 15.1162 13.7317 12.4926 11.4051 10.4652 9.66224 8.98175 8.40824 7.92666 7.52332 7.1863 6.90543 6.67217 6.47935 6.32093 6.19176 6.08741 6.00402 5.93824 5.88713 5.84812 5.81902 5.79792 5.78322 5.77357 5.76787 5.76518 5.76476 5.76598 5.76834 5.7714 5.7748 5.77823 5.78139 5.78402 5.78586 5.78663 5.78607 5.7839 5.77979 5.77341 5.76438 5.7523 5.73672 5.71711 5.69293 5.66355 5.62828 5.58637 5.53699 5.47923 5.41211 5.3346 5.24558 5.14391 5.02843 4.89802 4.75162 4.58837 4.40771 4.20955
27.3711 26.0432 24.7368 23.4123 22.0501 20.6494 19.2254 17.8044 16.4183 15.0981 13.8695 12.7498 11.7475 10.8632 10.0919 9.4247 8.85096 8.35959 7.93991 7.58224 7.27797 7.01969 6.80105 6.61659 6.46164 6.33214 6.22456 6.13581 6.06314 6.00412 5.95664 5.9188 5.88899 5.86578 5.84797 5.83453 5.82458 5.81738 5.81229 5.80877 5.80637 5.80468 5.80334 5.802 5.80036 5.79811 5.79494 5.79054 5.78458 5.7767 5.76653 5.75365 5.7376 5.71786 5.69388 5.66503 5.63061 5.58985 5.54189 5.48578 5.42049 5.34488 5.25774 5.15774 5.04351 4.91361 4.76663 4.60119 4.41608 4.21039
25.0871 24.0834 23.0723 22.0231 20.9222 19.7712 18.5839 17.3827 16.1942 15.0449 13.9574 12.9487 12.029 11.2021 10.4671 9.81946 9.25239 8.75815 8.32874 7.95651 7.63443 7.3562 7.11629 6.90987 6.73274 6.58121 6.45207 6.34245 6.24984 6.17197 6.10683 6.05261 6.00772 5.97074 5.94044 5.91572 5.89564 5.87936 5.86618 5.85548 5.8467 5.83937 5.83307 5.82738 5.82197 5.81647 5.81055 5.80388 5.79609 5.78684 5.77574 5.76236 5.74626 5.72694 5.70383 5.67632 5.64372 5.60527 5.56011 5.50729 5.44574 5.3743 5.29167 5.19643 5.08705 4.96187 4.81915 4.65709 4.4739 4.26787
22.9282 22.2462 21.522 20.735 19.878 18.9556 17.9816 16.9763 15.9635 14.9667 14.0069 13.1008 12.2598 11.4903 10.7942 10.1703 9.61501 9.12327 8.68944 8.30773 7.97255 7.67871 7.42151 7.19675 7.00069 6.83004 6.68187 6.55357 6.44282 6.34752 6.2658 6.19594 6.13644 6.0859 6.04311 6.00695 5.97645 5.95075 5.92908 5.91077 5.8952 5.88184 5.87021 5.85988 5.85043 5.8415 5.83271 5.82371 5.81413 5.80361 5.79177 5.77819 5.76244 5.74403 5.72243 5.69705 5.66724 5.63226 5.59129 5.54341 5.48759 5.42267 5.34737 5.26026 5.15973 5.04405 4.9113 4.75941 4.58618 4.38929
20.9748 20.5833 20.1179 19.5668 18.9283 18.2094 17.4242 16.592 15.7344 14.8733 14.0286 13.2166 12.4497 11.736 11.0797 10.4821 9.94209 9.45683 9.02272 8.6356 8.29122 7.98544 7.71436 7.47441 7.26232 7.07517 6.91033 6.76543 6.63836 6.52717 6.43012 6.34563 6.27225 6.20867 6.1537 6.10625 6.06535 6.03014 5.9998 5.97365 5.95104 5.9314 5.91421 5.89901 5.88535 5.87283 5.86108 5.84971 5.83837 5.82668 5.81428 5.80077 5.78573 5.76871 5.74922 5.72673 5.70061 5.67023 5.63481 5.59352 5.54541 5.48944 5.4244 5.34897 5.26165 5.16077 5.04449 4.91077 4.75737 4.58184
19.2691 19.1222 18.8776 18.5297 18.0803 17.5382 16.9175 16.2363 15.515 14.7739 14.032 13.3056 12.6075 11.947 11.3301 10.7599 10.2372 9.76126 9.32996 8.94063 8.5902 8.27551 7.99343 7.74098 7.51537 7.31405 7.13468 6.97513 6.83346 6.70791 6.59686 6.49883 6.41249 6.33657 6.26996 6.2116 6.16055 6.11594 6.07698 6.04296 6.01323 5.9872 5.96433 5.94412 5.92614 5.90995 5.89518 5.88144 5.86837 5.85561 5.84282 5.82961 5.81562 5.80042 5.7836 5.76466 5.74311 5.71836 5.68978 5.65667 5.61823 5.57358 5.52174 5.46163 5.39204 5.31163 5.21897 5.11249 4.99053 4.8514
17.8237 17.8718 17.8072 17.6279 17.3378 16.9459 16.466 15.9151 15.3121 14.6762 14.0255 13.376 12.7409 12.1302 11.5512 11.0084 10.5042 10.0393 9.61296 9.22381 8.86981 8.54866 8.25796 7.99529 7.75832 7.54486 7.35285 7.1804 7.02575 6.88728 6.76353 6.65312 6.55478 6.46736 6.38978 6.32104 6.26025 6.20655 6.15918 6.11742 6.08063 6.04823 6.01965 5.99443 5.97209 5.95221 5.93441 5.91831 5.90357 5.88984 5.8768 5.86412 5.85145 5.83846 5.82478 5.81003 5.79379 5.77563 5.75507 5.73158 5.70461 5.67353 5.63771 5.59646 5.54909 5.49489 5.43326 5.36372 5.28608 5.20073
16.6306 16.8271 16.9039 16.8604 16.701 16.4342 16.0729 15.6328 15.1315 14.5868 14.0162 13.4351 12.8568 12.2919 11.7485 11.2322 10.7467 10.2936 9.8737 9.48642 9.13071 8.80505 8.50765 8.23666 7.99016 7.76631 7.56332 7.37953 7.21335 7.06333 6.92811 6.80642 6.69709 6.59904 6.51124 6.43277 6.36275 6.30039 6.24493 6.19568 6.15203 6.11338 6.07921 6.04902 6.02237 5.99883 5.97804 5.95963 5.94329 5.92869 5.91554 5.90356 5.89247 5.882 5.87187 5.8618 5.85153 5.84076 5.82922 5.81661 5.80268 5.78717 5.76989 5.75071 5.7297 5.70712 5.68365 5.6606 5.64033 5.62698
15.6705 15.9751 16.1592 16.2221 16.1674 16.0028 15.7398 15.3927 14.9775 14.511 14.0097 13.4886 12.9608 12.4372 11.9266 11.4353 10.9678 10.527 10.1141 9.72986 9.37379 9.04507 8.74253 8.46476 8.21027 7.97752 7.765 7.57124 7.39485 7.2345 7.08895 6.95705 6.83769 6.72987 6.63264 6.54511 6.46647 6.39594 6.33281 6.27644 6.2262 6.18153 6.14193 6.10692 6.07606 6.04896 6.02525 6.00462 5.98675 5.97137 5.95823 5.9471 5.93777 5.93006 5.92378 5.9188 5.91498 5.91223 5.91048 5.90975 5.91011 5.91176 5.91504 5.92059 5.92937 5.94293 5.96368 5.99538 6.04393 6.11889
14.9185 15.2986 15.5613 15.7052 15.7326 15.6498 15.4668 15.1963 14.853 14.4526 14.0105 13.5411 13.0575 12.5707 12.0896 11.6212 11.1707 10.7416 10.3362 9.9555 9.59996 9.26928 8.96279 8.6795 8.41828 8.1779 7.95708 7.75456 7.56911 7.39954 7.24473 7.10359 6.97513 6.8584 6.7525 6.65662 6.56997 6.49182 6.42151 6.3584 6.30192 6.25153 6.20674 6.1671 6.13219 6.10166 6.07515 6.05238 6.03307 6.01699 6.00396 5.99379 5.98636 5.98156 5.97934 5.97969 5.98263 5.9883 5.99687 6.00866 6.02414 6.044 6.06922 6.10125 6.14216 6.19493 6.26401 6.356 6.481 6.65486
14.349 14.7788 15.0971 15.3007 15.3908 15.372 15.2526 15.0442 14.7599 14.4142 14.0217 13.5963 13.1507 12.6957 12.2406 11.7927 11.3577 10.9397 10.5414 10.1646 9.81013 9.47825 9.1687 8.88089 8.614 8.36705 8.139 7.92878 7.73531 7.55751 7.39437 7.24492 7.10821 6.98336 6.86955 6.766 6.67196 6.58676 6.50976 6.44037 6.37804 6.32225 6.27256 6.22852 6.18977 6.15596 6.12678 6.10198 6.08132 6.06463 6.05175 6.0426 6.03712 6.0353 6.03721 6.04298 6.05282 6.06705 6.08612 6.11069 6.14162 6.18011 6.22781 6.28701 6.36089 6.45395 6.57264 6.7264 6.92935 7.2031
13.9371 14.3974 14.7528 14.999 15.1353 15.1651 15.0952 14.9357 14.6986 14.3973 14.0455 13.6566 13.2427 12.8148 12.3821 11.9521 11.5309 11.1228 10.7312 10.3582 10.0051 9.6725 9.36058 9.06903 8.79732 8.54471 8.31035 8.09335 7.89275 7.70762 7.53704 7.38009 7.23593 7.10373 6.98271 6.87214 6.77134 6.67965 6.59647 6.52124 6.45346 6.39263 6.33833 6.29017 6.24779 6.21088 6.17917 6.15244 6.13051 6.11325 6.10056 6.09243 6.08888 6.09001 6.096 6.10711 6.12374 6.14642 6.17585 6.21301 6.25915 6.31597 6.38574 6.47153 6.57752 6.70955 6.87576 7.08781 7.36264 7.72528
13.6604 14.1368 14.5154 14.7901 14.9591 15.0243 14.9914 14.8691 14.6685 14.4021 14.0827 13.7231 13.3353 12.9298 12.5158 12.101 11.6916 11.2923 10.9066 10.5371 10.1854 9.85248 9.53868 9.24402 8.96819 8.71068 8.47082 8.24784 8.04094 7.84928 7.67202 7.50835 7.35747 7.21861 7.09105 6.9741 6.86711 6.76947 6.68061 6.60001 6.52717 6.46167 6.40308 6.35105 6.30526 6.26543 6.23133 6.20278 6.17964 6.16182 6.14931 6.14214 6.14042 6.14435 6.15422 6.17043 6.19354 6.22427 6.26357 6.31269 6.37324 6.44733 6.53777 6.64824 6.78372 6.95093 7.15908 7.4209 7.75412 8.18345
13.4987 13.9813 14.3723 14.6645 14.8549 14.9442 14.9373 14.8419 14.6682 14.4278 14.1332 13.7964 13.429 13.0414 12.6427 12.2404 11.8408 11.4489 11.0684 10.702 10.3517 10.0185 9.70318 9.4059 9.12656 8.86481 8.62014 8.39191 8.17943 7.98197 7.79876 7.62906 7.47213 7.32727 7.19379 7.07104 6.95842 6.85534 6.76129 6.67574 6.59826 6.52842 6.46585 6.41022 6.36124 6.31867 6.28231 6.25201 6.22769 6.20931 6.1969 6.19057 6.19051 6.19698 6.2104 6.23129 6.26035 6.29846 6.34679 6.40681 6.4804 6.57 6.67878 6.81082 6.97152 7.16795 7.40949 7.70849 8.08113 8.54788
13.4345 13.9165 14.3119 14.6127 14.815 14.9189 14.9283 14.8505 14.695 14.4728 14.1959 13.8758 13.5238 13.1498 12.7629 12.3706 11.979 11.5932 11.2169 10.8532 10.504 10.1708 9.85419 9.55471 9.27237 9.00696 8.75811 8.52528 8.30789 8.10528 7.91678 7.74169 7.57935 7.42909 7.29027 7.16228 7.04454 6.93652 6.83771 6.74764 6.66588 6.59204 6.52578 6.4668 6.41484 6.36968 6.33116 6.29917 6.27367 6.25467 6.24224 6.23657 6.23789 6.24657 6.26308 6.28807 6.32235 6.36693 6.42313 6.49259 6.57738 6.68012 6.80413 6.95365 7.13405 7.35215 7.61657 7.93793 8.32879 8.80264
13.4524 13.9294 14.3234 14.6257 14.8319 14.9418 14.9591 14.8905 14.7454 14.5343 14.2687 13.9598 13.6184 13.2543 12.8762 12.4913 12.106 11.725 11.3523 10.9908 10.6426 10.3093 9.99171 9.6904 9.40553 9.13699 8.88452 8.6477 8.42601 8.21887 8.02568 7.84581 7.67864 7.52353 7.37991 7.24719 7.12484 7.01232 6.90918 6.81498 6.72929 6.65177 6.5821 6.51999 6.46522 6.4176 6.37701 6.34336 6.31665 6.29693 6.28432 6.27904 6.2814 6.29182 6.31086 6.33923 6.37781 6.42774 6.49041 6.56755 6.6613 6.77433 6.90993 7.07217 7.26602 7.49749 7.77367 8.10243 8.49161 8.94676
13.5391 14.0085 14.3965 14.6943 14.8975 15.006 15.0234 14.9567 14.8149 14.6084 14.3484 14.0458 13.711 13.3534 12.9813 12.602 12.2213 11.8441 11.4742 11.1145 10.7673 10.434 10.1157 9.81287 9.5259 9.25474 8.9992 8.75894 8.53352 8.32244 8.12514 7.94104 7.76958 7.61017 7.46225 7.32528 7.19876 7.08218 6.97511 6.87712 6.78784 6.70693 6.63408 6.56905 6.51164 6.46167 6.41905 6.38374 6.35574 6.33515 6.32213 6.31694 6.31993 6.33157 6.35245 6.38336 6.42521 6.47919 6.54672 6.62955 6.72979 6.84999 6.99325 7.1632 7.36409 7.60074 7.87821 8.20122 8.57268 8.99109
13.6829 14.143 14.5213 14.8095 15.0034 15.1036 15.1143 15.0427 14.8979 14.6905 14.4312 14.1307 13.7989 13.4449 13.0768 12.7012 12.324 11.9498 11.5822 11.2241 10.8778 10.5447 10.2259 9.92197 9.63335 9.36006 9.10197 8.85882 8.63022 8.41574 8.21487 8.02707 7.85184 7.68861 7.53688 7.39612 7.26584 7.1456 7.03496 6.93353 6.84095 6.7569 6.68111 6.61334 6.5534 6.50116 6.45655 6.41952 6.39014 6.3685 6.35481 6.34934 6.35249 6.36473 6.38671 6.41922 6.4632 6.51983 6.59051 6.67692 6.78106 6.90525 7.05221 7.225 7.42694 7.66141 7.93136 8.23842 8.58133 8.9533
13.8737 14.323 14.6882 14.9616 15.1403 15.2259 15.2235 15.141 14.9879 14.7747 14.512 14.2102 13.8788 13.5263 13.1604 12.7875 12.4129 12.0411 11.6756 11.3191 10.9737 10.6411 10.3221 10.0175 9.72771 9.45278 9.19266 8.94715 8.71591 8.49856 8.29463 8.10366 7.92514 7.75857 7.60346 7.45933 7.32571 7.20217 7.08831 6.98374 6.88813 6.80119 6.72264 6.65228 6.58993 6.53547 6.48885 6.45005 6.41914 6.39624 6.38157 6.37542 6.37819 6.3904 6.41268 6.4458 6.49071 6.54854 6.62061 6.70848 6.81395 6.93905 7.08602 7.25723 7.455 7.68129 7.93709 8.22146 8.53006 8.85297
14.1018 14.5387 14.8868 15.1402 15.2978 15.3627 15.3415 15.2429 15.077 14.8543 14.5852 14.2797 13.9467 13.5944 13.2298 12.8588 12.4865 12.117 11.7535 11.3988 11.0547 10.7228 10.4041 10.0993 9.80881 9.53276 9.27114 9.02379 8.79043 8.57072 8.36425 8.17059 7.98925 7.81979 7.66173 7.51463 7.37804 7.25155 7.13478 7.02737 6.92899 6.83935 6.75822 6.6854 6.62071 6.56407 6.51541 6.47474 6.44214 6.41773 6.40175 6.39448 6.39634 6.40783 6.42956 6.46229 6.50692 6.5645 6.63624 6.72354 6.82794 6.95112 7.09482 7.2607 7.45014 7.66381 7.90112 8.15928 8.43204 8.70821
14.3581 14.7795 15.1057 15.3333 15.4637 15.5023 15.4572 15.3384 15.1563 14.9216 14.6442 14.3337 13.9984 13.6457 13.2821 12.9131 12.5432 12.1762 11.8151 11.4625 11.1202 10.7896 10.4717 10.1672 9.87651 9.59988 9.3373 9.08864 8.85368 8.63212 8.42359 8.22769 8.044 7.87207 7.71148 7.56179 7.42258 7.29348 7.17409 7.06409 6.96316 6.87104 6.78748 6.7123 6.64535 6.58652 6.53578 6.49312 6.45864 6.43247 6.41482 6.40599 6.40637 6.41645 6.43681 6.46815 6.51132 6.56726 6.63705 6.72188 6.82304 6.94184 7.07952 7.23712 7.41518 7.61336 7.82992 8.06093 8.29932 8.53393
14.6329 15.0338 15.3318 15.5269 15.624 15.6311 15.5582 15.4163 15.2161 14.9683 14.6822 14.3667 14.0293 13.6767 13.3147 12.9482 12.5813 12.2175 11.8596 11.5097 11.1698 10.841 10.5245 10.2209 9.9307 9.65404 9.39105 9.14162 8.90558 8.68267 8.47256 8.27489 8.08927 7.91529 7.75255 7.60064 7.45916 7.32774 7.20602 7.09369 6.99043 6.89599 6.81014 6.7327 6.66351 6.6025 6.54961 6.50485 6.4683 6.44008 6.42041 6.40956 6.40791 6.41589 6.43407 6.46307 6.50366 6.55666 6.62301 6.7037 6.79975 6.91213 7.04165 7.1888 7.35347 7.53465 7.72986 7.93466 8.14196 8.34144
14.9146 15.2874 15.549 15.7044 15.7622 15.7336 15.6303 15.4642 15.246 14.9857 14.6921 14.3729 14.0349 13.6838 13.3248 12.9622 12.5995 12.24 11.886 11.5399 11.2031 10.877 10.5625 10.2605 9.97131 9.69523 9.43237 9.18271 8.94609 8.72232 8.5111 8.31211 8.12499 7.94936 7.78485 7.63106 7.48764 7.3542 7.23042 7.11599 7.0106 6.91401 6.82599 6.74637 6.675 6.61178 6.55667 6.50967 6.47085 6.44032 6.41827 6.40496 6.40073 6.40598 6.4212 6.44698 6.48395 6.53285 6.59445 6.66956 6.75895 6.8633 6.98307 7.11833 7.26854 7.43225 7.6067 7.78741 7.96775 8.1387
15.1887 15.5223 15.7378 15.8457 15.8593 15.7925 15.6586 15.4694 15.2353 14.9653 14.6671 14.3471 14.0112 13.6641 13.3102 12.9533 12.5965 12.2426 11.894 11.5525 11.2198 10.8972 10.5857 10.2859 9.99837 9.72347 9.46132 9.21194 8.97527 8.75111 8.53923 8.33935 8.15114 7.97426 7.80833 7.65302 7.50795 7.37279 7.24721 7.13089 7.02357 6.92498 6.83492 6.75319 6.67966 6.61422 6.55682 6.50746 6.46617 6.43307 6.40831 6.39213 6.38481 6.38672 6.39829 6.42001 6.45245 6.49622 6.55195 6.62029 6.70179 6.7969 6.90583 7.02837 7.16374 7.31032 7.46534 7.62464 7.78236 7.9309
15.4354 15.7157 15.8741 15.9277 15.8942 15.7896 15.6275 15.4193 15.1741 14.8993 14.6011 14.2847 13.9547 13.615 13.2692 12.9204 12.5715 12.225 11.8831 11.5476 11.2201 10.9019 10.594 10.2972 10.012 9.73886 9.47797 9.22942 8.99317 8.7691 8.55701 8.35667 8.16776 7.98999 7.82302 7.6665 7.5201 7.38349 7.25635 7.13838 7.02931 6.92888 6.83689 6.75313 6.67748 6.6098 6.55005 6.4982 6.45427 6.41836 6.39058 6.37113 6.36026 6.35828 6.36556 6.38252 6.40963 6.4474 6.49633 6.55692 6.6296 6.71462 6.81203 6.9215 7.04214 7.17239 7.3097 7.45042 7.58963 7.72112
15.6282 15.8385 15.9294 15.9246 15.8447 15.7066 15.5227 15.3028 15.0539 14.7814 14.4897 14.1825 13.8633 13.535 13.2006 12.8628 12.5242 12.187 11.8534 11.5252 11.204 10.8911 10.5877 10.2945 10.0124 9.74159 9.48251 9.23529 8.99994 8.77641 8.56454 8.36413 8.17493 7.99664 7.82896 7.67156 7.52413 7.38634 7.25789 7.13849 7.02785 6.92574 6.83193 6.74623 6.66849 6.59859 6.53643 6.48199 6.43527 6.39632 6.36524 6.34219 6.32736 6.32101 6.32345 6.33503 6.35613 6.38717 6.42855 6.48066 6.54381 6.61817 6.70371 6.80005 6.90639 7.02134 7.14275 7.2676 7.39192 7.51083
15.7315 15.8555 15.8722 15.8099 15.6899 15.5274 15.3324 15.1114 14.8688 14.6076 14.3302 14.039 13.7361 13.4238 13.1046 12.7808 12.4549 12.129 11.8053 11.4857 11.1719 10.8653 10.5671 10.2784 9.99979 9.73193 9.47518 9.22976 8.99577 8.77321 8.56197 8.3619 8.17277 7.99431 7.82626 7.6683 7.52013 7.38144 7.25193 7.1313 7.0193 6.91566 6.82017 6.73262 6.65285 6.58071 6.51613 6.45902 6.40938 6.36722 6.33261 6.30566 6.28652 6.2754 6.27253 6.27821 6.29274 6.31646 6.3497 6.39276 6.44589 6.50923 6.58274 6.66611 6.75872 6.85945 6.96665 7.07799 7.19047 7.30038
15.701 15.7275 15.6708 15.5598 15.4129 15.2409 15.0493 14.8409 14.6166 14.377 14.1227 13.8545 13.5738 13.2823 12.9821 12.6754 12.3646 12.0519 11.7396 11.4299 11.1245 10.825 10.5328 10.2491 9.97464 9.71021 9.45626 9.21309 8.98089 8.75971 8.5495 8.35013 8.16144 7.98317 7.81508 7.65687 7.50826 7.36893 7.2386 7.11699 7.00381 6.89882 6.80178 6.71248 6.63075 6.55643 6.4894 6.42959 6.37693 6.33142 6.2931 6.26201 6.23828 6.22205 6.2135 6.21286 6.22038 6.23632 6.26096 6.29455 6.33733 6.38943 6.45087 6.52151 6.60094 6.68842 6.78285 6.88264 6.98567 7.08934
15.4866 15.4162 15.2988 15.1578 15.0045 14.8428 14.6726 14.4922 14.2994 14.0922 13.8698 13.6318 13.3791 13.1129 12.8352 12.5484 12.2548 11.9571 11.6576 11.3588 11.0626 10.771 10.4854 10.2072 9.93741 9.67685 9.42612 9.18561 8.95558 8.73617 8.52735 8.32906 8.14114 7.96341 7.7956 7.63746 7.48869 7.34901 7.21812 7.09575 6.9816 6.87544 6.777 6.68609 6.60249 6.52604 6.4566 6.39406 6.33834 6.28939 6.24721 6.21182 6.18329 6.16169 6.14717 6.1399 6.14005 6.14787 6.16357 6.18739 6.21957 6.2603 6.3097 6.36782 6.43453 6.50953 6.59229 6.68194 6.77727 6.87669
15.0411 14.8933 14.7427 14.6003 14.4669 14.3385 14.209 14.0725 13.9239 13.7595 13.5772 13.3759 13.1561 12.9191 12.667 12.4023 12.1278 11.8464 11.5608 11.2736 10.9874 10.7041 10.4256 10.1534 9.88862 9.6323 9.38515 9.14765 8.92016 8.70285 8.49578 8.29891 8.11213 7.93525 7.76805 7.61028 7.46166 7.3219 7.19072 7.06783 6.95294 6.8458 6.74615 6.65376 6.56841 6.48992 6.41813 6.35289 6.2941 6.24168 6.19558 6.15577 6.12228 6.09514 6.07445 6.06031 6.05286 6.0523 6.05882 6.07266 6.09407 6.12332 6.16068 6.2064 6.26069 6.3237 6.39548 6.47589 6.56462 6.66104
14.3356 14.1521 14.0086 13.8998 13.8153 13.7432 13.6727 13.5944 13.5013 13.3885 13.2529 13.0934 12.9105 12.7057 12.4814 12.2405 11.9862 11.7219 11.4508 11.1759 10.9 10.6254 10.3543 10.0883 9.82883 9.57705 9.33376 9.09959 8.87494 8.66006 8.45507 8.25995 8.07463 7.89894 7.73267 7.57559 7.42742 7.28788 7.15668 7.03353 6.91814 6.81024 6.70956 6.61587 6.52892 6.44852 6.37447 6.3066 6.24478 6.1889 6.13885 6.09459 6.05608 6.02331 5.99632 5.97517 5.95997 5.95086 5.94804 5.95173 5.96224 5.97992 6.00518 6.03851 6.08046 6.13163 6.19267 6.2642 6.34676 6.44073
13.3767 13.2159 13.1259 13.0862 13.0771 13.0812 13.0845 13.0756 13.0463 12.9911 12.9069 12.7927 12.6491 12.4782 12.2828 12.0665 11.833 11.5862 11.3298 11.0673 10.8017 10.536 10.2723 10.0126 9.75865 9.51158 9.27239 9.04179 8.82026 8.60811 8.4055 8.21246 8.02893 7.85475 7.68975 7.53367 7.38627 7.24724 7.11631 6.99317 6.87754 6.76912 6.66764 6.57284 6.48448 6.40232 6.32615 6.25577 6.19102 6.13174 6.0778 6.02911 5.98557 5.94715 5.91383 5.88562 5.8626 5.84486 5.8326 5.82604 5.82553 5.83151 5.84455 5.86534 5.89479 5.93393 5.98402 6.04641 6.12258 6.21394
12.2165 12.1396 12.1451 12.203 12.2888 12.3827 12.4691 12.5362 12.5754 12.5811 12.5504 12.4827 12.3792 12.2425 12.0761 11.8842 11.6712 11.4416 11.1996 10.9491 10.6938 10.4367 10.1804 9.92708 9.6786 9.43636 9.20143 8.9746 8.75644 8.54731 8.34738 8.15673 7.9753 7.80298 7.63956 7.48482 7.3385 7.20031 7.06995 6.94712 6.83151 6.72284 6.62081 6.52515 6.43558 6.35186 6.27375 6.20102 6.13348 6.07093 6.01321 5.96018 5.91171 5.8677 5.82809 5.79286 5.76202 5.73565 5.71391 5.69705 5.68543 5.67957 5.68016 5.68812 5.70465 5.73122 5.76966 5.8221 5.89094 5.97874
10.9465 10.9996 11.128 11.2998 11.4902 11.6796 11.8526 11.9974 12.1057 12.1723 12.1946 12.1726 12.1081 12.0045 11.8659 11.6973 11.5039 11.2905 11.0621 10.8231 10.5774 10.3285 10.0793 9.83224 9.58922 9.35184 9.12126 8.89838 8.6838 8.47792 8.28097 8.09302 7.91403 7.74389 7.58241 7.42935 7.28446 7.14743 7.01796 6.89575 6.78048 6.67184 6.56953 6.47326 6.38274 6.2977 6.21787 6.14301 6.07288 6.00726 5.94594 5.88874 5.83548 5.78603 5.74026 5.69812 5.65956 5.62464 5.59347 5.5663 5.5435 5.52563 5.5135 5.50819 5.51116 5.52429 5.54993 5.59098 5.65082 5.73326
9.67423 9.87684 10.1363 10.4245 10.7192 11.0024 11.2595 11.4792 11.6536 11.7779 11.8502 11.871 11.8428 11.7697 11.6567 11.5094 11.3337 11.1351 10.919 10.6904 10.4536 10.2123 9.96981 9.72863 9.49092 9.25835 9.0322 8.8134 8.60261 8.40025 8.20656 8.02162 7.84541 7.6778 7.5186 7.36758 7.22446 7.08895 6.96072 6.83946 6.72485 6.61656 6.51429 6.41771 6.32653 6.24044 6.15917 6.08244 6.00998 5.94153 5.87685 5.81572 5.75791 5.70325 5.65155 5.6027 5.55662 5.5133 5.47283 5.43541 5.4014 5.37138 5.34622 5.32711 5.31571 5.31422 5.32549 5.35312 5.4015 5.47582
8.4938 8.83896 9.2205 9.61618 10.0069 10.3762 10.7103 10.9984 11.2328 11.4093 11.5264 11.5852 11.5891 11.5428 11.4521 11.3233 11.1628 10.977 10.7716 10.5521 10.3231 10.0887 9.85226 9.61662 9.38401 9.15619 8.9345 8.71991 8.5131 8.31452 8.12438 7.94279 7.7697 7.60499 7.44845 7.29983 7.15886 7.02523 6.8986 6.77866 6.66506 6.55748 6.45557 6.35902 6.2675 6.18069 6.0983 6.02001 5.94553 5.87457 5.80685 5.74211 5.68007 5.6205 5.56319 5.50795 5.45464 5.40319 5.35363 5.30611 5.26095 5.2187 5.18021 5.14674 5.12005 5.10256 5.09751 5.10914 5.14281 5.20519
7.46721 7.9305 8.4147 8.90211 9.37574 9.8199 10.221 10.5683 10.8545 11.0755 11.2304 11.3211 11.3516 11.3273 11.2548 11.1409 10.9929 10.8174 10.6208 10.4087 10.1864 9.9579 9.72694 9.49641 9.26867 9.04552 8.82832 8.61808 8.41548 8.22093 8.03467 7.85677 7.68717 7.52574 7.37225 7.22644 7.08801 6.95665 6.83202 6.71377 6.60156 6.49505 6.39388 6.29772 6.20622 6.11906 6.03591 5.95643 5.88031 5.80722 5.73685 5.66889 5.60302 5.53897 5.47646 5.41523 5.3551 5.29592 5.23763 5.18029 5.12416 5.0697 5.01769 4.96935 4.92644 4.89147 4.86793 4.86052 4.87548 4.92092
6.62044 7.17163 7.73585 8.2973 8.83926 9.34562 9.8023 10.1983 10.5264 10.7828 10.9673 11.0826 11.1332 11.1254 11.0663 10.9636 10.8246 10.6568 10.4668 10.2606 10.0435 9.82005 9.59389 9.36806 9.14495 8.92639 8.71376 8.50803 8.30986 8.11966 7.93762 7.76379 7.59808 7.44033 7.2903 7.14771 7.01225 6.88358 6.76135 6.64521 6.53479 6.42975 6.32972 6.23435 6.14329 6.05618 5.97268 5.89244 5.81511 5.74033 5.66777 5.59706 5.52787 5.45984 5.39265 5.32599 5.25958 5.19319 5.12667 5.05998 4.99323 4.92676 4.86122 4.79768 4.73777 4.68393 4.63966 4.60992 4.60155 4.62395
5.95116 6.56311 7.18724 7.80685 8.40361 8.95981 9.46025 9.89355 10.2526 10.5343 10.7394 10.8711 10.9349 10.9376 10.887 10.7912 10.6579 10.495 10.3094 10.1074 9.89433 9.67492 9.45292 9.2314 9.01274 8.79877 8.59081 8.3898 8.19637 8.01085 7.83342 7.66406 7.50267 7.34904 7.20291 7.06398 6.93193 6.80638 6.68699 6.57339 6.4652 6.36206 6.2636 6.16946 6.07927 5.99266 5.90927 5.82874 5.75069 5.67474 5.60052 5.52764 5.4557 5.38432 5.31311 5.24168 5.16969 5.0968 5.02274 4.94735 4.87059 4.7926 4.7138 4.63503 4.55765 4.48384 4.41685 4.36152 4.32493 4.31728
5.43992 6.09342 6.76311 7.42904 8.06957 8.66437 9.19687 9.6555 10.0339 10.3301 10.5459 10.6856 10.7555 10.7628 10.7157 10.6226 10.4918 10.3312 10.1479 9.94834 9.73816 9.52197 9.30361 9.08611 8.87182 8.66249 8.4594 8.2634 8.07504 7.89461 7.7222 7.55777 7.40115 7.25212 7.11037 6.97557 6.84738 6.72542 6.60933 6.49872 6.39321 6.29243 6.196 6.10355 6.01471 5.92909 5.84632 5.76603 5.68781 5.61127 5.53601 5.4616 5.38762 5.31363 5.23917 5.16381 5.0871 5.00861 4.92796 4.84481 4.75893 4.67024 4.57889 4.48534 4.39056 4.29624 4.2051 4.12147 4.05201 4.00699
5.05966 5.74497 6.45308 7.15854 7.83469 8.45794 9.01062 9.48195 9.86727 10.1666 10.3833 10.5227 10.5917 10.5979 10.5498 10.4558 10.3244 10.1636 9.98078 9.78238 9.57404 9.36044 9.14534 8.93171 8.72182 8.51732 8.31938 8.12875 7.9459 7.77101 7.60412 7.44511 7.29378 7.14983 7.01295 6.88278 6.75895 6.64106 6.52874 6.4216 6.31925 6.22131 6.12739 6.03713 5.95015 5.86605 5.78445 5.70497 5.6272 5.55072 5.47511 5.39993 5.3247 5.24896 5.17219 5.0939 5.01354 4.9306 4.84456 4.75491 4.66121 4.56312 4.46045 4.35323 4.2419 4.12744 4.01177 3.8982 3.79231 3.70335
4.78179 5.4988 6.2458 6.98908 7.69509 8.33672 8.89657 9.36654 9.74547 10.0363 10.2444 10.3758 10.4379 10.4384 10.3854 10.2875 10.153 9.99019 9.80631 9.60797 9.40076 9.18931 8.97731 8.7676 8.56231 8.36296 8.17058 7.9858 7.80895 7.64015 7.47931 7.32628 7.18076 7.04245 6.91096 6.78593 6.66695 6.55364 6.44559 6.34241 6.24371 6.14911 6.05822 5.97067 5.88608 5.80407 5.72424 5.6462 5.56955 5.49385 5.41867 5.34355 5.268 5.1915 5.11351 5.03347 4.95078 4.8648 4.7749 4.68041 4.58068 4.47507 4.36303 4.24412 4.11811 3.98519 3.84615 3.7029 3.55918 3.42198
4.57937 5.33766 6.13196 6.91586 7.64656 8.29439 8.84539 9.29772 9.65605 9.92724 10.1183 10.2359 10.2867 10.2781 10.2176 10.1136 9.97446 9.80819 9.6223 9.42333 9.21687 9.00745 8.79862 8.59309 8.3928 8.19908 8.01281 7.83445 7.66422 7.5021 7.34793 7.20146 7.06234 6.93021 6.80467 6.68532 6.57173 6.4635 6.36022 6.26151 6.16697 6.07622 5.98889 5.9046 5.82297 5.74364 5.66621 5.59029 5.51548 5.44136 5.36747 5.29335 5.2185 5.14238 5.06444 4.98405 4.90056 4.81328 4.72144 4.62424 4.52084 4.41032 4.29177 4.16426 4.0269 3.87893 3.71992 3.55003 3.37057 3.18517
