0.61983994367 0.62207801429 0.621565342 0.621047735049 0.621025453585 0.620410235244 0.619909791699 0.619273494736 0.618613790766 0.618035160099 0.617441418804 0.616548608331 0.616204144817 0.615584404657 0.615220866856 0.614698736049 0.614377650898 0.613906872815 0.613396094166 0.612339342117 0.6122159792 0.611051794001 0.610600637241 0.610221236213 0.609595276526 0.609123731837 0.608642363761 0.607581012888 0.607112376349 0.606453406093 0.606050518858 0.605484510128 0.603106001255 0.60283615982 0.599084942577 0.597821985186 0.596491362508 0.59511197153 0.593130529967 0.593441660959
0.620602547687 0.620428650749 0.6204032648 0.620141514447 0.619961913043 0.620295668531 0.620004287913 0.619408018879 0.618950976783 0.618980748221 0.618415183834 0.617903683007 0.617478914024 0.616754291031 0.616242320404 0.615692841673 0.615247070516 0.614935274123 0.614342146556 0.613913543907 0.613347989725 0.612769018402 0.612268716079 0.611729729429 0.610856362092 0.610338639824 0.609821775334 0.608967540257 0.608367888571 0.607839197635 0.60743665246 0.60687401399 0.605467217127 0.601963929198 0.600777065759 0.599613034748 0.598318983674 0.5969725155 0.595573630226 0.596800808618
0.621197453307 0.621121755501 0.621015611339 0.622767553054 0.62229551725 0.622044685225 0.621493091748 0.621071785057 0.6206304457 0.620046180548 0.619603487273 0.619153456194 0.618670978748 0.618030198996 0.617913131714 0.617244586043 0.616724251551 0.616290807184 0.615948796156 0.615522690383 0.61497797034 0.614485222991 0.613662251436 0.613076880374 0.612476026678 0.611925471585 0.61130453355 0.610719228381 0.609613481815 0.60896342168 0.60899414381 0.60937278616 0.608988297255 0.604651396984 0.603434031586 0.602099127583 0.600872670889 0.599587585976 0.598251284305 0.596792075998
0.624141795607 0.623858129859 0.623936262582 0.624078491405 0.623597207055 0.622781665587 0.622271618786 0.622229415113 0.621545161332 0.621373051732 0.621146033635 0.620718492991 0.620113871389 0.619571781061 0.618990086135 0.618469321578 0.617998887661 0.617226221652 0.616820937051 0.616208295154 0.615659962641 0.61532269293 0.614856507054 0.614829513892 0.614235787593 0.613525754641 0.612841230501 0.611969130915 0.611287620592 0.610646619904 0.611304107814 0.610847892111 0.61044347619 0.606627971671 0.605575310822 0.60424016444 0.603069134942 0.60184987162 0.600268442713 0.599215020339
0.625698696785 0.625421430722 0.624854860436 0.624557060692 0.623924949872 0.623788308831 0.623382321008 0.6230293555 0.622830111271 0.622370777611 0.621762785205 0.62120652632 0.620762606345 0.620577651989 0.620833512488 0.620145008302 0.619490500895 0.618983921848 0.618071985211 0.61747991685 0.617254488245 0.616838339871 0.61613582036 0.615230278931 0.614693533551 0.614164855204 0.614298501286 0.613713464656 0.613089371479 0.612469765174 0.611845417706 0.612767107044 0.612367482699 0.609499938327 0.608300437265 0.607293968285 0.606240704762 0.604700536474 0.603268725242 0.602044089961
0.627421615605 0.626791702252 0.626734093165 0.626385546277 0.625919574075 0.625547368602 0.624950877692 0.624549916344 0.623531204395 0.623080578309 0.622671972625 0.622227535911 0.621895319074 0.621234131479 0.617890178133 0.617653469225 0.616090656617 0.616720330771 0.616670239566 0.615676934468 0.615170697642 0.614670520554 0.614306112174 0.615863019642 0.615398900438 0.614940574835 0.614546066533 0.614003043442 0.613487299402 0.612201012285 0.611544377572 0.614275970347 0.614492015447 0.611387004856 0.610107470996 0.6091534763 0.608156206442 0.606439330907 0.605176890365 0.604017471224
0.626360540835 0.627442362146 0.627767999808 0.627395055438 0.626702909041 0.626166959633 0.625910012896 0.6254194055 0.624389091381 0.624768937246 0.623518460947 0.621762204452 0.621259103401 0.619523074653 0.618818579256 0.618360577847 0.617741634613 0.617563689872 0.617214822348 0.61708793504 0.61618785426 0.615425279931 0.615101224501 0.614682610941 0.615708188149 0.615268034147 0.614414862557 0.614515993939 0.613931109564 0.613313723746 0.613290558621 0.612657664134 0.615968550505 0.613060671219 0.612163698206 0.610964003974 0.610144766815 0.608643116776 0.607543752797 0.607222683832
0.628453277895 0.628281308373 0.628863888208 0.628644706461 0.628276291357 0.627940475158 0.627461420426 0.62744808201 0.62410755204 0.623370655871 0.623341053651 0.622845559812 0.622341141144 0.621318516685 0.614504172416 0.614132745128 0.613825720626 0.615157252546 0.615053820524 0.617026387439 0.616697999474 0.614253094477 0.613562444156 0.613241823499 0.617354384087 0.616946688448 0.616570837366 0.615719275121 0.615585354064 0.615174920079 0.614698266125 0.614200600888 0.617295362373 0.614943135875 0.614065490244 0.613134827543 0.612126955595 0.611144001923 0.610105867694 0.608285398825
0.630245180101 0.630140639606 0.629999451368 0.630044367152 0.629654587503 0.629220869116 0.627308860187 0.626757298587 0.625075565853 0.624949993663 0.624517361508 0.623561379784 0.618684769681 0.618291161749 0.617900271646 0.617180302882 0.616679883333 0.617643891019 0.618210494818 0.618759172684 0.618429366522 0.616272863846 0.61610599648 0.615878929474 0.61578896034 0.617944712729 0.618358102889 0.617596291819 0.617474579271 0.617602555605 0.617308387654 0.616901969999 0.616428545647 0.614961921267 0.616236052598 0.614870556367 0.613611326766 0.612655501286 0.611615589611 0.610515611761
0.632314531748 0.631785963324 0.631570898197 0.630616779924 0.629928313991 0.629745965627 0.628803500661 0.628089003625 0.626864411313 0.626216142819 0.6261532707 0.621042654511 0.623073356022 0.621096824308 0.620719045524 0.620156443216 0.619801247292 0.620154891016 0.620426134998 0.620625372812 0.61962638392 0.618842846235 0.61861719129 0.618489457594 0.618354211741 0.618357622322 0.619654421154 0.619503470463 0.61928214799 0.619098847533 0.618820272251 0.61859564031 0.618360525693 0.61992094284 0.614526460606 0.613375906264 0.612266565921 0.61112392851 0.613734316595 0.612683627442
0.634022853075 0.633114984909 0.632649705929 0.632176427956 0.632301195443 0.631667125833 0.631273146173 0.630485374267 0.628355124001 0.628142239609 0.625072276624 0.620352020022 0.623678254668 0.624848764577 0.623492907095 0.623061166128 0.622724223003 0.622690252538 0.622714486779 0.62248808368 0.622059129376 0.621412448243 0.621246418272 0.621073407858 0.620971925778 0.618862637684 0.618593449074 0.617779846994 0.621208114765 0.620903335607 0.620654187025 0.620394555766 0.621420999012 0.621231554625 0.620949915291 0.614972119498 0.613907316653 0.61280921674 0.611677819758 0.610513125709
0.635024039176 0.636363179358 0.635681642415 0.635067832313 0.634443588181 0.633318583727 0.632724972247 0.631749426793 0.627264044374 0.627169927371 0.627558633357 0.627261970477 0.62635059466 0.627217318347 0.626732869672 0.626263708778 0.625575781294 0.625291275093 0.625075550161 0.624819330299 0.624316027511 0.62404748115 0.623849067399 0.623748207551 0.622998384542 0.622064723739 0.622365874625 0.621909905461 0.619819443446 0.622824845595 0.622540697695 0.623140441315 0.623059642486 0.622991357111 0.622784143727 0.616740724612 0.615720459264 0.614666896849 0.613580037365 0.612983899803
0.63965382429 0.638866515567 0.63732417662 0.636688771295 0.636057389104 0.635539530959 0.634909106213 0.63031523336 0.630073403052 0.629833330554 0.629613972664 0.629401737929 0.629448833677 0.629375372549 0.62915617181 0.628725671309 0.628405635023 0.627729835686 0.627509325143 0.626991530556 0.626811890271 0.626558184204 0.626555421849 0.626212464779 0.625687959836 0.625264060679 0.624817011098 0.623312859445 0.622479037438 0.621426384694 0.620877924991 0.624788621148 0.624726720918 0.625499143927 0.624679563762 0.625120043913 0.617705993755 0.617205442772 0.616186431554 0.615133889205
0.641145357785 0.640416282529 0.63969873595 0.638992718048 0.638298228825 0.637615268279 0.634257024451 0.633610661387 0.632841674283 0.632590148153 0.632340379832 0.632024050844 0.631796157248 0.631653740173 0.631456888458 0.631203721813 0.630827169486 0.63019660559 0.629827706348 0.629448757412 0.629376876773 0.629086048553 0.629056478802 0.628774850764 0.628167103357 0.62772897336 0.627260395117 0.625939435135 0.625573272172 0.624865931813 0.623787163781 0.622983362071 0.622146078834 0.627634514546 0.627080796367 0.627062278826 0.627067863117 0.619425007074 0.618452067781 0.617445597358
0.642068166668 0.641996735439 0.641337422327 0.640689637892 0.638155277615 0.637732556258 0.636487935308 0.636164420414 0.63590716029 0.635584173988 0.63504465635 0.634785192207 0.63440016191 0.634156609452 0.633911334569 0.633650381127 0.633359968357 0.633296413306 0.632436538185 0.632077835031 0.631959024572 0.631931425351 0.631678954121 0.6312558805 0.630645792245 0.630049798087 0.629591141428 0.629125148573 0.628633505488 0.627273671292 0.626533897198 0.625760641578 0.624953904431 0.624113685757 0.63084217554 0.62940662917 0.629433769463 0.629486341498 0.620216725553 0.619280526992
0.643693907534 0.643158530161 0.641136559868 0.640739556383 0.640345720881 0.639955053361 0.639864422591 0.639407697833 0.638234913868 0.638116576041 0.637803538228 0.637493900758 0.637198699136 0.636742305862 0.636483094543 0.636308310794 0.635973285402 0.635830568396 0.635707215983 0.634710983319 0.634525882157 0.634551445199 0.634030603506 0.633398909662 0.632948584394 0.632486682645 0.631992480174 0.631658131003 0.631215275866 0.629974196489 0.629264968485 0.628522258955 0.627746067898 0.626936395314 0.626093241203 0.629147416157 0.631408809909 0.631436025811 0.631488673454 0.62186777849
0.645361768211 0.643634489449 0.64326637182 0.642901422172 0.642539640507 0.642181026825 0.641403753527 0.641146501601 0.64088117608 0.640607776965 0.640508759583 0.64006819044 0.639831149831 0.639536058189 0.639059375182 0.638890027987 0.638626602709 0.638421075033 0.638175448002 0.637604486265 0.637042617037 0.636933356425 0.636245983473 0.635809690164 0.635312217506 0.635072380034 0.634642520763 0.634214078707 0.633814026169 0.633381128437 0.632946879118 0.63251127821 0.632074325715 0.630370961458 0.62967137418 0.632154811507 0.631894103457 0.633325971697 0.633272978633 0.624367420487
0.646074955699 0.645735723924 0.645399660132 0.645066764322 0.644737036495 0.643942669724 0.643719298293 0.643487853268 0.643248334647 0.643000742433 0.642715370457 0.642490357912 0.642248067093 0.642086309754 0.641720017203 0.641423503495 0.641149676997 0.64068576386 0.640593789713 0.639818808147 0.63963668728 0.639477662418 0.638883164285 0.638439624366 0.638040500006 0.637627851441 0.637197336403 0.636779538075 0.636283739042 0.635781632502 0.635260306509 0.634719761065 0.634159996168 0.63358101182 0.63298280802 0.634626483743 0.634365395872 0.634111604416 0.636049635272 0.636108542646
0.648120475838 0.647796530127 0.647479070887 0.647168098118 0.64686361182 0.646233917529 0.646036352999 0.645830714874 0.645617003154 0.645395217841 0.645165358932 0.644908345506 0.644697473838 0.644719211121 0.644295243547 0.644003516451 0.643580991032 0.643322427424 0.642810091061 0.642764758061 0.642285625084 0.64153665799 0.641464147854 0.641216417452 0.640616892206 0.64017125181 0.639696902253 0.639260538299 0.638779195815 0.638278633879 0.637758852491 0.637219851651 0.636661631359 0.636084191616 0.63548753242 0.634871653772 0.63729862792 0.63714380121 0.637006459305 0.638116223937
0.650465986207 0.650154213989 0.649848928241 0.649550128964 0.649257816159 0.64826407547 0.648171382594 0.648062433953 0.647937229548 0.647795769378 0.647898473504 0.647627022377 0.647486983785 0.647096389048 0.646875528902 0.646623602287 0.646313013157 0.645776527499 0.645862916012 0.645474545898 0.644210414039 0.644058369539 0.643602536674 0.643567926261 0.643294565468 0.642745643543 0.642157687077 0.642004939855 0.641425833451 0.641015626796 0.640603136381 0.640188362208 0.639771304275 0.639351962583 0.638930337132 0.638506427922 0.639813546448 0.639663030444 0.639529999245 0.63941445285
0.653769252836 0.653367329885 0.652978314522 0.652418763634 0.650885795688 0.650802909827 0.650703768201 0.650588370811 0.650776651572 0.650584641587 0.650381529678 0.649994874416 0.649703957767 0.649538881048 0.649485189174 0.649060613902 0.649064525269 0.648708048739 0.648724802474 0.647848113877 0.6471278417 0.646338506771 0.645933087106 0.645779123778 0.645359965941 0.645049174312 0.644785171497 0.644454518238 0.644146416015 0.643860864827 0.643086674741 0.642678641247 0.642268323993 0.641855722981 0.641440838209 0.641023669678 0.642417486282 0.642277797826 0.642155327753 0.642050076062
0.656298910257 0.655242283504 0.654966547568 0.654692402243 0.653401317995 0.653311983384 0.653480817265 0.653317074312 0.653142229435 0.652956282633 0.652622741241 0.652503159921 0.652094344845 0.652174398331 0.652005757758 0.651876053773 0.651383348255 0.651157980929 0.650870629435 0.650607871592 0.649572828309 0.648986061113 0.648725270907 0.648095104543 0.647745132198 0.647389219334 0.647186481607 0.646766205458 0.646434631068 0.646125607713 0.645839135395 0.645575214112 0.645333843864 0.645320699828 0.645182425362 0.64507131741 0.644937751288 0.644805128143 0.64468972338 0.644591537
0.657705761194 0.657441421917 0.65717867325 0.656917515194 0.655422512024 0.655371436854 0.655304171417 0.655220715713 0.655420325913 0.655360645178 0.655159466481 0.654977921554 0.654765632815 0.654400075429 0.654329291335 0.653917055701 0.653664342388 0.6536598328 0.653512403501 0.65316084083 0.652530310597 0.651261355485 0.651090450077 0.650667370114 0.650293205322 0.649905866915 0.649587356735 0.649294737504 0.648806276859 0.64835112992 0.648041185435 0.647753791985 0.647488949571 0.647246658193 0.64702691785 0.64741467942 0.647320897581 0.64776781183 0.646192282912 0.646002878916
0.65984338668 0.659592034672 0.659342273275 0.659422385887 0.657809465813 0.657731447035 0.658297340158 0.658132190131 0.657774316925 0.657641153047 0.657477245358 0.657282593857 0.657057198544 0.656809763805 0.656371232144 0.656014080165 0.655943178339 0.656027922142 0.655735266323 0.655454612932 0.654685322463 0.653899875037 0.653254168064 0.653019094595 0.652655353509 0.652387996231 0.652071142101 0.65154817876 0.651209356107 0.65085629376 0.650571487068 0.64989314918 0.649604834599 0.649339071054 0.649095858544 0.648875197071 0.649652044943 0.65024424215 0.650298604686 0.650386259999
0.663652997687 0.663214979976 0.662787349369 0.660000980387 0.661006402196 0.660858690032 0.660691767596 0.660170699386 0.660055172746 0.659908902295 0.659731888032 0.659524129957 0.65922720749 0.658988495034 0.658532899591 0.658207165393 0.658156636472 0.658402704326 0.658112918179 0.658033525872 0.657392457374 0.65675361795 0.655607186342 0.655400676113 0.655005424996 0.654693301686 0.654500314586 0.654212420102 0.653945980472 0.653403347835 0.653106178884 0.652926622938 0.652736240345 0.652570849799 0.651125578559 0.650881444919 0.650659862314 0.651840568686 0.65276430333 0.652859283208
0.66585600576 0.664769499584 0.664410305127 0.663540144881 0.663390660307 0.66256656057 0.66249941498 0.662401525578 0.662272892365 0.662113515339 0.662351763196 0.661645019056 0.661425507477 0.662002867124 0.660792112365 0.661059392908 0.660793715366 0.660712592302 0.660418354175 0.660609410151 0.660355341533 0.659959535662 0.657951973273 0.657620353927 0.657762735793 0.656931050378 0.656673431292 0.656638335023 0.656379400183 0.656141920198 0.6556359474 0.655360022451 0.655104507201 0.654911262136 0.654774684409 0.654663098731 0.6545765051 0.654110902849 0.654058074554 0.654031780084
0.667152029398 0.668210464142 0.667827909281 0.665893250983 0.664809972058 0.664760463706 0.664680211543 0.664569215567 0.66442747578 0.664902830854 0.663989553673 0.66378924297 0.665102553722 0.664718558413 0.664421844001 0.663397174774 0.663269912058 0.662950264418 0.663383383256 0.66318226577 0.662983774331 0.663093855984 0.660232623855 0.660010885931 0.66031958573 0.660034765715 0.65884086837 0.658647216624 0.65880205754 0.658572082344 0.658363562005 0.657907154801 0.657652473855 0.657418202608 0.657502169743 0.656984219896 0.656901447036 0.656353875271 0.656298892935 0.656270444424
0.670987031377 0.670586549862 0.670183715947 0.66698571668 0.666953845566 0.66689123064 0.666797871902 0.667743644995 0.667421376318 0.666260811339 0.666079701513 0.668314201853 0.667908011583 0.667724472881 0.667331323853 0.668362732713 0.666523443968 0.665115720675 0.66601124191 0.665752092728 0.665609178468 0.665717535837 0.666371785866 0.662410173814 0.663635292719 0.662638292192 0.662383095959 0.662135821228 0.659800735258 0.660991482137 0.660790466587 0.660610905892 0.661591612978 0.659983533096 0.659770505851 0.659789470657 0.659837268496 0.659921194125 0.65965263589 0.659765895787
0.673336114092 0.672915353522 0.672492240553 0.669079560558 0.669034582869 0.670541802735 0.670233057138 0.669907399586 0.668458792055 0.668296883106 0.671637811518 0.671209426286 0.670770806465 0.671565182765 0.672265060727 0.671791796134 0.669412088155 0.667208961072 0.668662868423 0.668318891026 0.668231553944 0.670273774203 0.66994327052 0.668173134518 0.666660554308 0.665266792932 0.665033298976 0.664807726525 0.66343602136 0.663567280532 0.663206608816 0.66303455291 0.66288395186 0.664262479048 0.66425176018 0.662161416931 0.662093471348 0.662181703694 0.661894421957 0.662012133823
0.675637914747 0.675196875123 0.673746149281 0.673392845272 0.673036048335 0.672689947086 0.672360900659 0.674029984181 0.670440787749 0.675073382717 0.674622802523 0.67416198774 0.67405738416 0.674888320207 0.675868129967 0.675373807649 0.672219037147 0.66922998561 0.671338262794 0.671302879851 0.671259657301 0.67125603012 0.673676625867 0.67334592435 0.6715105196 0.669425059844 0.667708476256 0.667504606082 0.667308657412 0.665598103734 0.665869770325 0.665667421499 0.665304341314 0.665182699908 0.667006456503 0.667037876347 0.667093196443 0.664414171816 0.665587375462 0.66635511608
0.677892433342 0.677431114665 0.675870030817 0.675504324382 0.675114314839 0.672242499143 0.677060315988 0.672511415442 0.678620915449 0.678148140293 0.677665130548 0.677659550375 0.678935184305 0.680133799143 0.6796241473 0.67482450193 0.674972804624 0.671178794288 0.674037425024 0.674048239949 0.673987527095 0.674048979379 0.673737535259 0.677250899838 0.675165611552 0.672652376246 0.672318663278 0.670226459902 0.67005221351 0.669885888622 0.66779157104 0.668217704857 0.668043308379 0.665145154056 0.667507150037 0.669823545345 0.6698971039 0.669994562708 0.668174508336 0.671395450376
0.680099669878 0.678321246808 0.677946630876 0.674304058419 0.674142097971 0.680137438257 0.679623688993 0.682280409715 0.681785439597 0.683407336613 0.681390247139 0.680808041355 0.682526512723 0.684063822295 0.678354318329 0.678348693304 0.677748776803 0.677115428116 0.676760355112 0.677590585445 0.676722453191 0.67684898494 0.676938766356 0.676968948543 0.680996596115 0.673949538847 0.675653938479 0.67534136461 0.67282074387 0.67267612126 0.670134202205 0.670016423278 0.67061108413 0.670464639999 0.666976712991 0.666589600646 0.672713745572 0.672829442839 0.67077079063 0.674550878368
0.67999672946 0.680362967816 0.676119199026 0.675966818149 0.683261350991 0.682723787882 0.686051865514 0.688311085127 0.687614947316 0.685249474452 0.684635744196 0.678511853165 0.688692832633 0.682016865167 0.681389959543 0.681188508925 0.680546953684 0.686446999262 0.686172521231 0.680545605801 0.679464435589 0.679656046804 0.686003896476 0.680289834742 0.680386191787 0.676773811182 0.68624998315 0.67878459861 0.673067224641 0.67549132816 0.675376329332 0.672359425985 0.672272660447 0.675527663511 0.672931416359 0.66879205075 0.668408591954 0.668024053455 0.663895366857 0.66467702589
0.678598979193 0.67822609715 0.678202493232 0.686432054188 0.685870677235 0.69343890125 0.692713366349 0.69198085284 0.690474923237 0.688591977587 0.690503185074 0.680613444421 0.685812142447 0.685142244759 0.686202629122 0.684050529248 0.683367335267 0.69054904119 0.695558895125 0.683537676018 0.682213474291 0.682470164971 0.690407915142 0.683687913245 0.683826733089 0.679628067757 0.679724533412 0.691463424937 0.682044356639 0.675317623031 0.678238212772 0.675996117563 0.674616034697 0.67830176857 0.6785265455 0.665874791402 0.665568059906 0.665267586179 0.66914122228 0.666052357499
0.683268826672 0.680097573636 0.679655591547 0.679213653369 0.678206264549 0.697273942392 0.696505053183 0.694870303293 0.692676741525 0.695187092508 0.683540835862 0.682673321415 0.689027260416 0.68832963611 0.689616565367 0.686934754273 0.686209921552 0.697490320201 0.700778648865 0.700533294205 0.684969569295 0.68529133944 0.694975292378 0.694708156383 0.687344466693 0.687549461396 0.682641283791 0.696352910934 0.697032475592 0.677813155201 0.677610532754 0.681061397706 0.678519911036 0.66879912124 0.668673390812 0.667222649851 0.666920409515 0.666624426947 0.670427236602 0.667347148379
0.681945908028 0.681487484197 0.681029104277 0.679815530566 0.67992870826 0.679602089416 0.679266866296 0.698598921698 0.700064469599 0.699041898197 0.685599925929 0.693045006514 0.692304390144 0.693387206902 0.693109996561 0.689841184 0.68907471254 0.703636690709 0.706215593168 0.705981254853 0.704017877661 0.688119570212 0.699706028185 0.699449589703 0.690939392601 0.691186850103 0.685588018409 0.701414393594 0.702167899908 0.702957135114 0.669484763641 0.669998108223 0.669690162539 0.670015837111 0.669901640982 0.669800365613 0.668195178278 0.66790368687 0.67471995217 0.671966194952
0.683272630835 0.682797809172 0.68135654262 0.681539109783 0.681210476658 0.680873239257 0.680627590349 0.680314004872 0.680360088735 0.679576098843 0.687617301735 0.696411874619 0.695643531631 0.696956630033 0.696682922703 0.692769818429 0.702951367221 0.708849875288 0.711869728034 0.711646406064 0.711661116259 0.690954857287 0.704600122562 0.704354381595 0.704098254776 0.694901431113 0.695215063474 0.671156794194 0.671359155172 0.671171494278 0.670715112502 0.67115429238 0.670849797869 0.671145176937 0.671042515107 0.670952774038 0.670875953728 0.669105365948 0.67461648464 0.676580683303
0.684519768056 0.683408340529 0.683086297399 0.682755649994 0.682416398311 0.682131498468 0.681815820081 0.681498088438 0.681248893338 0.680437168595 0.679602423858 0.679141822099 0.700872990714 0.700605548113 0.700335343794 0.708200856829 0.70743175474 0.714249925 0.717741053463 0.717528747838 0.717558048265 0.715456256658 0.709657575511 0.709422532057 0.709177102752 0.671437409351 0.671822583089 0.671890676383 0.67211882448 0.672388926702 0.671879700437 0.67143040097 0.671929476036 0.671634691302 0.672096013187 0.672017806417 0.671952520406 0.671900155156 0.675663231215 0.676151334779
0.688255719316 0.68457027111 0.684237609423 0.68389634346 0.683567137528 0.683249366231 0.682929541677 0.682877626124 0.68202850323 0.681189043636 0.680618986516 0.679995357686 0.679386106333 0.678791232457 0.704067259833 0.71283718822 0.719755923945 0.719836839846 0.723829569455 0.723628280175 0.723670224035 0.721224612525 0.714878387029 0.671022512962 0.671402479096 0.671807313455 0.672237016037 0.673231659672 0.672771163847 0.67306705319 0.673404896657 0.672525545721 0.672083328561 0.672637863479 0.673062135221 0.67299546275 0.672941711039 0.672900880088 0.676605772864 0.677119792258
0.688055962473 0.685656354947 0.685313074703 0.684961190183 0.684614643322 0.684292725859 0.6844622972 0.683575776156 0.682698918411 0.681831723965 0.681394198634 0.680755902701 0.680131984245 0.679522443266 0.682594390986 0.68628101192 0.686505906401 0.725610619824 0.73013527601 0.729945003076 0.682466664667 0.681413796644 0.67999085028 0.681501694457 0.671597782054 0.672047145256 0.672521376683 0.673020476334 0.673316173273 0.673637849735 0.674001480323 0.673727321652 0.673109030129 0.672673895277 0.673279454708 0.673885743038 0.673843525626 0.677798224823 0.677444109586 0.670189002859
