37.763558822
37.763545236
37.7635316499
37.7635180639
37.7635044778
37.7634908918
37.7634773058
37.7634637197
37.7634501337
37.7634365477
37.7634229616
37.7634093756
37.7633957895
37.7633822035
37.7633686175
37.7633550314
37.7633414454
37.7633278594
37.7633142733
37.7633006873
37.7632871012
37.7632735152
37.7632599292
37.7632463431
37.7632327571
37.7632191711
37.763205585
37.763191999
37.7631784129
37.7631648269
37.7631512409
37.7631376548
37.7631240688
37.7631104828
37.7630968967
37.7630833107
37.7630697246
37.7630561386
37.7630425526
37.7630289665
37.7635559374
37.7635423514
37.7635287653
37.7635151793
37.7635015933
37.7634880072
37.7634744212
37.7634608351
37.7634472491
37.7634336631
37.763420077
37.763406491
37.763392905
37.7633793189
37.7633657329
37.7633521468
37.7633385608
37.7633249748
37.7633113887
37.7632978027
37.7632842167
37.7632706306
37.7632570446
37.7632434585
37.7632298725
37.7632162865
37.7632027004
37.7631891144
37.7631755284
37.7631619423
37.7631483563
37.7631347702
37.7631211842
37.7631075982
37.7630940121
37.7630804261
37.7630668401
37.763053254
37.763039668
37.7630260819
37.7635530528
37.7635394668
37.7635258807
37.7635122947
37.7634987087
37.7634851226
37.7634715366
37.7634579506
37.7634443645
37.7634307785
37.7634171924
37.7634036064
37.7633900204
37.7633764343
37.7633628483
37.7633492623
37.7633356762
37.7633220902
37.7633085041
37.7632949181
37.7632813321
37.763267746
37.76325416
37.763240574
37.7632269879
37.7632134019
37.7631998158
37.7631862298
37.7631726438
37.7631590577
37.7631454717
37.7631318857
37.7631182996
37.7631047136
37.7630911275
37.7630775415
37.7630639555
37.7630503694
37.7630367834
37.7630231974
37.7635501682
37.7635365822
37.7635229962
37.7635094101
37.7634958241
37.763482238
37.763468652
37.763455066
37.7634414799
37.7634278939
37.7634143079
37.7634007218
37.7633871358
37.7633735497
37.7633599637
37.7633463777
37.7633327916
37.7633192056
37.7633056196
37.7632920335
37.7632784475
37.7632648614
37.7632512754
37.7632376894
37.7632241033
37.7632105173
37.7631969313
37.7631833452
37.7631697592
37.7631561731
37.7631425871
37.7631290011
37.763115415
37.763101829
37.763088243
37.7630746569
37.7630610709
37.7630474849
37.7630338988
37.7630203128
37.7635472836
37.7635336976
37.7635201116
37.7635065255
37.7634929395
37.7634793535
37.7634657674
37.7634521814
37.7634385953
37.7634250093
37.7634114233
37.7633978372
37.7633842512
37.7633706652
37.7633570791
37.7633434931
37.7633299071
37.763316321
37.763302735
37.7632891489
37.7632755629
37.7632619769
37.7632483908
37.7632348048
37.7632212188
37.7632076327
37.7631940467
37.7631804606
37.7631668746
37.7631532886
37.7631397025
37.7631261165
37.7631125305
37.7630989444
37.7630853584
37.7630717723
37.7630581863
37.7630446003
37.7630310142
37.7630174282
37.7635443991
37.763530813
37.763517227
37.763503641
37.7634900549
37.7634764689
37.7634628828
37.7634492968
37.7634357108
37.7634221247
37.7634085387
37.7633949527
37.7633813666
37.7633677806
37.7633541945
37.7633406085
37.7633270225
37.7633134364
37.7632998504
37.7632862644
37.7632726783
37.7632590923
37.7632455062
37.7632319202
37.7632183342
37.7632047481
37.7631911621
37.7631775761
37.76316399
37.763150404
37.7631368179
37.7631232319
37.7631096459
37.7630960598
37.7630824738
37.7630688878
37.7630553017
37.7630417157
37.7630281296
37.7630145436
37.7635415145
37.7635279284
37.7635143424
37.7635007564
37.7634871703
37.7634735843
37.7634599983
37.7634464122
37.7634328262
37.7634192401
37.7634056541
37.7633920681
37.763378482
37.763364896
37.76335131
37.7633377239
37.7633241379
37.7633105518
37.7632969658
37.7632833798
37.7632697937
37.7632562077
37.7632426217
37.7632290356
37.7632154496
37.7632018635
37.7631882775
37.7631746915
37.7631611054
37.7631475194
37.7631339334
37.7631203473
37.7631067613
37.7630931752
37.7630795892
37.7630660032
37.7630524171
37.7630388311
37.7630252451
37.763011659
37.7635386299
37.7635250439
37.7635114578
37.7634978718
37.7634842857
37.7634706997
37.7634571137
37.7634435276
37.7634299416
37.7634163556
37.7634027695
37.7633891835
37.7633755974
37.7633620114
37.7633484254
37.7633348393
37.7633212533
37.7633076673
37.7632940812
37.7632804952
37.7632669091
37.7632533231
37.7632397371
37.763226151
37.763212565
37.763198979
37.7631853929
37.7631718069
37.7631582208
37.7631446348
37.7631310488
37.7631174627
37.7631038767
37.7630902907
37.7630767046
37.7630631186
37.7630495325
37.7630359465
37.7630223605
37.7630087744
37.7635357453
37.7635221593
37.7635085732
37.7634949872
37.7634814012
37.7634678151
37.7634542291
37.763440643
37.763427057
37.763413471
37.7633998849
37.7633862989
37.7633727129
37.7633591268
37.7633455408
37.7633319547
37.7633183687
37.7633047827
37.7632911966
37.7632776106
37.7632640246
37.7632504385
37.7632368525
37.7632232664
37.7632096804
37.7631960944
37.7631825083
37.7631689223
37.7631553363
37.7631417502
37.7631281642
37.7631145781
37.7631009921
37.7630874061
37.76307382
37.763060234
37.763046648
37.7630330619
37.7630194759
37.7630058898
37.7635328607
37.7635192747
37.7635056886
37.7634921026
37.7634785166
37.7634649305
37.7634513445
37.7634377585
37.7634241724
37.7634105864
37.7633970003
37.7633834143
37.7633698283
37.7633562422
37.7633426562
37.7633290702
37.7633154841
37.7633018981
37.763288312
37.763274726
37.76326114
37.7632475539
37.7632339679
37.7632203819
37.7632067958
37.7631932098
37.7631796237
37.7631660377
37.7631524517
37.7631388656
37.7631252796
37.7631116936
37.7630981075
37.7630845215
37.7630709355
37.7630573494
37.7630437634
37.7630301773
37.7630165913
37.7630030053
37.7635299761
37.7635163901
37.7635028041
37.763489218
37.763475632
37.7634620459
37.7634484599
37.7634348739
37.7634212878
37.7634077018
37.7633941158
37.7633805297
37.7633669437
37.7633533577
37.7633397716
37.7633261856
37.7633125995
37.7632990135
37.7632854275
37.7632718414
37.7632582554
37.7632446694
37.7632310833
37.7632174973
37.7632039112
37.7631903252
37.7631767392
37.7631631531
37.7631495671
37.7631359811
37.763122395
37.763108809
37.7630952229
37.7630816369
37.7630680509
37.7630544648
37.7630408788
37.7630272928
37.7630137067
37.7630001207
37.7635270916
37.7635135055
37.7634999195
37.7634863334
37.7634727474
37.7634591614
37.7634455753
37.7634319893
37.7634184033
37.7634048172
37.7633912312
37.7633776451
37.7633640591
37.7633504731
37.763336887
37.763323301
37.763309715
37.7632961289
37.7632825429
37.7632689568
37.7632553708
37.7632417848
37.7632281987
37.7632146127
37.7632010267
37.7631874406
37.7631738546
37.7631602685
37.7631466825
37.7631330965
37.7631195104
37.7631059244
37.7630923384
37.7630787523
37.7630651663
37.7630515802
37.7630379942
37.7630244082
37.7630108221
37.7629972361
37.763524207
37.7635106209
37.7634970349
37.7634834489
37.7634698628
37.7634562768
37.7634426907
37.7634291047
37.7634155187
37.7634019326
37.7633883466
37.7633747606
37.7633611745
37.7633475885
37.7633340024
37.7633204164
37.7633068304
37.7632932443
37.7632796583
37.7632660723
37.7632524862
37.7632389002
37.7632253141
37.7632117281
37.7631981421
37.763184556
37.76317097
37.763157384
37.7631437979
37.7631302119
37.7631166258
37.7631030398
37.7630894538
37.7630758677
37.7630622817
37.7630486957
37.7630351096
37.7630215236
37.7630079375
37.7629943515
37.7635213224
37.7635077363
37.7634941503
37.7634805643
37.7634669782
37.7634533922
37.7634398062
37.7634262201
37.7634126341
37.763399048
37.763385462
37.763371876
37.7633582899
37.7633447039
37.7633311179
37.7633175318
37.7633039458
37.7632903597
37.7632767737
37.7632631877
37.7632496016
37.7632360156
37.7632224296
37.7632088435
37.7631952575
37.7631816714
37.7631680854
37.7631544994
37.7631409133
37.7631273273
37.7631137413
37.7631001552
37.7630865692
37.7630729831
37.7630593971
37.7630458111
37.763032225
37.763018639
37.763005053
37.7629914669
37.7635184378
37.7635048518
37.7634912657
37.7634776797
37.7634640936
37.7634505076
37.7634369216
37.7634233355
37.7634097495
37.7633961635
37.7633825774
37.7633689914
37.7633554053
37.7633418193
37.7633282333
37.7633146472
37.7633010612
37.7632874752
37.7632738891
37.7632603031
37.763246717
37.763233131
37.763219545
37.7632059589
37.7631923729
37.7631787869
37.7631652008
37.7631516148
37.7631380287
37.7631244427
37.7631108567
37.7630972706
37.7630836846
37.7630700986
37.7630565125
37.7630429265
37.7630293404
37.7630157544
37.7630021684
37.7629885823
37.7635155532
37.7635019672
37.7634883811
37.7634747951
37.7634612091
37.763447623
37.763434037
37.7634204509
37.7634068649
37.7633932789
37.7633796928
37.7633661068
37.7633525208
37.7633389347
37.7633253487
37.7633117626
37.7632981766
37.7632845906
37.7632710045
37.7632574185
37.7632438325
37.7632302464
37.7632166604
37.7632030743
37.7631894883
37.7631759023
37.7631623162
37.7631487302
37.7631351442
37.7631215581
37.7631079721
37.7630943861
37.7630808
37.763067214
37.7630536279
37.7630400419
37.7630264559
37.7630128698
37.7629992838
37.7629856978
37.7635126686
37.7634990826
37.7634854965
37.7634719105
37.7634583245
37.7634447384
37.7634311524
37.7634175664
37.7634039803
37.7633903943
37.7633768083
37.7633632222
37.7633496362
37.7633360501
37.7633224641
37.7633088781
37.763295292
37.763281706
37.76326812
37.7632545339
37.7632409479
37.7632273618
37.7632137758
37.7632001898
37.7631866037
37.7631730177
37.7631594317
37.7631458456
37.7631322596
37.7631186735
37.7631050875
37.7630915015
37.7630779154
37.7630643294
37.7630507434
37.7630371573
37.7630235713
37.7630099852
37.7629963992
37.7629828132
37.763509784
37.763496198
37.763482612
37.7634690259
37.7634554399
37.7634418539
37.7634282678
37.7634146818
37.7634010957
37.7633875097
37.7633739237
37.7633603376
37.7633467516
37.7633331656
37.7633195795
37.7633059935
37.7632924074
37.7632788214
37.7632652354
37.7632516493
37.7632380633
37.7632244773
37.7632108912
37.7631973052
37.7631837191
37.7631701331
37.7631565471
37.763142961
37.763129375
37.763115789
37.7631022029
37.7630886169
37.7630750308
37.7630614448
37.7630478588
37.7630342727
37.7630206867
37.7630071007
37.7629935146
37.7629799286
37.7635068995
37.7634933134
37.7634797274
37.7634661413
37.7634525553
37.7634389693
37.7634253832
37.7634117972
37.7633982112
37.7633846251
37.7633710391
37.763357453
37.763343867
37.763330281
37.7633166949
37.7633031089
37.7632895229
37.7632759368
37.7632623508
37.7632487647
37.7632351787
37.7632215927
37.7632080066
37.7631944206
37.7631808346
37.7631672485
37.7631536625
37.7631400764
37.7631264904
37.7631129044
37.7630993183
37.7630857323
37.7630721463
37.7630585602
37.7630449742
37.7630313881
37.7630178021
37.7630042161
37.76299063
37.762977044
37.7635040149
37.7634904288
37.7634768428
37.7634632568
37.7634496707
37.7634360847
37.7634224986
37.7634089126
37.7633953266
37.7633817405
37.7633681545
37.7633545685
37.7633409824
37.7633273964
37.7633138103
37.7633002243
37.7632866383
37.7632730522
37.7632594662
37.7632458802
37.7632322941
37.7632187081
37.763205122
37.763191536
37.76317795
37.7631643639
37.7631507779
37.7631371919
37.7631236058
37.7631100198
37.7630964337
37.7630828477
37.7630692617
37.7630556756
37.7630420896
37.7630285036
37.7630149175
37.7630013315
37.7629877454
37.7629741594
37.7635011303
37.7634875442
37.7634739582
37.7634603722
37.7634467861
37.7634332001
37.7634196141
37.763406028
37.763392442
37.7633788559
37.7633652699
37.7633516839
37.7633380978
37.7633245118
37.7633109258
37.7632973397
37.7632837537
37.7632701676
37.7632565816
37.7632429956
37.7632294095
37.7632158235
37.7632022375
37.7631886514
37.7631750654
37.7631614793
37.7631478933
37.7631343073
37.7631207212
37.7631071352
37.7630935492
37.7630799631
37.7630663771
37.763052791
37.763039205
37.763025619
37.7630120329
37.7629984469
37.7629848609
37.7629712748
37.7634982457
37.7634846597
37.7634710736
37.7634574876
37.7634439015
37.7634303155
37.7634167295
37.7634031434
37.7633895574
37.7633759714
37.7633623853
37.7633487993
37.7633352132
37.7633216272
37.7633080412
37.7632944551
37.7632808691
37.7632672831
37.763253697
37.763240111
37.7632265249
37.7632129389
37.7631993529
37.7631857668
37.7631721808
37.7631585948
37.7631450087
37.7631314227
37.7631178367
37.7631042506
37.7630906646
37.7630770785
37.7630634925
37.7630499065
37.7630363204
37.7630227344
37.7630091484
37.7629955623
37.7629819763
37.7629683902
37.7634953611
37.7634817751
37.763468189
37.763454603
37.763441017
37.7634274309
37.7634138449
37.7634002589
37.7633866728
37.7633730868
37.7633595007
37.7633459147
37.7633323287
37.7633187426
37.7633051566
37.7632915706
37.7632779845
37.7632643985
37.7632508124
37.7632372264
37.7632236404
37.7632100543
37.7631964683
37.7631828823
37.7631692962
37.7631557102
37.7631421241
37.7631285381
37.7631149521
37.763101366
37.76308778
37.763074194
37.7630606079
37.7630470219
37.7630334358
37.7630198498
37.7630062638
37.7629926777
37.7629790917
37.7629655057
37.7634924765
37.7634788905
37.7634653045
37.7634517184
37.7634381324
37.7634245463
37.7634109603
37.7633973743
37.7633837882
37.7633702022
37.7633566162
37.7633430301
37.7633294441
37.763315858
37.763302272
37.763288686
37.7632750999
37.7632615139
37.7632479279
37.7632343418
37.7632207558
37.7632071697
37.7631935837
37.7631799977
37.7631664116
37.7631528256
37.7631392396
37.7631256535
37.7631120675
37.7630984814
37.7630848954
37.7630713094
37.7630577233
37.7630441373
37.7630305513
37.7630169652
37.7630033792
37.7629897931
37.7629762071
37.7629626211
37.7634895919
37.7634760059
37.7634624199
37.7634488338
37.7634352478
37.7634216618
37.7634080757
37.7633944897
37.7633809036
37.7633673176
37.7633537316
37.7633401455
37.7633265595
37.7633129735
37.7632993874
37.7632858014
37.7632722153
37.7632586293
37.7632450433
37.7632314572
37.7632178712
37.7632042852
37.7631906991
37.7631771131
37.763163527
37.763149941
37.763136355
37.7631227689
37.7631091829
37.7630955969
37.7630820108
37.7630684248
37.7630548387
37.7630412527
37.7630276667
37.7630140806
37.7630004946
37.7629869086
37.7629733225
37.7629597365
37.7634867074
37.7634731213
37.7634595353
37.7634459492
37.7634323632
37.7634187772
37.7634051911
37.7633916051
37.7633780191
37.763364433
37.763350847
37.7633372609
37.7633236749
37.7633100889
37.7632965028
37.7632829168
37.7632693308
37.7632557447
37.7632421587
37.7632285726
37.7632149866
37.7632014006
37.7631878145
37.7631742285
37.7631606425
37.7631470564
37.7631334704
37.7631198843
37.7631062983
37.7630927123
37.7630791262
37.7630655402
37.7630519542
37.7630383681
37.7630247821
37.763011196
37.76299761
37.762984024
37.7629704379
37.7629568519
37.7634838228
37.7634702367
37.7634566507
37.7634430647
37.7634294786
37.7634158926
37.7634023065
37.7633887205
37.7633751345
37.7633615484
37.7633479624
37.7633343764
37.7633207903
37.7633072043
37.7632936182
37.7632800322
37.7632664462
37.7632528601
37.7632392741
37.7632256881
37.763212102
37.763198516
37.7631849299
37.7631713439
37.7631577579
37.7631441718
37.7631305858
37.7631169998
37.7631034137
37.7630898277
37.7630762416
37.7630626556
37.7630490696
37.7630354835
37.7630218975
37.7630083115
37.7629947254
37.7629811394
37.7629675534
37.7629539673
37.7634809382
37.7634673521
37.7634537661
37.7634401801
37.763426594
37.763413008
37.763399422
37.7633858359
37.7633722499
37.7633586638
37.7633450778
37.7633314918
37.7633179057
37.7633043197
37.7632907337
37.7632771476
37.7632635616
37.7632499755
37.7632363895
37.7632228035
37.7632092174
37.7631956314
37.7631820454
37.7631684593
37.7631548733
37.7631412873
37.7631277012
37.7631141152
37.7631005291
37.7630869431
37.7630733571
37.763059771
37.763046185
37.763032599
37.7630190129
37.7630054269
37.7629918408
37.7629782548
37.7629646688
37.7629510827
37.7634780536
37.7634644676
37.7634508815
37.7634372955
37.7634237095
37.7634101234
37.7633965374
37.7633829513
37.7633693653
37.7633557793
37.7633421932
37.7633286072
37.7633150212
37.7633014351
37.7632878491
37.763274263
37.763260677
37.763247091
37.7632335049
37.7632199189
37.7632063329
37.7631927468
37.7631791608
37.7631655747
37.7631519887
37.7631384027
37.7631248166
37.7631112306
37.7630976446
37.7630840585
37.7630704725
37.7630568864
37.7630433004
37.7630297144
37.7630161283
37.7630025423
37.7629889563
37.7629753702
37.7629617842
37.7629481981
37.763475169
37.763461583
37.7634479969
37.7634344109
37.7634208249
37.7634072388
37.7633936528
37.7633800668
37.7633664807
37.7633528947
37.7633393086
37.7633257226
37.7633121366
37.7632985505
37.7632849645
37.7632713785
37.7632577924
37.7632442064
37.7632306203
37.7632170343
37.7632034483
37.7631898622
37.7631762762
37.7631626902
37.7631491041
37.7631355181
37.763121932
37.763108346
37.76309476
37.7630811739
37.7630675879
37.7630540019
37.7630404158
37.7630268298
37.7630132437
37.7629996577
37.7629860717
37.7629724856
37.7629588996
37.7629453136
37.7634722844
37.7634586984
37.7634451124
37.7634315263
37.7634179403
37.7634043542
37.7633907682
37.7633771822
37.7633635961
37.7633500101
37.7633364241
37.763322838
37.763309252
37.7632956659
37.7632820799
37.7632684939
37.7632549078
37.7632413218
37.7632277358
37.7632141497
37.7632005637
37.7631869776
37.7631733916
37.7631598056
37.7631462195
37.7631326335
37.7631190475
37.7631054614
37.7630918754
37.7630782893
37.7630647033
37.7630511173
37.7630375312
37.7630239452
37.7630103592
37.7629967731
37.7629831871
37.762969601
37.762956015
37.762942429
37.7634693998
37.7634558138
37.7634422278
37.7634286417
37.7634150557
37.7634014697
37.7633878836
37.7633742976
37.7633607115
37.7633471255
37.7633335395
37.7633199534
37.7633063674
37.7632927814
37.7632791953
37.7632656093
37.7632520232
37.7632384372
37.7632248512
37.7632112651
37.7631976791
37.7631840931
37.763170507
37.763156921
37.7631433349
37.7631297489
37.7631161629
37.7631025768
37.7630889908
37.7630754048
37.7630618187
37.7630482327
37.7630346466
37.7630210606
37.7630074746
37.7629938885
37.7629803025
37.7629667165
37.7629531304
37.7629395444
37.7634665153
37.7634529292
37.7634393432
37.7634257571
37.7634121711
37.7633985851
37.763384999
37.763371413
37.763357827
37.7633442409
37.7633306549
37.7633170688
37.7633034828
37.7632898968
37.7632763107
37.7632627247
37.7632491387
37.7632355526
37.7632219666
37.7632083805
37.7631947945
37.7631812085
37.7631676224
37.7631540364
37.7631404504
37.7631268643
37.7631132783
37.7630996922
37.7630861062
37.7630725202
37.7630589341
37.7630453481
37.7630317621
37.763018176
37.76300459
37.762991004
37.7629774179
37.7629638319
37.7629502458
37.7629366598
37.7634636307
37.7634500446
37.7634364586
37.7634228726
37.7634092865
37.7633957005
37.7633821144
37.7633685284
37.7633549424
37.7633413563
37.7633277703
37.7633141843
37.7633005982
37.7632870122
37.7632734261
37.7632598401
37.7632462541
37.763232668
37.763219082
37.763205496
37.7631919099
37.7631783239
37.7631647379
37.7631511518
37.7631375658
37.7631239797
37.7631103937
37.7630968077
37.7630832216
37.7630696356
37.7630560496
37.7630424635
37.7630288775
37.7630152914
37.7630017054
37.7629881194
37.7629745333
37.7629609473
37.7629473613
37.7629337752
37.7634607461
37.7634471601
37.763433574
37.763419988
37.7634064019
37.7633928159
37.7633792299
37.7633656438
37.7633520578
37.7633384718
37.7633248857
37.7633112997
37.7632977136
37.7632841276
37.7632705416
37.7632569555
37.7632433695
37.7632297835
37.7632161974
37.7632026114
37.7631890253
37.7631754393
37.7631618533
37.7631482672
37.7631346812
37.7631210952
37.7631075091
37.7630939231
37.763080337
37.763066751
37.763053165
37.7630395789
37.7630259929
37.7630124069
37.7629988208
37.7629852348
37.7629716487
37.7629580627
37.7629444767
37.7629308906
37.7634578615
37.7634442755
37.7634306894
37.7634171034
37.7634035174
37.7633899313
37.7633763453
37.7633627592
37.7633491732
37.7633355872
37.7633220011
37.7633084151
37.7632948291
37.763281243
37.763267657
37.7632540709
37.7632404849
37.7632268989
37.7632133128
37.7631997268
37.7631861408
37.7631725547
37.7631589687
37.7631453826
37.7631317966
37.7631182106
37.7631046245
37.7630910385
37.7630774525
37.7630638664
37.7630502804
37.7630366943
37.7630231083
37.7630095223
37.7629959362
37.7629823502
37.7629687642
37.7629551781
37.7629415921
37.762928006
37.7634549769
37.7634413909
37.7634278048
37.7634142188
37.7634006328
37.7633870467
37.7633734607
37.7633598747
37.7633462886
37.7633327026
37.7633191165
37.7633055305
37.7632919445
37.7632783584
37.7632647724
37.7632511864
37.7632376003
37.7632240143
37.7632104282
37.7631968422
37.7631832562
37.7631696701
37.7631560841
37.7631424981
37.763128912
37.763115326
37.7631017399
37.7630881539
37.7630745679
37.7630609818
37.7630473958
37.7630338098
37.7630202237
37.7630066377
37.7629930516
37.7629794656
37.7629658796
37.7629522935
37.7629387075
37.7629251215
37.7634520923
37.7634385063
37.7634249203
37.7634113342
37.7633977482
37.7633841621
37.7633705761
37.7633569901
37.763343404
37.763329818
37.763316232
37.7633026459
37.7632890599
37.7632754738
37.7632618878
37.7632483018
37.7632347157
37.7632211297
37.7632075437
37.7631939576
37.7631803716
37.7631667855
37.7631531995
37.7631396135
37.7631260274
37.7631124414
37.7630988554
37.7630852693
37.7630716833
37.7630580972
37.7630445112
37.7630309252
37.7630173391
37.7630037531
37.7629901671
37.762976581
37.762962995
37.7629494089
37.7629358229
37.7629222369
37.7634492077
37.7634356217
37.7634220357
37.7634084496
37.7633948636
37.7633812776
37.7633676915
37.7633541055
37.7633405194
37.7633269334
37.7633133474
37.7632997613
37.7632861753
37.7632725893
37.7632590032
37.7632454172
37.7632318311
37.7632182451
37.7632046591
37.763191073
37.763177487
37.763163901
37.7631503149
37.7631367289
37.7631231428
37.7631095568
37.7630959708
37.7630823847
37.7630687987
37.7630552127
37.7630416266
37.7630280406
37.7630144546
37.7630008685
37.7629872825
37.7629736964
37.7629601104
37.7629465244
37.7629329383
37.7629193523
37.7634463232
37.7634327371
37.7634191511
37.763405565
37.763391979
37.763378393
37.7633648069
37.7633512209
37.7633376349
37.7633240488
37.7633104628
37.7632968767
37.7632832907
37.7632697047
37.7632561186
37.7632425326
37.7632289466
37.7632153605
37.7632017745
37.7631881885
37.7631746024
37.7631610164
37.7631474303
37.7631338443
37.7631202583
37.7631066722
37.7630930862
37.7630795002
37.7630659141
37.7630523281
37.763038742
37.763025156
37.76301157
37.7629979839
37.7629843979
37.7629708119
37.7629572258
37.7629436398
37.7629300537
37.7629164677
