0.562519411437 0.490198723901 0.486422282532 0.482645841163 0.463068954448 0.462962461662 0.462645229938 0.444416263906 0.457903782744 0.460005642753 0.458590455765 0.462836394079 0.458961713027 0.453514943038 0.449233087172 0.444836295987 0.442676165206 0.443259820803 0.444764699472 0.446502717933 0.425565374644 0.42847959517 0.421193563208 0.419775165816 0.412472434534 0.406385525495 0.399056667587 0.408626689397 0.402522344048 0.367990484931 0.523512659543 0.534399553442 0.52524993119 0.555442425216 0.552104975572 0.563302991265 0.57813172128 0.589501772958 0.613172170522 0.549056085613
0.580727543017 0.569425227309 0.548294655297 0.538603774021 0.523720086566 0.502898084458 0.485362489315 0.449155613993 0.451154111968 0.459545855141 0.459996475368 0.457552437508 0.455646371487 0.452640588429 0.445970966191 0.435119503766 0.426902440315 0.428748176352 0.434592238107 0.437958466201 0.41855160223 0.41757160669 0.413801741689 0.410314589174 0.41591808751 0.411619779825 0.407321472139 0.383145261992 0.374041586843 0.406498791567 0.528442874654 0.540019620227 0.554370812761 0.556161196675 0.567600942771 0.57166633287 0.584534441962 0.597402551054 0.610270660146 0.513767683382
0.597941447265 0.584570120281 0.571198793297 0.497523529194 0.493219849982 0.475912286608 0.476650405423 0.438843529232 0.441291789911 0.446149050683 0.438382773839 0.441190982794 0.450687201108 0.45880251318 0.435959787002 0.431777910172 0.426028069206 0.422555725661 0.414683722356 0.424035627569 0.411279540707 0.40888977875 0.4204056257 0.41098917272 0.405828629899 0.402218792874 0.377678889509 0.41498230543 0.396543536147 0.390940661908 0.521438993711 0.538050959684 0.551144819907 0.545296816765 0.560327097129 0.555745140596 0.569172583068 0.582079722113 0.594986861157 0.606897675306
0.562677901347 0.554835861649 0.525715325163 0.496938605814 0.492773880998 0.501238205555 0.496922483006 0.583177918368 0.528008154033 0.487541981425 0.428093679187 0.431492334223 0.433875944483 0.436053846808 0.431026478949 0.437859550901 0.426137295139 0.410789086152 0.406201357787 0.399440864765 0.400707663083 0.393752426624 0.391425973176 0.40229361423 0.388103500096 0.410404581618 0.407421417815 0.391649092051 0.386000603836 0.365606964009 0.514558695036 0.53275407106 0.547329557097 0.536628899546 0.549043767212 0.550044636583 0.563454530974 0.576864425366 0.615617595806 0.625793922826
0.570348954922 0.560814869632 0.562430530257 0.552546796799 0.548779021197 0.520244950561 0.509472835912 0.495366028091 0.485665560723 0.476901225235 0.462083431894 0.443381001164 0.438183416326 0.436999587986 0.428522035847 0.422650952896 0.410548349756 0.411010816636 0.410952590508 0.401393074129 0.387555282614 0.389202471924 0.387006790112 0.375802651502 0.37961975514 0.372495903595 0.387506183334 0.383207724227 0.379235791296 0.374884644935 0.357880565114 0.528358476517 0.542874622682 0.524836577162 0.547046375056 0.559023062535 0.570999750014 0.579824942902 0.605285275329 0.619981440383
0.603928310351 0.597320283317 0.562131947625 0.550458287103 0.539213979433 0.52696114418 0.514791974799 0.501920374123 0.451599890915 0.445317197857 0.438414691187 0.431801059541 0.425681133183 0.418560804013 0.361727798675 0.380106490631 0.385171627248 0.395946846496 0.398408220832 0.390575681142 0.401139180406 0.390739227791 0.343214540616 0.365011705901 0.361151878116 0.357292050331 0.340195516845 0.328197878653 0.319668193734 0.260366109148 0.209206152653 0.523513664704 0.560765800937 0.528681117714 0.534201715656 0.547033290466 0.559864865276 0.58585511864 0.602529387661 0.618790957199
0.647954648042 0.611535138499 0.583729894221 0.568940291159 0.557491489379 0.521326884931 0.497423724709 0.485207041502 0.399951356096 0.44100232599 0.399805299652 0.386647727241 0.385940431732 0.369015986017 0.357131561428 0.363303396403 0.396232109173 0.415799942752 0.417131753315 0.442525353445 0.375650292458 0.340946109797 0.356333868285 0.341292969918 0.33574094706 0.32657462456 0.295354349503 0.280446694983 0.266606264493 0.248988527032 0.242521252426 0.225667768797 0.558615368121 0.448249148528 0.451681282088 0.464026221052 0.499633699378 0.529739959109 0.541289814322 0.579243428306
0.642560864105 0.625113159594 0.602700746108 0.564345740369 0.54977277493 0.523763612661 0.51080682082 0.499618553392 0.371441947375 0.365508170975 0.386425589168 0.390419115246 0.394412641325 0.399164512162 0.589399802366 0.591774877631 0.601415549341 0.534616593076 0.526556099222 0.418935858566 0.416320245089 0.513406084688 0.488653453073 0.484082275508 0.408856023671 0.350489558239 0.338177814712 0.309868980414 0.302710250398 0.277761079332 0.260917094067 0.244073108801 0.510445022418 0.443586360797 0.447018494357 0.480880694304 0.510379950956 0.520675382751 0.530970814545 0.550440911577
0.607526322863 0.59320639684 0.578886470817 0.549262566269 0.526160772194 0.517693606375 0.446879707775 0.440384054654 0.345079857603 0.39084552414 0.418105995706 0.422285610579 0.535787487827 0.539979110418 0.544170733009 0.582394821293 0.594892210167 0.534864274204 0.493232415245 0.433855303166 0.43123968969 0.501639119946 0.489092648175 0.480594867271 0.461813191305 0.417182250698 0.387638782143 0.383117595139 0.370100755142 0.362290499767 0.357411097132 0.348424233872 0.339395952534 0.356977575006 0.468462695679 0.470533950402 0.489858066598 0.496795696284 0.50506593297 0.513336169655
0.59749650295 0.572171612022 0.559761166101 0.460149816066 0.45112018901 0.456330829625 0.450981726262 0.436995639435 0.380810323212 0.390039556587 0.427367666826 0.587210366538 0.468936221003 0.535662615202 0.539854237793 0.573014764955 0.575389840221 0.535111955332 0.499173157697 0.448774747766 0.51353498001 0.502078315048 0.495889135001 0.477107459035 0.458325783068 0.477113564578 0.399737520511 0.386720680514 0.364936976238 0.350497541732 0.335969857367 0.322096916941 0.308223976515 0.3846143446 0.337097737811 0.355449665282 0.356825979997 0.358202294712 0.510325599647 0.519373595631
0.568424387823 0.478893740329 0.475989963138 0.473086185948 0.471816663394 0.470676033866 0.479133458057 0.477192566319 0.360497165035 0.398336258041 0.508559528365 0.735160661393 0.576047318168 0.480662164861 0.535537742579 0.563634708619 0.566009783883 0.53535963646 0.50511390015 0.496481413208 0.468244908128 0.502517510149 0.492401726765 0.473620050798 0.495384863888 0.582066275137 0.549224845144 0.54921831454 0.368299016176 0.354150980238 0.340278039811 0.326405099385 0.412167518839 0.403622831611 0.39736358551 0.369679064427 0.371055379143 0.372431693858 0.373808008573 0.375184323288
0.480790672681 0.500649480109 0.497887975934 0.493716998951 0.493527232247 0.477182022932 0.476041393405 0.347796171333 0.525232678846 0.512627898827 0.509419139987 0.511938352155 0.57156203177 0.483871904465 0.492388108718 0.500904312971 0.556629727545 0.507024257162 0.511054642603 0.50242215566 0.480187287072 0.492757432251 0.488914318527 0.499534754187 0.52518465584 0.538433446662 0.487007553867 0.480747585958 0.52811723705 0.358459162682 0.344586222256 0.420987712371 0.41591327159 0.410838830809 0.406114822574 0.383908463573 0.385284778288 0.386661093004 0.388037407719 0.396872631374
0.488236336919 0.488871431625 0.503177957731 0.500416453555 0.497654949379 0.495672154757 0.492857641458 0.518563925576 0.52120925685 0.523854588121 0.514365010924 0.516725564188 0.51572260506 0.52496900297 0.495597848323 0.504114052576 0.518075753516 0.515333247496 0.516995385055 0.500979971409 0.511237322604 0.495374068663 0.503684644486 0.494668077648 0.493708764695 0.48935959025 0.483099622341 0.51973995222 0.519894169296 0.529974704499 0.626268672275 0.407244764257 0.424737532959 0.359637192964 0.414866059639 0.415026438913 0.399514177435 0.406234014619 0.408110119697 0.409986224774
0.492554893152 0.493189987858 0.493825082565 0.494460177271 0.495095271977 0.495730366684 0.541195804029 0.518588048229 0.517185834852 0.519831166124 0.522476497397 0.516102123022 0.518462676285 0.518310546867 0.528505630123 0.507323792181 0.515839996434 0.520812322601 0.521526667204 0.512764498013 0.513853959017 0.497990705076 0.498817967947 0.483155867254 0.491711626631 0.485451658723 0.479191690813 0.511516884466 0.497868901438 0.499333476328 0.591549582555 0.602961954485 0.614374326417 0.36761512797 0.424630273106 0.422626058565 0.420621844024 0.419347608019 0.421223713097 0.423099818174
0.504548738875 0.497508544091 0.498143638797 0.498778733504 0.522869627289 0.523271547571 0.516115570445 0.517541952894 0.488055738175 0.493516355062 0.518453075399 0.521098406673 0.517839235119 0.520199788383 0.522560341647 0.509036980587 0.519049736039 0.528656584104 0.531937354949 0.529045390102 0.51647059543 0.502967858247 0.489527964617 0.475067007564 0.487803695104 0.483656556932 0.473928348563 0.484779855511 0.50022885961 0.575109814451 0.586522186382 0.597934558314 0.609346930245 0.620759302177 0.301293199883 0.427245014515 0.424333952888 0.42142289126 0.432719132387 0.434561906033
0.509356950426 0.508746537543 0.522745503106 0.523147423388 0.52354934367 0.523951263951 0.487873022966 0.492736582718 0.540749921844 0.492203937963 0.497664554849 0.503125171734 0.5247252003 0.519576347217 0.521936900481 0.529821353579 0.52125968935 0.520530906093 0.528389746534 0.539019089789 0.520162827001 0.496292907337 0.478573126627 0.486996049085 0.48556953464 0.492918674113 0.486884525414 0.497720906739 0.499351620473 0.570082418279 0.58149479021 0.592907162141 0.604319534073 0.615731906005 0.627144277935 0.477119925712 0.431205452501 0.428294390874 0.425383329246 0.438780903883
0.514165161978 0.523023299205 0.523425219486 0.523827139768 0.52422906005 0.524630980332 0.548393181579 0.546082480532 0.543771779485 0.541461078438 0.456012571541 0.494111604073 0.503332516173 0.521489287269 0.520940578216 0.519716172457 0.52675597787 0.518541293725 0.511792947837 0.51433055638 0.515734957192 0.483400348204 0.488420276744 0.489288984784 0.491856896888 0.493582240133 0.495212953868 0.496843667602 0.507214912262 0.509661642034 0.512108371807 0.514555101579 0.517001831351 0.590238511608 0.59930898287 0.46177238544 0.459450294494 0.422698451698 0.418398974269 0.449765064254
0.523301095303 0.523703015585 0.524104935867 0.524506856149 0.52490877643 0.55003242071 0.547721719663 0.545411018615 0.543100317568 0.54078961652 0.473788233903 0.484256910612 0.494725587321 0.507759917139 0.518939271122 0.526890744741 0.522586574636 0.506304764192 0.490832071546 0.510309412753 0.493657874638 0.481065885563 0.489439611669 0.493161049947 0.4995118385 0.495015267061 0.493090200589 0.493788355598 0.529418190067 0.533658519339 0.537898848611 0.542139177884 0.546379507156 0.550619836428 0.5548601657 0.462708739538 0.460386648592 0.458064557648 0.44634070884 0.444553589381
0.554254224943 0.551578444578 0.548902664213 0.546226883849 0.543551103484 0.549360958793 0.547050257745 0.544739556698 0.542428855651 0.540118154603 0.537807453556 0.481384764374 0.492005706362 0.502225147682 0.510549065342 0.524261030037 0.538382560224 0.519748943132 0.502488920161 0.491012763648 0.485624155008 0.477138916594 0.495489475969 0.498503421183 0.485877774434 0.481285403352 0.476693032269 0.521394336854 0.525634666126 0.529874995398 0.53411532467 0.538355653943 0.542595983214 0.546836312487 0.551076641759 0.555316971031 0.47589064486 0.475146677955 0.474402711051 0.450421194767
0.554055674434 0.551379894069 0.548704113705 0.54602833334 0.543352552975 0.586293719853 0.578199537026 0.5701053542 0.562011171374 0.553916988547 0.543855586776 0.48230494346 0.489904125723 0.496108945771 0.503470871901 0.510832798032 0.515753629943 0.504313671638 0.514740821494 0.499784311396 0.490625618292 0.491863982419 0.480600301324 0.482502105143 0.486582351938 0.465237229544 0.471721692361 0.520862391154 0.508215517513 0.512116256993 0.516016996473 0.519917735953 0.523818475432 0.527719214912 0.531619954392 0.535520693871 0.476090935424 0.47534696852 0.474603001616 0.473859034711
0.58575610883 0.57908296665 0.57240982447 0.537585564929 0.589680408244 0.581586225417 0.573492042591 0.565397859765 0.538027974312 0.53411801338 0.530208052449 0.52418741741 0.487173683477 0.492914824671 0.496649030163 0.50431746654 0.491225584203 0.506174004524 0.50782467412 0.524638664829 0.496192162862 0.497239722997 0.487122950328 0.486345538528 0.475108246709 0.441783946225 0.485338695842 0.482959046033 0.480579396225 0.478199746417 0.51357424554 0.51747498502 0.5213757245 0.52527646398 0.52917720346 0.533077942939 0.480670884627 0.480527805124 0.480384725621 0.480241646119
0.58204039043 0.538241580118 0.535512844879 0.532784109639 0.584972913809 0.576878730983 0.538433888134 0.534523927203 0.530613966271 0.526704005339 0.527618228844 0.523248643553 0.480996310055 0.476898981235 0.480978932215 0.482972667716 0.47623085773 0.511805943546 0.51397249465 0.512165261039 0.488485713528 0.492069983098 0.48213010858 0.478190400268 0.48392090633 0.487629659042 0.472808519705 0.481253741487 0.478874091679 0.47649444187 0.474114792062 0.471735142254 0.469355492446 0.468913815036 0.46645072026 0.463987625484 0.480907610725 0.480764531222 0.48062145172 0.480478372217
0.536168860068 0.533440124828 0.530711389588 0.527982654349 0.561666529464 0.555107479201 0.548548428939 0.541989378676 0.532142098399 0.532517451983 0.525579859471 0.517639148998 0.509698438526 0.461043867677 0.46397290225 0.462481708519 0.47428319557 0.497926944104 0.492168799484 0.501375243889 0.517845572434 0.498068593305 0.479308987879 0.47219619085 0.478807585762 0.492503167007 0.490366612049 0.488230057091 0.489504701229 0.474789137324 0.472409487516 0.470029837708 0.467650187899 0.465270538091 0.462890888283 0.466523874048 0.464060779272 0.500814404466 0.459319975677 0.45651969084
0.531367404777 0.528638669538 0.525909934298 0.535447316415 0.576932924756 0.565845398067 0.550996363371 0.542403863007 0.531857354866 0.523916644393 0.515975933921 0.508035223448 0.500094512976 0.488551024034 0.473771300214 0.464435016172 0.463213316893 0.485925849878 0.487204454836 0.502924340364 0.488033810369 0.48305041085 0.499588875899 0.493444888572 0.489328089298 0.487580663245 0.486240323489 0.501851718937 0.50319023019 0.490481072379 0.491702434811 0.468324533161 0.465944883353 0.463565233545 0.461185583736 0.458805933928 0.466597027835 0.502373102015 0.503727315079 0.505081528142
0.565323680807 0.557938916887 0.550554152966 0.577403300831 0.560882774394 0.55229027403 0.543697773667 0.530194139788 0.522253429315 0.514312718843 0.506372008371 0.498431297898 0.494190820375 0.489073139219 0.463847880611 0.457137386547 0.452143438217 0.477792676744 0.47456578316 0.495681126467 0.528723936691 0.479013662726 0.503059419916 0.484327166038 0.486072226623 0.473375792255 0.487334166467 0.485993826711 0.484653486955 0.508307624498 0.509646135751 0.485325011708 0.485735041019 0.48614507033 0.45948027919 0.457100629382 0.454720979573 0.476395706705 0.505286012628 0.506640225692
0.559672965419 0.53049135156 0.524924665522 0.562176685054 0.55358418469 0.536471635183 0.52853092471 0.520590214238 0.512649503765 0.504708793293 0.492355014644 0.492332744289 0.487215063133 0.527657016126 0.484147314891 0.478102522976 0.476245187358 0.465154005068 0.461927111484 0.488437912569 0.493625088232 0.534992681391 0.506529963934 0.489020812672 0.502301318949 0.48719981789 0.469394681825 0.487087669688 0.485747329933 0.484406990177 0.513425018806 0.514763530059 0.516102041312 0.485946540199 0.48635656951 0.486766598821 0.487176628132 0.476311010994 0.475622234706 0.474933458418
0.529255493734 0.532500758008 0.527547865076 0.55487809535 0.534808420105 0.526867709633 0.51892699916 0.510986288688 0.503045578215 0.489640434722 0.490474668203 0.485356987047 0.540063416777 0.532475594993 0.542039072449 0.466615151694 0.474231480705 0.452515333392 0.489399377633 0.481194698672 0.486381874335 0.54725575994 0.471542363862 0.49187656572 0.505666555674 0.50870741437 0.488327409158 0.465413571394 0.48684117291 0.485500833155 0.484160493399 0.518542413114 0.519880924367 0.52121943562 0.496586441477 0.48656806869 0.486978098001 0.476226315284 0.475537538996 0.474848762708
0.532376045838 0.527423152906 0.522470259974 0.533145205027 0.525204494555 0.517263784083 0.50932307361 0.490271145887 0.4869258548 0.488616592117 0.483498910961 0.552469817427 0.544881995643 0.556443086115 0.546262980167 0.588363353724 0.525018731694 0.439876661716 0.485873888311 0.473951484775 0.479138660438 0.52979526755 0.594933235131 0.494732318767 0.552585704854 0.512072651095 0.515113509792 0.518154368488 0.471364394009 0.486594676132 0.485254336377 0.483913996621 0.502478192596 0.524998318675 0.526336829928 0.499040693697 0.500667712942 0.502294732188 0.49922259244 0.500650556502
0.527298440736 0.522345547804 0.517392654872 0.523541279477 0.515600569005 0.496674797973 0.487556565965 0.484211274879 0.48675851603 0.481640834875 0.564876218077 0.557288396294 0.54970057451 0.584522071626 0.60597150268 0.603423948979 0.531562396213 0.42723799004 0.482348398989 0.466708270877 0.471895446541 0.610368914078 0.610475000386 0.597043908227 0.562956094481 0.51543788782 0.518478746517 0.521519605213 0.491392036168 0.511274092228 0.486348179354 0.485007839598 0.483667499843 0.505366826403 0.504507754211 0.531454224236 0.501494945917 0.503121965163 0.499473507387 0.500901471448
0.522220835634 0.517267942702 0.502848000183 0.499058858951 0.495269717719 0.484841986043 0.481496694957 0.530498970589 0.479782758789 0.577282618728 0.569694796944 0.562106975161 0.562341269082 0.597787399729 0.621032097935 0.618484544234 0.510973474574 0.414599318363 0.478822909667 0.483398265937 0.489101644611 0.498479142769 0.626016765641 0.626122851951 0.616087510442 0.578963789854 0.521843983242 0.524884841938 0.527925700635 0.493432810012 0.515385658632 0.519689506889 0.48476134282 0.483421003065 0.50825546021 0.507396388018 0.506537315826 0.503949198137 0.538782173481 0.494246623265
0.517143230533 0.512190337601 0.497653778697 0.493864637464 0.482127406121 0.483778546855 0.535263279377 0.477924682703 0.589689019378 0.582101197595 0.57451337581 0.574709832427 0.614587505222 0.638640246891 0.63609269319 0.55327285335 0.509824903054 0.401960646688 0.475297420344 0.479872776614 0.483922325197 0.493299823355 0.574004959113 0.641664617205 0.634149669869 0.589334179481 0.594971485228 0.528250078663 0.53129093736 0.534331796056 0.495473583856 0.519497225035 0.523801073292 0.501810254397 0.483174506286 0.511144094017 0.510285021825 0.509425949633 0.543022827406 0.54989742466
0.512065625431 0.496248698442 0.49245955721 0.487556584595 0.482285847846 0.540027588165 0.532790497051 0.602095420028 0.594507598245 0.606095141616 0.587078395773 0.581070936849 0.627852833325 0.653700842145 0.565140697551 0.517229678623 0.50867633153 0.500122984438 0.471771931021 0.501520872369 0.478743005783 0.488120503942 0.584327475366 0.585767333409 0.657312468769 0.544339140619 0.605341874854 0.610979180601 0.534656174085 0.537697032781 0.493817676471 0.4975143577 0.52360879144 0.527912639697 0.5026517214 0.506121038731 0.514032727824 0.513173655632 0.547263481331 0.554421098542
0.483629864881 0.491054476955 0.486063885586 0.480793148837 0.544791896953 0.537554805838 0.614501820679 0.625618218043 0.619518314212 0.599446959119 0.593439500195 0.475007107156 0.671308991103 0.577008541753 0.573046155353 0.516081107102 0.507527760009 0.628647696552 0.625566117476 0.500038083466 0.47356368637 0.482941184528 0.674495893226 0.596089849662 0.597529707705 0.55097327755 0.716915244387 0.621349570227 0.529362532602 0.541062269506 0.544103128203 0.495858450315 0.499555131544 0.539617761023 0.5320242061 0.503493188403 0.506962505734 0.510431823064 0.404862852019 0.374158063109
0.440018168163 0.447401968929 0.477211327536 0.549556205741 0.542319114626 0.645141294469 0.639041390639 0.632941486808 0.62787758136 0.605808063541 0.627792391353 0.471688834036 0.588876385955 0.584913999555 0.594287302786 0.51493253558 0.506379188486 0.6392193965 0.753436804525 0.498555294564 0.468384366956 0.477761865113 0.690145002387 0.606412365915 0.607852223958 0.557607414481 0.559421264326 0.743279434448 0.637357265601 0.536544154241 0.547468364927 0.50690378854 0.497899224159 0.540986333184 0.545556320978 0.440065788747 0.44432457306 0.448583357373 0.381716224091 0.36763492354
0.484062259946 0.476601507461 0.469074214071 0.461546920681 0.446004486605 0.652464563234 0.646364659404 0.64199803364 0.618176626886 0.643043125341 0.47353800781 0.468370560917 0.596781843756 0.592819457356 0.602137112298 0.513783964059 0.505230616965 0.739724619512 0.773723386607 0.773747877442 0.463205047541 0.472582545698 0.705794111547 0.705789896355 0.618174740212 0.619614598256 0.566055401256 0.764529758912 0.769643624509 0.539213547852 0.543725775879 0.553874460348 0.510238255698 0.409412578763 0.412834047191 0.432769438021 0.437028222335 0.441287006648 0.376637342035 0.361111783971
0.475991687387 0.468464393996 0.460937100606 0.443910884781 0.424274542186 0.41899804756 0.413721552934 0.649615704662 0.658293859329 0.651901426425 0.470219734693 0.608649687958 0.604687301558 0.611825499763 0.609986921812 0.512635392536 0.504082045444 0.753371500636 0.794009968689 0.794034459521 0.762993427252 0.467403226285 0.721443220708 0.721439005513 0.628497256465 0.629937114508 0.572689538187 0.785780083376 0.790893948972 0.796007814572 0.430156417714 0.396232039524 0.39912026575 0.401795803048 0.405217271476 0.408638739905 0.429731871609 0.433990655922 0.381041648363 0.37007056927
0.467854573922 0.460327280531 0.441817282957 0.420911697421 0.415635202795 0.410358708169 0.414282146929 0.409422075397 0.368123677909 0.363682017913 0.466901461573 0.616555145759 0.61259275936 0.619675309276 0.617836731326 0.511486821013 0.68854861655 0.770670448214 0.814296550771 0.814321041602 0.813370733752 0.46222390687 0.737092329867 0.737088114674 0.737083899482 0.640259630761 0.641699488804 0.368354552855 0.37028723638 0.419126776102 0.424530290234 0.388692676765 0.39158090299 0.394179027334 0.397600495762 0.40102196419 0.404443432619 0.426694305197 0.359252172442 0.376332440926
0.459717460457 0.422825347283 0.417548852657 0.41227235803 0.406995863404 0.411309988183 0.406449916651 0.401589845118 0.357941614494 0.353499954498 0.363379713191 0.36879979764 0.62936369674 0.627525118791 0.62568654084 0.704151385521 0.700232874101 0.787969395793 0.834583132851 0.834607623685 0.833392642043 0.794701271562 0.752741439029 0.752737223835 0.752733008644 0.311460053581 0.31412688864 0.361666606853 0.363599290377 0.365531973901 0.418904162754 0.424307676887 0.384041540231 0.386929766457 0.389983720048 0.393405188476 0.396826656904 0.400248125332 0.351392115951 0.352349844336
0.446016975113 0.414186007892 0.408909513266 0.40363301864 0.408337829437 0.403477757904 0.398617686372 0.352201211075 0.347759551078 0.343317891082 0.364364117426 0.360757677994 0.357151238562 0.35354479913 0.633536350353 0.715835643073 0.804081550587 0.805268343371 0.854869714931 0.854894205764 0.853414550333 0.81158547944 0.768390548187 0.295364006247 0.298030841305 0.300697676364 0.303364511422 0.342133929513 0.356911344374 0.358844027898 0.360776711423 0.418681549407 0.424085063539 0.379390403697 0.382366944333 0.385788412761 0.38920988119 0.392631349618 0.34353205946 0.344489787845
0.457076414786 0.405546668501 0.400270173875 0.394993679249 0.400505599158 0.395645527625 0.346460807655 0.342019147659 0.337577487663 0.333135827666 0.35632199778 0.352715558348 0.349109118916 0.345502679484 0.332037835708 0.407113080182 0.408103417949 0.82256729095 0.875156297013 0.875180787844 0.341092113197 0.331091046894 0.297120068953 0.352899499804 0.287268464088 0.289935299146 0.292602134205 0.295268969263 0.350223398371 0.352156081896 0.35408876542 0.370886494061 0.41845893606 0.423862450192 0.374739267164 0.378171637047 0.381593105475 0.337161587935 0.335672002969 0.297249066919
