37.7616796927
37.7617610729
37.7618424531
37.7619238333
37.7620052135
37.7620865938
37.762167974
37.7622493542
37.7623307344
37.7624121146
37.7624934948
37.762574875
37.7626562552
37.7627376354
37.7628190156
37.7629003958
37.762981776
37.7630631563
37.7631445365
37.7632259167
37.7633072969
37.7633886771
37.7634700573
37.7635514375
37.7636328177
37.7637141979
37.7637955781
37.7638769583
37.7639583385
37.7640397188
37.764121099
37.7642024792
37.7642838594
37.7643652396
37.7644466198
37.764528
37.7646093802
37.7646907604
37.7647721406
37.7648535208
