-0.0357548220143 -0.0467363752392 -0.0577179284634 -0.0686994816878 -0.114370966587 -0.138266029544 -0.131593750559 -0.138604850971 -0.125594433048 -0.128865653553 -0.148896008771 -0.148687388315 -0.11630304219 -0.0866902049349 -0.0764502217042 -0.0662413944226 -0.0759384869851 -0.0952286388684 -0.0523233333825 -0.0734364267576 -0.0452994723119 -0.0305643390994 -0.0158292058881 -0.126724452822 -0.367684357453 -0.482649913523 -0.374072951682 -0.400687297705 -0.169454447063 -0.308140453814 0.0800222106532 0.106289737068 0.118717723068 0.129001753371 0.138491496702 0.162183714644
-0.0285600498861 -0.0377657530027 -0.0514064675379 -0.0820207187601 -0.158132210791 -0.151459931806 -0.14478765282 -0.136031058322 -0.14358146296 -0.149380874914 -0.181618289004 -0.140441519736 -0.0983097662334 -0.110664358552 -0.0808207715509 -0.0870611077732 -0.109172867689 -0.0545092431728 -0.0593918435142 -0.111961232404 -0.0533495145272 -0.0444239140404 -0.316040155071 -0.363239478582 -0.402632070023 -0.444776784398 -0.29188739334 -0.176641355049 -0.0898353934673 0.0614115056796 0.0797521894419 0.10050794431 0.109478222611 0.120496540029 0.114213248111 0.138443321953
-0.0427070168277 -0.0603213754133 -0.0801983334752 -0.152337383581 -0.151320729393 -0.149454863303 -0.146564542091 -0.14878739912 -0.136626825416 -0.15401732225 -0.124121963671 -0.120182589001 -0.115545359402 -0.0904328057239 -0.0949873339444 -0.11038144378 -0.0904886199078 -0.0923790217314 -0.111488750632 -0.0823629083936 -0.0531345666756 -0.288243903463 -0.335443226974 -0.413708885583 -0.143393709656 -0.147979001301 -0.19515214064 -0.10745904347 -0.0294582463126 -0.0193062962838 0.0336060175179 0.0745608022334 0.103488788215 0.114624131246 0.111990416146 0.120442349383
-0.0688184253092 -0.0768874323874 -0.0849564394641 -0.158827778034 -0.15533206739 -0.14370930744 -0.167111127137 -0.17318795005 -0.160638422598 -0.133604557804 -0.135202712399 -0.12848183948 -0.1354249998 -0.121497847459 -0.116074781033 -0.0940768247136 -0.108520292424 -0.124934677256 -0.110702554328 -0.127379934631 -0.148199018395 -0.0852826853973 -0.3667277681 -0.157798886029 -0.167177170467 -0.176555454906 -0.0975888585361 -0.0451504441234 -0.0362067251365 0.0113482670286 0.0426672700694 0.0792918388648 0.066551434882 0.0936409329843 0.0969940659654 0.114580566326
-0.0476748949667 -0.0597841427333 -0.0510626425788 -0.216052751683 -0.19437749212 -0.157413340248 -0.13946301975 -0.138014273883 -0.169614548712 -0.170681672972 -0.171892495844 -0.139109063117 -0.160641374322 -0.144916994523 -0.125085805695 -0.135828550798 -0.156195813991 -0.128376976362 -0.142941552666 -0.157884206689 -0.193158165297 -0.10578332638 -0.121490148505 -0.124399299342 -0.0811448649529 -0.0911957206365 -0.065144839945 -0.0571442128488 -0.0100792606558 0.00113165798532 0.0123425766249 0.0679672668771 0.0610643413152 0.0813859863427 0.100333489874 0.121484294453
-0.0742821160183 -0.0871602845608 -0.215356173626 -0.209135909432 -0.202915645239 -0.133787970424 -0.159855464468 -0.156930371983 -0.170130658351 -0.170312972998 -0.189893924819 -0.198929607152 -0.15108215532 -0.146664892316 -0.146599336757 -0.155846822694 -0.170897361786 -0.167180494991 -0.136390613683 -0.132643963651 -0.11607605038 -0.11571152617 -0.115347001961 -0.106412834445 -0.100763212538 -0.0892144926215 -0.115851984565 -0.0795455994455 -0.114056396152 -0.110250966283 -0.106445536414 0.0436052502888 0.0802063789874 0.0786661446889 0.0881397851879 0.113576113261
-0.0377712698324 -0.0594107501187 -0.330482702451 -0.292529535683 -0.209161688901 -0.184485990224 -0.173061176721 -0.189324517178 -0.214755660995 -0.188292513734 -0.177274666789 -0.19111951225 -0.189736728408 -0.151355055002 -0.153992305119 -0.163828331822 -0.157045491588 -0.16136661071 -0.150112427316 -0.105613136849 -0.0906944405733 -0.0956476110466 -0.182855264828 -0.189491173077 -0.196127081327 -0.129998764996 -0.120483989973 -0.116466239876 -0.112660810006 -0.122018654022 -0.118928538462 0.0014331655953 0.0779618546181 0.0749729137151 0.0902194204088 0.102371804438
-0.0157510362948 0.0658906085798 0.0279746610181 -0.0487959109198 -0.17417818813 -0.243725959576 -0.17372201428 -0.198294051342 -0.198666688049 -0.18896001009 -0.172746841574 -0.169916226047 -0.167729595194 -0.152097925673 -0.152691255566 -0.152564231894 -0.155266433183 -0.15362840227 -0.14669970866 -0.168400326519 -0.102915779416 -0.107092808011 -0.0959305327185 -0.0867837799972 -0.0814590579825 -0.0980872397997 -0.106586087722 -0.0862454588174 -0.116307993136 -0.0896463484646 -0.0841668656074 0.0172577619373 0.0635120139283 0.081967634853 0.0783934348057 0.087034448039
0.00418739535589 -0.107669399196 -0.00897898228997 -0.0403616560164 -0.0491934435142 -0.202530365937 -0.201280057248 -0.193783653231 -0.213491493551 -0.19608121363 -0.165624550083 -0.153500403295 -0.141241575477 -0.132130574166 -0.139712067094 -0.13711399321 -0.120787643895 -0.141850159469 -0.140948136603 -0.135866793688 -0.116515843175 -0.117512225467 -0.0872216504985 -0.0972755742356 -0.0747147737916 -0.089904006158 -0.0887500318041 -0.0831860158899 -0.0896579577057 -0.0850712084265 -0.0883070147365 0.0320291388051 0.061078302695 0.0707794148428 0.082754527767 0.0805461026737
-0.100615964159 -0.101378777265 -0.1190899407 -0.0448656036235 -0.174126202934 -0.184374595165 -0.165688260272 -0.193301335368 -0.150491245652 -0.147140415411 -0.164121842219 -0.164526526115 -0.137604314142 -0.14754928998 -0.148257675992 -0.145953421052 -0.139504392105 -0.155518423184 -0.163731515273 -0.148067317826 -0.126393803168 -0.143924340315 -0.103706839385 -0.0938196148173 -0.124713163841 -0.119869745911 -0.110493303751 -0.105829792161 -0.101166280571 -0.0932159190912 -0.110473849934 0.036154768441 0.0304300944907 0.0639194637182 0.0708888100218 0.0689210959526
-0.0789692342612 0.0249618100096 -0.291468379555 -0.131376703937 -0.123389458496 -0.140539365902 -0.159133676351 -0.18901859508 -0.177505391226 -0.164448987056 -0.171784053908 -0.177217842355 -0.15413365151 -0.17707596344 -0.146793629782 -0.150116598929 -0.155707833022 -0.143514204848 -0.169401342356 -0.162914724198 -0.142879096208 -0.129244568808 -0.118703922621 -0.0946180737713 -0.111907904133 -0.0903743752812 -0.106005642501 -0.119980271211 -0.112980923196 -0.10598157518 -0.109389848416 -0.104292660402 0.0254558370089 0.0582481924506 0.0612544037699 0.0697042549282
-0.0360732612856 -0.298367864378 -0.26867326657 -0.254757670218 -0.162042952437 -0.16391508869 -0.158548854914 -0.128790814442 -0.207582476827 -0.210788472316 -0.215192043805 -0.189506923445 -0.205718925227 -0.205613817711 -0.176889437318 -0.188557128137 -0.173572796259 -0.164240009404 -0.172865298388 -0.181092352265 -0.147805557322 -0.133526100557 -0.11907187951 -0.101039623557 -0.0991930005388 -0.074940108069 -0.0628657334075 -0.045443968376 -0.0945946100829 -0.0723930538633 -0.0639389472675 -0.0554848406727 0.050688657713 0.0485173656529 0.0511340887319 0.060732888853
-0.00762753605724 0.00965822452404 -0.111015929087 -0.197088469899 -0.0784774164185 -0.094824023639 -0.054954629226 -0.15572174181 -0.177291591535 -0.245327962627 -0.239734883068 -0.216959362314 -0.233772958424 -0.195457039288 -0.19891321539 -0.209676927635 -0.202652633147 -0.171803436237 -0.162977533203 -0.194940903925 -0.154319375108 -0.125884985924 -0.128446765595 -0.120790944881 -0.106761676913 -0.0919418748939 -0.0771220728749 -0.0623022708558 -0.0543647256658 -0.0700768384477 -0.0597646370173 -0.017982918266 0.0286340692397 0.0239920481365 0.0404444717031 0.0480077648143
8.05191651141e-05 0.0792633262732 -0.20481810225 -0.201639196669 -0.287893184886 -0.0528306287871 -0.140159066347 -0.148492846653 -0.182760826432 -0.188492666793 -0.200923009965 -0.18282525976 -0.164253938025 -0.135457258754 -0.196818668898 -0.206861280428 -0.176813722579 -0.163036803285 -0.159949901202 -0.159742515321 -0.153316259141 -0.151982014924 -0.145315221738 -0.13970733531 -0.119268343444 -0.111528504958 -0.103788666472 -0.0775035266121 -0.111950852337 -0.0510166518419 -0.0721708406629 -0.0788153840005 -0.0574538038631 0.0194878977007 0.0492773584958 0.0590254690498
-0.0258452288974 -0.0191249990117 -0.3651785289 -0.266254085096 -0.210203096889 -0.203684673093 -0.182051146776 -0.225099131055 -0.191956262734 -0.170698051969 -0.166764594335 -0.178470489003 -0.160695609918 -0.143584410771 -0.160509604886 -0.172714782953 -0.174298110717 -0.165889317517 -0.16129606581 -0.164797835708 -0.152418247692 -0.169851800719 -0.142297140508 -0.112855475722 -0.117506453856 -0.10976661537 -0.102026776885 -0.0573200694919 -0.0709677832959 -0.0638941818312 -0.00679366578602 -0.0525757615345 0.0561557622295 0.00947924284501 0.0172437883906 0.045346182998
-0.0280500260162 -0.0806453780622 -0.302704745557 -0.229482621966 -0.224752023177 -0.219024478978 -0.228432147705 -0.188868250602 -0.187600303801 -0.202302248062 -0.18983298783 -0.191019915804 -0.194349995373 -0.132513927134 -0.138727478956 -0.150761617019 -0.160477157272 -0.202252343432 -0.159555505117 -0.123508133108 -0.124810296021 -0.108859314477 -0.104162276484 -0.0924358089532 -0.0837011809593 -0.0758257975831 -0.0850023662768 -0.0766767630174 -0.0370756816639 -0.0255211927085 -0.0139667037529 0.0338339889037 0.0515548616471 0.0183601672879 0.010016418547 0.0252574862429
-0.10023687966 -0.0843072207855 -0.199576594254 -0.196439881142 -0.235946978568 -0.284721008874 -0.228100433908 -0.226682353694 -0.207293351019 -0.176520006678 -0.176143013477 -0.182735423265 -0.178907236469 -0.170898805774 -0.158902801045 -0.174681121394 -0.170652676058 -0.17546846629 -0.154675588005 -0.122343131443 -0.112896670821 -0.0986444107512 -0.1023045175 -0.0939746354317 -0.0722335317604 -0.0618731827882 -0.05238638889 -0.0428995949918 -0.0334128010932 -0.0239260071949 -0.0144392132968 0.0151884765775 0.078174837517 0.0189479563657 0.0164965080353 0.0122374629601
-0.105630333268 -0.0893797757515 -0.131301700793 -0.139241623787 -0.300214016568 -0.275125729932 -0.253915565414 -0.214899801579 -0.181365284571 -0.163639577472 -0.167925515799 -0.163528231768 -0.164852320165 -0.169643477659 -0.140129784243 -0.170619453298 -0.193626350519 -0.105958273239 -0.140227569738 -0.123303444053 -0.104298056375 -0.154922128744 -0.202624189766 -0.124663037107 -0.146491676262 -0.146863838587 -0.0386009029642 -0.029114109066 -0.0196273151677 -0.0101405212696 -0.000653727370646 0.00883306652705 0.146028292306 0.169030855033 0.0195864233357 0.00815449783318
-0.0966249952924 -0.0934995417057 0.0136651812321 -0.274428354566 -0.249001384175 -0.249285833435 -0.227497719755 -0.225159534596 -0.132817024401 -0.151467059898 -0.145687568408 -0.149319694312 -0.139593366302 -0.149418192779 -0.142162409625 -0.15251346997 -0.174564191993 -0.147911167411 -0.158929071423 -0.157971614269 -0.0989297331436 -0.111910219849 -0.201970852165 -0.318303667147 -0.139952575254 -0.140324737579 -0.140696899904 -0.141069062229 -0.141441224554 -0.141813386879 -0.142185549204 -0.130798697881 -0.130337242541 0.192463676141 0.0111077677591 -0.00617374411718
-0.103292917451 -0.114662064085 -0.0744792825948 -0.109634964909 -0.238457279395 -0.20741416834 -0.233152549174 -0.173166184906 -0.165827193847 -0.129156959191 -0.149940681041 -0.148237845605 -0.136175710804 -0.146970242206 -0.145160731 -0.145324842695 -0.15046360861 -0.156318933852 -0.162473894292 -0.149539115076 -0.139884323525 -0.140446542915 -0.105394697165 -0.0955953877614 -0.12747573812 -0.133785636571 -0.134157798897 -0.134529961221 -0.134902123545 -0.135274285872 -0.135646448195 -0.120937929017 -0.120476473677 -0.120015018337 -0.0973285189282 -0.0178618124866
-0.0415836832359 -0.0711614545716 -0.084082976216 -0.0565525936369 -0.0606688683569 -0.189235500847 -0.170505594746 -0.170614975741 -0.126723639686 -0.140613211731 -0.138910376295 -0.134558596282 -0.139757136022 -0.145699452347 -0.140655315639 -0.139462380116 -0.176518931204 -0.156013178906 -0.127376111505 -0.143357981996 -0.13460180048 -0.137795469305 -0.135587160492 -0.133378851681 -0.106575306725 -0.223738428355 -0.232884104673 -0.127990860213 -0.128363022538 -0.128735184863 -0.129107347187 -0.111077160153 -0.110615704813 -0.110154249473 -0.143739716938 -0.032765079496
-0.0365846052395 -0.0566629441287 -0.203582807991 -0.0339692860898 -0.0775495527872 -0.178162667945 -0.170928277807 -0.113538981761 -0.114964595847 -0.129582906985 -0.115170344903 -0.130216411821 -0.132739045997 -0.141194036986 -0.154389006593 -0.147604059342 -0.172048776956 -0.120115084215 -0.114138044436 -0.158794625536 -0.153329171494 -0.138731354735 -0.132936086883 -0.130727778071 -0.106910085124 -0.0990991414327 -0.0876367765351 -0.0795531079502 0.0619151780437 -0.102639839186 -0.0898184650702 -0.101216391289 -0.100754935949 -0.100293480609 -0.138696658334 -0.0376392512665
-0.073433172999 -0.0811554839739 -0.128045046154 -0.208692416808 -0.0501632428219 -0.055601832692 -0.164007189733 -0.101779937924 -0.0971238151319 -0.092843936599 -0.121527389106 -0.122445151772 -0.141732758333 -0.160796395127 -0.141095042976 -0.116592010505 -0.182814913797 -0.121912062823 -0.108422729156 -0.172149886219 -0.166684432176 -0.161218978135 -0.164913272382 -0.128076704462 -0.107244863523 -0.0994339198317 -0.09162297614 -0.0790710948163 -0.0709874262305 -0.0629037576458 0.123261641139 -0.0772527329371 -0.0908941670851 -0.103626142448 -0.101337508108 -0.0274408870608
-0.0785915562328 -0.0881684379451 -0.134851116621 -0.259204128969 -0.0364260939249 -0.0784826897516 -0.0539030665404 -0.105956415113 -0.0764361963195 -0.112838366391 -0.113756129057 -0.114673891724 -0.141850798349 -0.23353660852 -0.11295431147 -0.117039355325 -0.199674788381 -0.200469433122 -0.0980320837859 -0.0929062275764 -0.180039692859 -0.174574238817 -0.128781735974 -0.174512157042 -0.107579641922 -0.0997686982306 -0.091957754539 -0.0841468108474 -0.070505413097 -0.0624217445112 -0.0543380759261 -0.0462544073403 0.113887735492 -0.0996591521157 -0.0973705177757 -0.127663185142
-0.0791021674591 -0.119282077538 -0.183556354626 -0.279274667297 -0.0175495777635 -0.0400359468916 -0.058546356361 -0.0600284560377 -0.104149343678 -0.105067106343 -0.105984869009 -0.29122891169 -0.262188676484 -0.314342814399 -0.11340165629 -0.191741473766 -0.216534662964 -0.217329307706 -0.0920279437199 -0.0741521047488 -0.193394953541 -0.187929499499 -0.182464045456 -0.124824989134 -0.175492021391 -0.176626065533 -0.0922925329374 -0.0844815892455 -0.0766706455541 -0.0619397313776 -0.0538560627931 -0.0457723942071 0.115474880284 -0.172204853958 -0.17050162898 -0.210139931105
-0.175952059543 -0.286238090812 -0.239129664455 -0.255523200761 -0.215047213052 -0.043763637468 -0.0636270310199 -0.068136803915 -0.0963780836282 -0.23521978919 -0.226937604509 -0.306190569832 -0.358293887142 -0.353165685752 -0.348037484364 -0.210856936202 -0.275081085673 -0.234189182289 -0.140965317194 -0.0681479646837 -0.180216868278 -0.201284760182 -0.195819306139 -0.125958410218 -0.139109785241 -0.185638515784 -0.186772559926 -0.0848163676447 -0.0770054239532 -0.0691944802613 -0.0533740496579 0.226620667912 0.131103395885 -0.179746927444 -0.178043702467 -0.122806364081
-0.133777026107 -0.324395838059 -0.173213658735 -0.246249509733 -0.29903993141 -0.0503382297633 -0.0548480026585 -0.242298484153 -0.252445718427 -0.244163533746 -0.267502738137 -0.490708084777 -0.397116758494 -0.391988557106 -0.232116550482 -0.229972398641 -0.304833694126 -0.251049056871 -0.141177687901 -0.141980277911 -0.0519468011672 -0.172457671892 -0.149255131602 -0.20370911278 -0.193385195052 -0.139073510596 -0.195785010178 -0.196919054319 -0.0611254058482 -0.0530029039342 0.037936588333 0.0485876273287 -0.183862157671 -0.170306415885 -0.185585775953 -0.142125477359
-0.199922401631 -0.362553585307 -0.182002209715 -0.00358653436659 -0.430248000472 -0.263243322902 -0.25658286238 -0.249922401857 -0.261389462982 -0.289485699982 -0.356389197304 -0.53694613066 -0.435939629848 -0.430811428459 -0.251232012921 -0.249087861075 -0.33458630258 -0.267908931454 -0.141390058608 -0.142192648618 -0.14299523863 -0.187901015799 -0.164698475506 -0.141495935217 -0.209517429609 -0.142453324712 -0.139037235947 -0.183788140256 -0.165591121235 -0.165995190313 0.0456924556878 0.0563434946841 -0.199874903553 -0.189988449647 -0.171801686903 -0.159575963887
0.0294934790886 0.0443746575017 0.0209147438145 0.0228701470854 0.051287373221 0.125095719296 0.116354810165 -0.257546319564 -0.737706140136 -0.390587245087 -0.600051263923 -0.479890702588 -0.4747625012 -0.469634299813 -0.270347475358 -0.268203323513 -0.364338911031 -0.355133671991 -0.141602429317 -0.142405019328 -0.143207609337 -0.203344359703 -0.180141819411 -0.109407282748 -0.10332700337 -0.0928426204481 -0.0855544274507 -0.0907232137119 -0.105316457724 -0.145243988129 -0.146009475968 -0.185009176156 -0.212898144339 -0.181053856401 -0.181613023442 -0.182172190484
0.0480041944768 0.0462889849647 0.0324977533792 0.0401697008821 0.0701308155132 0.132491762854 0.137910029687 0.129576887239 0.111443885861 -0.190435013974 -0.646289309808 -0.518713573942 -0.513585372554 -0.113530781777 -0.116299918759 -0.123808048629 -0.123761922108 -0.161846558555 -0.27786110867 -0.276434645636 -0.303102872256 -0.139799508215 -0.011824039805 -0.109922442093 -0.103842162715 -0.0946689792085 -0.0568238841147 -0.090158073546 -0.0861940057818 -0.147897108629 -0.148662596466 -0.18990576882 -0.275094977749 -0.194349403801 -0.191016685435 -0.191575852476
0.0533928456479 0.057724389759 0.046425757919 0.0579078919164 0.0914279822149 0.112580401656 0.121836041302 0.0944840144418 0.071486897851 -0.176204150001 -0.178692212504 -0.176933339064 -0.111920320974 -0.114689457956 -0.117458594937 -0.124057329029 -0.124011202508 -0.114056484014 -0.292228255326 -0.290801792293 -0.289375329259 -0.314542764633 -0.0158522910966 0.0120519286567 -0.0692335886192 -0.0632329438632 -0.0563413868606 -0.0494498298578 -0.0856288656147 -0.0816647978502 -0.151315716965 -0.284211949346 -0.292259882644 -0.203316636647 -0.201166709817 -0.20530676948
0.066202858983 0.0627004865931 0.0761313319414 0.106144358906 0.106733110029 0.124048133681 0.122319821079 0.0979309206143 0.0756989246277 0.0538410980658 -0.183823661031 -0.182064787591 -0.114050123114 -0.128327238092 -0.127311903257 -0.124306609429 -0.124260482908 -0.115081842987 -0.306595401981 -0.305168938948 -0.303742475915 -0.331905598155 -0.130437461964 -0.110511161399 -0.0680943752186 -0.0627504466085 -0.0558588896054 -0.0489673326021 -0.0420757755986 -0.0810996576835 -0.37774968152 -0.255571754473 -0.291766137298 -0.212283869492 -0.210133942662 -0.207984015833
0.0899110548829 0.0774394410551 0.0790316982383 0.101318969435 0.120249361294 0.129430624021 0.129527453514 0.102142947391 0.0786943821997 0.0219949468697 -0.188955109557 -0.192569349285 -0.115514185088 -0.128464091375 -0.12744875654 -0.124048607222 -0.123596808672 -0.123145010123 -0.320962548637 -0.319536085604 -0.31810962257 -0.301851352725 -0.138390261466 -0.118463960902 0.0416211382066 -0.0940305953334 -0.0553763923509 -0.0484848353483 -0.041593278344 -0.381669203676 -0.394189054183 -0.271616199074 -0.263239426686 -0.221251102338 -0.219101175508 -0.216951248678
0.111315389749 0.0763458380601 0.0811110332083 0.0901944006376 0.109336135856 0.16121495511 0.158541421669 0.106354974167 0.0824643705796 0.0207147821559 -0.0022585213471 -0.19973352367 -0.106802429571 -0.128600944658 -0.127585609823 -0.124090897294 -0.123639098744 -0.123187300195 -0.19625898201 -0.215635006177 -0.369281866821 -0.317654868082 -0.335457581734 -0.126416760403 0.03819024009 -0.097597571929 -0.0364853179975 -0.0480023380931 -0.380823866921 -0.393343717429 -0.28820920785 -0.285283087485 -0.28235696712 -0.230218335184 -0.228068408354 -0.225918481524
0.105322024183 0.0815871320511 0.0864451064435 0.0950882972464 0.137707929813 0.165791028194 0.168909134335 0.107317654713 0.0862343589593 0.019434617442 -0.00353868606108 -0.206897698055 -0.107531674054 -0.128737797941 -0.124584985915 -0.124133187365 -0.123681388816 -0.123229590266 -0.122643389337 -0.122279361658 0.0120066773809 0.0319534495293 0.0519002216784 -0.134369559906 0.034759341973 -0.107347064666 -0.0954427813209 -0.0270727222205 -0.392498380674 -0.405018231182 -0.297874891101 -0.298949975896 -0.296023855531 -0.252193385871 -0.277758457468 -0.275103240466
0.114986214166 0.0510726656745 0.0478566758985 0.0507306463307 0.149483608412 0.163292746642 0.218210958039 0.17838712267 0.090004347339 0.0181544527281 -0.00481885077471 0.0358074125684 -0.108260918537 -0.128874651223 -0.124627275986 -0.124175477437 -0.123723678887 -0.111288400928 -0.12532301431 -0.124958986631 0.0183521857341 0.0382989578829 0.0582457300316 0.0781925021808 -0.02793660354 -0.400726307536 -0.183510583849 -0.37597795938 -0.394316794984 -0.407181535647 -0.336960803556 -0.333506208908 -0.330237315336 -0.292621675536 -0.292156968543 -0.289995050336
