109.38538946
109.385393108
109.385396756
109.385400404
109.385404052
109.385407701
109.385411349
109.385414997
109.385418645
109.385422293
109.385425941
109.38542959
109.385433238
109.385436886
109.385440534
109.385444182
109.38544783
109.385451479
109.385455127
109.385458775
109.385462423
109.385466071
109.38546972
109.385473368
109.385477016
109.385480664
109.385484312
109.38548796
109.385491609
109.385495257
109.385498905
109.385502553
109.385506201
109.385509849
109.385513498
109.385517146
109.385372277
109.385375925
109.385379574
109.385383222
109.38538687
109.385390518
109.385394166
109.385397815
109.385401463
109.385405111
109.385408759
109.385412407
109.385416055
109.385419704
109.385423352
109.385427
109.385430648
109.385434296
109.385437944
109.385441593
109.385445241
109.385448889
109.385452537
109.385456185
109.385459833
109.385463482
109.38546713
109.385470778
109.385474426
109.385478074
109.385481722
109.385485371
109.385489019
109.385492667
109.385496315
109.385499963
109.385355095
109.385358743
109.385362391
109.385366039
109.385369688
109.385373336
109.385376984
109.385380632
109.38538428
109.385387928
109.385391577
109.385395225
109.385398873
109.385402521
109.385406169
109.385409817
109.385413466
109.385417114
109.385420762
109.38542441
109.385428058
109.385431706
109.385435355
109.385439003
109.385442651
109.385446299
109.385449947
109.385453595
109.385457244
109.385460892
109.38546454
109.385468188
109.385471836
109.385475485
109.385479133
109.385482781
109.385337912
109.385341561
109.385345209
109.385348857
109.385352505
109.385356153
109.385359801
109.38536345
109.385367098
109.385370746
109.385374394
109.385378042
109.38538169
109.385385339
109.385388987
109.385392635
109.385396283
109.385399931
109.38540358
109.385407228
109.385410876
109.385414524
109.385418172
109.38542182
109.385425469
109.385429117
109.385432765
109.385436413
109.385440061
109.385443709
109.385447358
109.385451006
109.385454654
109.385458302
109.38546195
109.385465598
109.38532073
109.385324378
109.385328026
109.385331675
109.385335323
109.385338971
109.385342619
109.385346267
109.385349915
109.385353564
109.385357212
109.38536086
109.385364508
109.385368156
109.385371804
109.385375453
109.385379101
109.385382749
109.385386397
109.385390045
109.385393693
109.385397342
109.38540099
109.385404638
109.385408286
109.385411934
109.385415582
109.385419231
109.385422879
109.385426527
109.385430175
109.385433823
109.385437471
109.38544112
109.385444768
109.385448416
109.385303548
109.385307196
109.385310844
109.385314492
109.38531814
109.385321788
109.385325437
109.385329085
109.385332733
109.385336381
109.385340029
109.385343677
109.385347326
109.385350974
109.385354622
109.38535827
109.385361918
109.385365566
109.385369215
109.385372863
109.385376511
109.385380159
109.385383807
109.385387455
109.385391104
109.385394752
109.3853984
109.385402048
109.385405696
109.385409345
109.385412993
109.385416641
109.385420289
109.385423937
109.385427585
109.385431234
109.385286365
109.385290013
109.385293661
109.38529731
109.385300958
109.385304606
109.385308254
109.385311902
109.38531555
109.385319199
109.385322847
109.385326495
109.385330143
109.385333791
109.38533744
109.385341088
109.385344736
109.385348384
109.385352032
109.38535568
109.385359329
109.385362977
109.385366625
109.385370273
109.385373921
109.385377569
109.385381218
109.385384866
109.385388514
109.385392162
109.38539581
109.385399458
109.385403107
109.385406755
109.385410403
109.385414051
109.385269183
109.385272831
109.385276479
109.385280127
109.385283775
109.385287424
109.385291072
109.38529472
109.385298368
109.385302016
109.385305664
109.385309313
109.385312961
109.385316609
109.385320257
109.385323905
109.385327553
109.385331202
109.38533485
109.385338498
109.385342146
109.385345794
109.385349442
109.385353091
109.385356739
109.385360387
109.385364035
109.385367683
109.385371331
109.38537498
109.385378628
109.385382276
109.385385924
109.385389572
109.38539322
109.385396869
109.385252
109.385255648
109.385259297
109.385262945
109.385266593
109.385270241
109.385273889
109.385277537
109.385281186
109.385284834
109.385288482
109.38529213
109.385295778
109.385299426
109.385303075
109.385306723
109.385310371
109.385314019
109.385317667
109.385321315
109.385324964
109.385328612
109.38533226
109.385335908
109.385339556
109.385343205
109.385346853
109.385350501
109.385354149
109.385357797
109.385361445
109.385365094
109.385368742
109.38537239
109.385376038
109.385379686
109.385234818
109.385238466
109.385242114
109.385245762
109.38524941
109.385253059
109.385256707
109.385260355
109.385264003
109.385267651
109.3852713
109.385274948
109.385278596
109.385282244
109.385285892
109.38528954
109.385293189
109.385296837
109.385300485
109.385304133
109.385307781
109.385311429
109.385315078
109.385318726
109.385322374
109.385326022
109.38532967
109.385333318
109.385336967
109.385340615
109.385344263
109.385347911
109.385351559
109.385355207
109.385358856
109.385362504
109.385217635
109.385221284
109.385224932
109.38522858
109.385232228
109.385235876
109.385239524
109.385243173
109.385246821
109.385250469
109.385254117
109.385257765
109.385261413
109.385265062
109.38526871
109.385272358
109.385276006
109.385279654
109.385283302
109.385286951
109.385290599
109.385294247
109.385297895
109.385301543
109.385305191
109.38530884
109.385312488
109.385316136
109.385319784
109.385323432
109.38532708
109.385330729
109.385334377
109.385338025
109.385341673
109.385345321
109.385200453
109.385204101
109.385207749
109.385211397
109.385215046
109.385218694
109.385222342
109.38522599
109.385229638
109.385233286
109.385236935
109.385240583
109.385244231
109.385247879
109.385251527
109.385255175
109.385258824
109.385262472
109.38526612
109.385269768
109.385273416
109.385277065
109.385280713
109.385284361
109.385288009
109.385291657
109.385295305
109.385298954
109.385302602
109.38530625
109.385309898
109.385313546
109.385317194
109.385320843
109.385324491
109.385328139
109.38518327
109.385186919
109.385190567
109.385194215
109.385197863
109.385201511
109.38520516
109.385208808
109.385212456
109.385216104
109.385219752
109.3852234
109.385227049
109.385230697
109.385234345
109.385237993
109.385241641
109.385245289
109.385248938
109.385252586
109.385256234
109.385259882
109.38526353
109.385267178
109.385270827
109.385274475
109.385278123
109.385281771
109.385285419
109.385289067
109.385292716
109.385296364
109.385300012
109.38530366
109.385307308
109.385310956
109.385166088
109.385169736
109.385173384
109.385177033
109.385180681
109.385184329
109.385187977
109.385191625
109.385195273
109.385198922
109.38520257
109.385206218
109.385209866
109.385213514
109.385217162
109.385220811
109.385224459
109.385228107
109.385231755
109.385235403
109.385239051
109.3852427
109.385246348
109.385249996
109.385253644
109.385257292
109.38526094
109.385264589
109.385268237
109.385271885
109.385275533
109.385279181
109.38528283
109.385286478
109.385290126
109.385293774
109.385148906
109.385152554
109.385156202
109.38515985
109.385163498
109.385167146
109.385170795
109.385174443
109.385178091
109.385181739
109.385185387
109.385189035
109.385192684
109.385196332
109.38519998
109.385203628
109.385207276
109.385210925
109.385214573
109.385218221
109.385221869
109.385225517
109.385229165
109.385232814
109.385236462
109.38524011
109.385243758
109.385247406
109.385251054
109.385254703
109.385258351
109.385261999
109.385265647
109.385269295
109.385272943
109.385276592
109.385131723
109.385135371
109.38513902
109.385142668
109.385146316
109.385149964
109.385153612
109.38515726
109.385160909
109.385164557
109.385168205
109.385171853
109.385175501
109.385179149
109.385182798
109.385186446
109.385190094
109.385193742
109.38519739
109.385201038
109.385204687
109.385208335
109.385211983
109.385215631
109.385219279
109.385222927
109.385226576
109.385230224
109.385233872
109.38523752
109.385241168
109.385244816
109.385248465
109.385252113
109.385255761
109.385259409
109.385114541
109.385118189
109.385121837
109.385125485
109.385129133
109.385132782
109.38513643
109.385140078
109.385143726
109.385147374
109.385151022
109.385154671
109.385158319
109.385161967
109.385165615
109.385169263
109.385172911
109.38517656
109.385180208
109.385183856
109.385187504
109.385191152
109.3851948
109.385198449
109.385202097
109.385205745
109.385209393
109.385213041
109.38521669
109.385220338
109.385223986
109.385227634
109.385231282
109.38523493
109.385238579
109.385242227
109.385097358
109.385101006
109.385104655
109.385108303
109.385111951
109.385115599
109.385119247
109.385122895
109.385126544
109.385130192
109.38513384
109.385137488
109.385141136
109.385144785
109.385148433
109.385152081
109.385155729
109.385159377
109.385163025
109.385166674
109.385170322
109.38517397
109.385177618
109.385181266
109.385184914
109.385188563
109.385192211
109.385195859
109.385199507
109.385203155
109.385206803
109.385210452
109.3852141
109.385217748
109.385221396
109.385225044
109.385080176
109.385083824
109.385087472
109.38509112
109.385094769
109.385098417
109.385102065
109.385105713
109.385109361
109.385113009
109.385116658
109.385120306
109.385123954
109.385127602
109.38513125
109.385134898
109.385138547
109.385142195
109.385145843
109.385149491
109.385153139
109.385156787
109.385160436
109.385164084
109.385167732
109.38517138
109.385175028
109.385178676
109.385182325
109.385185973
109.385189621
109.385193269
109.385196917
109.385200565
109.385204214
109.385207862
109.385062993
109.385066642
109.38507029
109.385073938
109.385077586
109.385081234
109.385084882
109.385088531
109.385092179
109.385095827
109.385099475
109.385103123
109.385106771
109.38511042
109.385114068
109.385117716
109.385121364
109.385125012
109.38512866
109.385132309
109.385135957
109.385139605
109.385143253
109.385146901
109.38515055
109.385154198
109.385157846
109.385161494
109.385165142
109.38516879
109.385172439
109.385176087
109.385179735
109.385183383
109.385187031
109.385190679
109.385045811
109.385049459
109.385053107
109.385056755
109.385060404
109.385064052
109.3850677
109.385071348
109.385074996
109.385078645
109.385082293
109.385085941
109.385089589
109.385093237
109.385096885
109.385100534
109.385104182
109.38510783
109.385111478
109.385115126
109.385118774
109.385122423
109.385126071
109.385129719
109.385133367
109.385137015
109.385140663
109.385144312
109.38514796
109.385151608
109.385155256
109.385158904
109.385162552
109.385166201
109.385169849
109.385173497
109.385028629
109.385032277
109.385035925
109.385039573
109.385043221
109.385046869
109.385050518
109.385054166
109.385057814
109.385061462
109.38506511
109.385068758
109.385072407
109.385076055
109.385079703
109.385083351
109.385086999
109.385090647
109.385094296
109.385097944
109.385101592
109.38510524
109.385108888
109.385112536
109.385116185
109.385119833
109.385123481
109.385127129
109.385130777
109.385134425
109.385138074
109.385141722
109.38514537
109.385149018
109.385152666
109.385156315
109.385011446
109.385015094
109.385018742
109.385022391
109.385026039
109.385029687
109.385033335
109.385036983
109.385040631
109.38504428
109.385047928
109.385051576
109.385055224
109.385058872
109.38506252
109.385066169
109.385069817
109.385073465
109.385077113
109.385080761
109.38508441
109.385088058
109.385091706
109.385095354
109.385099002
109.38510265
109.385106299
109.385109947
109.385113595
109.385117243
109.385120891
109.385124539
109.385128188
109.385131836
109.385135484
109.385139132
109.384994264
109.384997912
109.38500156
109.385005208
109.385008856
109.385012505
109.385016153
109.385019801
109.385023449
109.385027097
109.385030745
109.385034394
109.385038042
109.38504169
109.385045338
109.385048986
109.385052634
109.385056283
109.385059931
109.385063579
109.385067227
109.385070875
109.385074523
109.385078172
109.38508182
109.385085468
109.385089116
109.385092764
109.385096412
109.385100061
109.385103709
109.385107357
109.385111005
109.385114653
109.385118301
109.38512195
109.384977081
109.384980729
109.384984378
109.384988026
109.384991674
109.384995322
109.38499897
109.385002618
109.385006267
109.385009915
109.385013563
109.385017211
109.385020859
109.385024507
109.385028156
109.385031804
109.385035452
109.3850391
109.385042748
109.385046396
109.385050045
109.385053693
109.385057341
109.385060989
109.385064637
109.385068285
109.385071934
109.385075582
109.38507923
109.385082878
109.385086526
109.385090175
109.385093823
109.385097471
109.385101119
109.385104767
109.384959899
109.384963547
109.384967195
109.384970843
109.384974491
109.38497814
109.384981788
109.384985436
109.384989084
109.384992732
109.38499638
109.385000029
109.385003677
109.385007325
109.385010973
109.385014621
109.38501827
109.385021918
109.385025566
109.385029214
109.385032862
109.38503651
109.385040159
109.385043807
109.385047455
109.385051103
109.385054751
109.385058399
109.385062048
109.385065696
109.385069344
109.385072992
109.38507664
109.385080288
109.385083937
109.385087585
109.384942716
109.384946365
109.384950013
109.384953661
109.384957309
109.384960957
109.384964605
109.384968254
109.384971902
109.38497555
109.384979198
109.384982846
109.384986494
109.384990143
109.384993791
109.384997439
109.385001087
109.385004735
109.385008383
109.385012032
109.38501568
109.385019328
109.385022976
109.385026624
109.385030272
109.385033921
109.385037569
109.385041217
109.385044865
109.385048513
109.385052161
109.38505581
109.385059458
109.385063106
109.385066754
109.385070402
109.384925534
109.384929182
109.38493283
109.384936478
109.384940127
109.384943775
109.384947423
109.384951071
109.384954719
109.384958367
109.384962016
109.384965664
109.384969312
109.38497296
109.384976608
109.384980256
109.384983905
109.384987553
109.384991201
109.384994849
109.384998497
109.385002145
109.385005794
109.385009442
109.38501309
109.385016738
109.385020386
109.385024035
109.385027683
109.385031331
109.385034979
109.385038627
109.385042275
109.385045924
109.385049572
109.38505322
109.384908351
109.384912
109.384915648
109.384919296
109.384922944
109.384926592
109.38493024
109.384933889
109.384937537
109.384941185
109.384944833
109.384948481
109.38495213
109.384955778
109.384959426
109.384963074
109.384966722
109.38497037
109.384974019
109.384977667
109.384981315
109.384984963
109.384988611
109.384992259
109.384995908
109.384999556
109.385003204
109.385006852
109.3850105
109.385014148
109.385017797
109.385021445
109.385025093
109.385028741
109.385032389
109.385036037
109.384891169
109.384894817
109.384898465
109.384902114
109.384905762
109.38490941
109.384913058
109.384916706
109.384920354
109.384924003
109.384927651
109.384931299
109.384934947
109.384938595
109.384942243
109.384945892
109.38494954
109.384953188
109.384956836
109.384960484
109.384964132
109.384967781
109.384971429
109.384975077
109.384978725
109.384982373
109.384986021
109.38498967
109.384993318
109.384996966
109.385000614
109.385004262
109.38500791
109.385011559
109.385015207
109.385018855
109.384873987
109.384877635
109.384881283
109.384884931
109.384888579
109.384892227
109.384895876
109.384899524
109.384903172
109.38490682
109.384910468
109.384914116
109.384917765
109.384921413
109.384925061
109.384928709
109.384932357
109.384936005
109.384939654
109.384943302
109.38494695
109.384950598
109.384954246
109.384957895
109.384961543
109.384965191
109.384968839
109.384972487
109.384976135
109.384979784
109.384983432
109.38498708
109.384990728
109.384994376
109.384998024
109.385001673
109.384856804
109.384860452
109.3848641
109.384867749
109.384871397
109.384875045
109.384878693
109.384882341
109.38488599
109.384889638
109.384893286
109.384896934
109.384900582
109.38490423
109.384907879
109.384911527
109.384915175
109.384918823
109.384922471
109.384926119
109.384929768
109.384933416
109.384937064
109.384940712
109.38494436
109.384948008
109.384951657
109.384955305
109.384958953
109.384962601
109.384966249
109.384969897
109.384973546
109.384977194
109.384980842
109.38498449
109.384839622
109.38484327
109.384846918
109.384850566
109.384854214
109.384857863
109.384861511
109.384865159
109.384868807
109.384872455
109.384876103
109.384879752
109.3848834
109.384887048
109.384890696
109.384894344
109.384897992
109.384901641
109.384905289
109.384908937
109.384912585
109.384916233
109.384919881
109.38492353
109.384927178
109.384930826
109.384934474
109.384938122
109.38494177
109.384945419
109.384949067
109.384952715
109.384956363
109.384960011
109.38496366
109.384967308
109.384822439
109.384826087
109.384829736
109.384833384
109.384837032
109.38484068
109.384844328
109.384847976
109.384851625
109.384855273
109.384858921
109.384862569
109.384866217
109.384869865
109.384873514
109.384877162
109.38488081
109.384884458
109.384888106
109.384891755
109.384895403
109.384899051
109.384902699
109.384906347
109.384909995
109.384913644
109.384917292
109.38492094
109.384924588
109.384928236
109.384931884
109.384935533
109.384939181
109.384942829
109.384946477
109.384950125
109.384805257
109.384808905
109.384812553
109.384816201
109.38481985
109.384823498
109.384827146
109.384830794
109.384834442
109.38483809
109.384841739
109.384845387
109.384849035
109.384852683
109.384856331
109.384859979
109.384863628
109.384867276
109.384870924
109.384874572
109.38487822
109.384881868
109.384885517
109.384889165
109.384892813
109.384896461
109.384900109
109.384903757
109.384907406
109.384911054
109.384914702
109.38491835
109.384921998
109.384925646
109.384929295
109.384932943
109.384788074
109.384791723
109.384795371
109.384799019
109.384802667
109.384806315
109.384809963
109.384813612
109.38481726
109.384820908
109.384824556
109.384828204
109.384831852
109.384835501
109.384839149
109.384842797
109.384846445
109.384850093
109.384853741
109.38485739
109.384861038
109.384864686
109.384868334
109.384871982
109.38487563
109.384879279
109.384882927
109.384886575
109.384890223
109.384893871
109.38489752
109.384901168
109.384904816
109.384908464
109.384912112
109.38491576
