37.7521316287
37.7521180427
37.7521044566
37.7520908706
37.7520772846
37.7520636985
37.7520501125
37.7520365265
37.7520229404
37.7520093544
37.7519957683
37.7519821823
37.7519685963
37.7519550102
37.7519414242
37.7519278382
37.7519142521
37.7519006661
37.7518870801
37.751873494
37.751859908
37.7518463219
37.7518327359
37.7518191499
37.7518055638
37.7517919778
37.7517783918
37.7517648057
37.7517512197
37.7517376336
37.7517240476
37.7517104616
37.7516968755
37.7516832895
37.7516697035
37.7516561174
37.7521287441
37.7521151581
37.7521015721
37.752087986
37.7520744
37.752060814
37.7520472279
37.7520336419
37.7520200558
37.7520064698
37.7519928838
37.7519792977
37.7519657117
37.7519521257
37.7519385396
37.7519249536
37.7519113675
37.7518977815
37.7518841955
37.7518706094
37.7518570234
37.7518434374
37.7518298513
37.7518162653
37.7518026792
37.7517890932
37.7517755072
37.7517619211
37.7517483351
37.7517347491
37.751721163
37.751707577
37.7516939909
37.7516804049
37.7516668189
37.7516532328
37.7521258596
37.7521122735
37.7520986875
37.7520851014
37.7520715154
37.7520579294
37.7520443433
37.7520307573
37.7520171713
37.7520035852
37.7519899992
37.7519764131
37.7519628271
37.7519492411
37.751935655
37.751922069
37.751908483
37.7518948969
37.7518813109
37.7518677248
37.7518541388
37.7518405528
37.7518269667
37.7518133807
37.7517997947
37.7517862086
37.7517726226
37.7517590365
37.7517454505
37.7517318645
37.7517182784
37.7517046924
37.7516911064
37.7516775203
37.7516639343
37.7516503482
37.752122975
37.7521093889
37.7520958029
37.7520822169
37.7520686308
37.7520550448
37.7520414587
37.7520278727
37.7520142867
37.7520007006
37.7519871146
37.7519735286
37.7519599425
37.7519463565
37.7519327704
37.7519191844
37.7519055984
37.7518920123
37.7518784263
37.7518648403
37.7518512542
37.7518376682
37.7518240821
37.7518104961
37.7517969101
37.751783324
37.751769738
37.751756152
37.7517425659
37.7517289799
37.7517153938
37.7517018078
37.7516882218
37.7516746357
37.7516610497
37.7516474637
37.7521200904
37.7521065043
37.7520929183
37.7520793323
37.7520657462
37.7520521602
37.7520385742
37.7520249881
37.7520114021
37.751997816
37.75198423
37.751970644
37.7519570579
37.7519434719
37.7519298859
37.7519162998
37.7519027138
37.7518891277
37.7518755417
37.7518619557
37.7518483696
37.7518347836
37.7518211976
37.7518076115
37.7517940255
37.7517804394
37.7517668534
37.7517532674
37.7517396813
37.7517260953
37.7517125093
37.7516989232
37.7516853372
37.7516717511
37.7516581651
37.7516445791
37.7521172058
37.7521036198
37.7520900337
37.7520764477
37.7520628616
37.7520492756
37.7520356896
37.7520221035
37.7520085175
37.7519949315
37.7519813454
37.7519677594
37.7519541733
37.7519405873
37.7519270013
37.7519134152
37.7518998292
37.7518862432
37.7518726571
37.7518590711
37.751845485
37.751831899
37.751818313
37.7518047269
37.7517911409
37.7517775549
37.7517639688
37.7517503828
37.7517367968
37.7517232107
37.7517096247
37.7516960386
37.7516824526
37.7516688666
37.7516552805
37.7516416945
37.7521143212
37.7521007352
37.7520871491
37.7520735631
37.7520599771
37.752046391
37.752032805
37.7520192189
37.7520056329
37.7519920469
37.7519784608
37.7519648748
37.7519512888
37.7519377027
37.7519241167
37.7519105307
37.7518969446
37.7518833586
37.7518697725
37.7518561865
37.7518426005
37.7518290144
37.7518154284
37.7518018424
37.7517882563
37.7517746703
37.7517610842
37.7517474982
37.7517339122
37.7517203261
37.7517067401
37.7516931541
37.751679568
37.751665982
37.7516523959
37.7516388099
37.7521114366
37.7520978506
37.7520842646
37.7520706785
37.7520570925
37.7520435064
37.7520299204
37.7520163344
37.7520027483
37.7519891623
37.7519755763
37.7519619902
37.7519484042
37.7519348181
37.7519212321
37.7519076461
37.75189406
37.751880474
37.751866888
37.7518533019
37.7518397159
37.7518261298
37.7518125438
37.7517989578
37.7517853717
37.7517717857
37.7517581997
37.7517446136
37.7517310276
37.7517174415
37.7517038555
37.7516902695
37.7516766834
37.7516630974
37.7516495114
37.7516359253
37.752108552
37.752094966
37.75208138
37.7520677939
37.7520542079
37.7520406219
37.7520270358
37.7520134498
37.7519998637
37.7519862777
37.7519726917
37.7519591056
37.7519455196
37.7519319336
37.7519183475
37.7519047615
37.7518911754
37.7518775894
37.7518640034
37.7518504173
37.7518368313
37.7518232453
37.7518096592
37.7517960732
37.7517824871
37.7517689011
37.7517553151
37.751741729
37.751728143
37.751714557
37.7517009709
37.7516873849
37.7516737988
37.7516602128
37.7516466268
37.7516330407
37.7521056675
37.7520920814
37.7520784954
37.7520649093
37.7520513233
37.7520377373
37.7520241512
37.7520105652
37.7519969792
37.7519833931
37.7519698071
37.751956221
37.751942635
37.751929049
37.7519154629
37.7519018769
37.7518882909
37.7518747048
37.7518611188
37.7518475327
37.7518339467
37.7518203607
37.7518067746
37.7517931886
37.7517796026
37.7517660165
37.7517524305
37.7517388444
37.7517252584
37.7517116724
37.7516980863
37.7516845003
37.7516709143
37.7516573282
37.7516437422
37.7516301561
37.7521027829
37.7520891968
37.7520756108
37.7520620248
37.7520484387
37.7520348527
37.7520212666
37.7520076806
37.7519940946
37.7519805085
37.7519669225
37.7519533365
37.7519397504
37.7519261644
37.7519125783
37.7518989923
37.7518854063
37.7518718202
37.7518582342
37.7518446482
37.7518310621
37.7518174761
37.75180389
37.751790304
37.751776718
37.7517631319
37.7517495459
37.7517359599
37.7517223738
37.7517087878
37.7516952017
37.7516816157
37.7516680297
37.7516544436
37.7516408576
37.7516272716
37.7520998983
37.7520863122
37.7520727262
37.7520591402
37.7520455541
37.7520319681
37.7520183821
37.752004796
37.75199121
37.7519776239
37.7519640379
37.7519504519
37.7519368658
37.7519232798
37.7519096938
37.7518961077
37.7518825217
37.7518689356
37.7518553496
37.7518417636
37.7518281775
37.7518145915
37.7518010055
37.7517874194
37.7517738334
37.7517602474
37.7517466613
37.7517330753
37.7517194892
37.7517059032
37.7516923172
37.7516787311
37.7516651451
37.7516515591
37.751637973
37.751624387
37.7520970137
37.7520834277
37.7520698416
37.7520562556
37.7520426695
37.7520290835
37.7520154975
37.7520019114
37.7519883254
37.7519747394
37.7519611533
37.7519475673
37.7519339813
37.7519203952
37.7519068092
37.7518932231
37.7518796371
37.7518660511
37.751852465
37.751838879
37.751825293
37.7518117069
37.7517981209
37.7517845348
37.7517709488
37.7517573628
37.7517437767
37.7517301907
37.7517166047
37.7517030186
37.7516894326
37.7516758465
37.7516622605
37.7516486745
37.7516350884
37.7516215024
37.7520941291
37.7520805431
37.752066957
37.752053371
37.752039785
37.7520261989
37.7520126129
37.7519990269
37.7519854408
37.7519718548
37.7519582687
37.7519446827
37.7519310967
37.7519175106
37.7519039246
37.7518903386
37.7518767525
37.7518631665
37.7518495804
37.7518359944
37.7518224084
37.7518088223
37.7517952363
37.7517816503
37.7517680642
37.7517544782
37.7517408921
37.7517273061
37.7517137201
37.751700134
37.751686548
37.751672962
37.7516593759
37.7516457899
37.7516322038
37.7516186178
37.7520912445
37.7520776585
37.7520640725
37.7520504864
37.7520369004
37.7520233143
37.7520097283
37.7519961423
37.7519825562
37.7519689702
37.7519553842
37.7519417981
37.7519282121
37.751914626
37.75190104
37.751887454
37.7518738679
37.7518602819
37.7518466959
37.7518331098
37.7518195238
37.7518059377
37.7517923517
37.7517787657
37.7517651796
37.7517515936
37.7517380076
37.7517244215
37.7517108355
37.7516972494
37.7516836634
37.7516700774
37.7516564913
37.7516429053
37.7516293193
37.7516157332
37.7520883599
37.7520747739
37.7520611879
37.7520476018
37.7520340158
37.7520204298
37.7520068437
37.7519932577
37.7519796716
37.7519660856
37.7519524996
37.7519389135
37.7519253275
37.7519117415
37.7518981554
37.7518845694
37.7518709833
37.7518573973
37.7518438113
37.7518302252
37.7518166392
37.7518030532
37.7517894671
37.7517758811
37.751762295
37.751748709
37.751735123
37.7517215369
37.7517079509
37.7516943649
37.7516807788
37.7516671928
37.7516536067
37.7516400207
37.7516264347
37.7516128486
37.7520854754
37.7520718893
37.7520583033
37.7520447172
37.7520311312
37.7520175452
37.7520039591
37.7519903731
37.7519767871
37.751963201
37.751949615
37.7519360289
37.7519224429
37.7519088569
37.7518952708
37.7518816848
37.7518680988
37.7518545127
37.7518409267
37.7518273406
37.7518137546
37.7518001686
37.7517865825
37.7517729965
37.7517594105
37.7517458244
37.7517322384
37.7517186523
37.7517050663
37.7516914803
37.7516778942
37.7516643082
37.7516507222
37.7516371361
37.7516235501
37.751609964
37.7520825908
37.7520690047
37.7520554187
37.7520418327
37.7520282466
37.7520146606
37.7520010745
37.7519874885
37.7519739025
37.7519603164
37.7519467304
37.7519331444
37.7519195583
37.7519059723
37.7518923862
37.7518788002
37.7518652142
37.7518516281
37.7518380421
37.7518244561
37.75181087
37.751797284
37.751783698
37.7517701119
37.7517565259
37.7517429398
37.7517293538
37.7517157678
37.7517021817
37.7516885957
37.7516750097
37.7516614236
37.7516478376
37.7516342515
37.7516206655
37.7516070795
37.7520797062
37.7520661201
37.7520525341
37.7520389481
37.752025362
37.752011776
37.75199819
37.7519846039
37.7519710179
37.7519574319
37.7519438458
37.7519302598
37.7519166737
37.7519030877
37.7518895017
37.7518759156
37.7518623296
37.7518487436
37.7518351575
37.7518215715
37.7518079854
37.7517943994
37.7517808134
37.7517672273
37.7517536413
37.7517400553
37.7517264692
37.7517128832
37.7516992971
37.7516857111
37.7516721251
37.751658539
37.751644953
37.751631367
37.7516177809
37.7516041949
37.7520768216
37.7520632356
37.7520496495
37.7520360635
37.7520224775
37.7520088914
37.7519953054
37.7519817193
37.7519681333
37.7519545473
37.7519409612
37.7519273752
37.7519137892
37.7519002031
37.7518866171
37.751873031
37.751859445
37.751845859
37.7518322729
37.7518186869
37.7518051009
37.7517915148
37.7517779288
37.7517643427
37.7517507567
37.7517371707
37.7517235846
37.7517099986
37.7516964126
37.7516828265
37.7516692405
37.7516556544
37.7516420684
37.7516284824
37.7516148963
37.7516013103
37.752073937
37.752060351
37.7520467649
37.7520331789
37.7520195929
37.7520060068
37.7519924208
37.7519788348
37.7519652487
37.7519516627
37.7519380766
37.7519244906
37.7519109046
37.7518973185
37.7518837325
37.7518701465
37.7518565604
37.7518429744
37.7518293883
37.7518158023
37.7518022163
37.7517886302
37.7517750442
37.7517614582
37.7517478721
37.7517342861
37.7517207
37.751707114
37.751693528
37.7516799419
37.7516663559
37.7516527699
37.7516391838
37.7516255978
37.7516120117
37.7515984257
37.7520710524
37.7520574664
37.7520438804
37.7520302943
37.7520167083
37.7520031222
37.7519895362
37.7519759502
37.7519623641
37.7519487781
37.7519351921
37.751921606
37.75190802
37.7518944339
37.7518808479
37.7518672619
37.7518536758
37.7518400898
37.7518265038
37.7518129177
37.7517993317
37.7517857456
37.7517721596
37.7517585736
37.7517449875
37.7517314015
37.7517178155
37.7517042294
37.7516906434
37.7516770573
37.7516634713
37.7516498853
37.7516362992
37.7516227132
37.7516091272
37.7515955411
37.7520681678
37.7520545818
37.7520409958
37.7520274097
37.7520138237
37.7520002377
37.7519866516
37.7519730656
37.7519594795
37.7519458935
37.7519323075
37.7519187214
37.7519051354
37.7518915494
37.7518779633
37.7518643773
37.7518507912
37.7518372052
37.7518236192
37.7518100331
37.7517964471
37.7517828611
37.751769275
37.751755689
37.7517421029
37.7517285169
37.7517149309
37.7517013448
37.7516877588
37.7516741728
37.7516605867
37.7516470007
37.7516334146
37.7516198286
37.7516062426
37.7515926565
37.7520652833
37.7520516972
37.7520381112
37.7520245251
37.7520109391
37.7519973531
37.751983767
37.751970181
37.751956595
37.7519430089
37.7519294229
37.7519158368
37.7519022508
37.7518886648
37.7518750787
37.7518614927
37.7518479067
37.7518343206
37.7518207346
37.7518071486
37.7517935625
37.7517799765
37.7517663904
37.7517528044
37.7517392184
37.7517256323
37.7517120463
37.7516984603
37.7516848742
37.7516712882
37.7516577021
37.7516441161
37.7516305301
37.751616944
37.751603358
37.751589772
37.7520623987
37.7520488126
37.7520352266
37.7520216406
37.7520080545
37.7519944685
37.7519808825
37.7519672964
37.7519537104
37.7519401243
37.7519265383
37.7519129523
37.7518993662
37.7518857802
37.7518721942
37.7518586081
37.7518450221
37.751831436
37.75181785
37.751804264
37.7517906779
37.7517770919
37.7517635059
37.7517499198
37.7517363338
37.7517227477
37.7517091617
37.7516955757
37.7516819896
37.7516684036
37.7516548176
37.7516412315
37.7516276455
37.7516140594
37.7516004734
37.7515868874
37.7520595141
37.7520459281
37.752032342
37.752018756
37.7520051699
37.7519915839
37.7519779979
37.7519644118
37.7519508258
37.7519372398
37.7519236537
37.7519100677
37.7518964816
37.7518828956
37.7518693096
37.7518557235
37.7518421375
37.7518285515
37.7518149654
37.7518013794
37.7517877933
37.7517742073
37.7517606213
37.7517470352
37.7517334492
37.7517198632
37.7517062771
37.7516926911
37.751679105
37.751665519
37.751651933
37.7516383469
37.7516247609
37.7516111749
37.7515975888
37.7515840028
37.7520566295
37.7520430435
37.7520294574
37.7520158714
37.7520022854
37.7519886993
37.7519751133
37.7519615272
37.7519479412
37.7519343552
37.7519207691
37.7519071831
37.7518935971
37.751880011
37.751866425
37.7518528389
37.7518392529
37.7518256669
37.7518120808
37.7517984948
37.7517849088
37.7517713227
37.7517577367
37.7517441506
37.7517305646
37.7517169786
37.7517033925
37.7516898065
37.7516762205
37.7516626344
37.7516490484
37.7516354623
37.7516218763
37.7516082903
37.7515947042
37.7515811182
37.7520537449
37.7520401589
37.7520265728
37.7520129868
37.7519994008
37.7519858147
37.7519722287
37.7519586427
37.7519450566
37.7519314706
37.7519178845
37.7519042985
37.7518907125
37.7518771264
37.7518635404
37.7518499544
37.7518363683
37.7518227823
37.7518091962
37.7517956102
37.7517820242
37.7517684381
37.7517548521
37.7517412661
37.75172768
37.751714094
37.7517005079
37.7516869219
37.7516733359
37.7516597498
37.7516461638
37.7516325778
37.7516189917
37.7516054057
37.7515918196
37.7515782336
37.7520508603
37.7520372743
37.7520236883
37.7520101022
37.7519965162
37.7519829301
37.7519693441
37.7519557581
37.751942172
37.751928586
37.751915
37.7519014139
37.7518878279
37.7518742418
37.7518606558
37.7518470698
37.7518334837
37.7518198977
37.7518063117
37.7517927256
37.7517791396
37.7517655535
37.7517519675
37.7517383815
37.7517247954
37.7517112094
37.7516976234
37.7516840373
37.7516704513
37.7516568652
37.7516432792
37.7516296932
37.7516161071
37.7516025211
37.7515889351
37.751575349
37.7520479757
37.7520343897
37.7520208037
37.7520072176
37.7519936316
37.7519800456
37.7519664595
37.7519528735
37.7519392874
37.7519257014
37.7519121154
37.7518985293
37.7518849433
37.7518713573
37.7518577712
37.7518441852
37.7518305992
37.7518170131
37.7518034271
37.751789841
37.751776255
37.751762669
37.7517490829
37.7517354969
37.7517219109
37.7517083248
37.7516947388
37.7516811527
37.7516675667
37.7516539807
37.7516403946
37.7516268086
37.7516132226
37.7515996365
37.7515860505
37.7515724644
37.7520450912
37.7520315051
37.7520179191
37.7520043331
37.751990747
37.751977161
37.7519635749
37.7519499889
37.7519364029
37.7519228168
37.7519092308
37.7518956448
37.7518820587
37.7518684727
37.7518548866
37.7518413006
37.7518277146
37.7518141285
37.7518005425
37.7517869565
37.7517733704
37.7517597844
37.7517461983
37.7517326123
37.7517190263
37.7517054402
37.7516918542
37.7516782682
37.7516646821
37.7516510961
37.75163751
37.751623924
37.751610338
37.7515967519
37.7515831659
37.7515695799
37.7520422066
37.7520286205
37.7520150345
37.7520014485
37.7519878624
37.7519742764
37.7519606904
37.7519471043
37.7519335183
37.7519199322
37.7519063462
37.7518927602
37.7518791741
37.7518655881
37.7518520021
37.751838416
37.75182483
37.7518112439
37.7517976579
37.7517840719
37.7517704858
37.7517568998
37.7517433138
37.7517297277
37.7517161417
37.7517025556
37.7516889696
37.7516753836
37.7516617975
37.7516482115
37.7516346255
37.7516210394
37.7516074534
37.7515938673
37.7515802813
37.7515666953
37.752039322
37.752025736
37.7520121499
37.7519985639
37.7519849778
37.7519713918
37.7519578058
37.7519442197
37.7519306337
37.7519170477
37.7519034616
37.7518898756
37.7518762895
37.7518627035
37.7518491175
37.7518355314
37.7518219454
37.7518083594
37.7517947733
37.7517811873
37.7517676012
37.7517540152
37.7517404292
37.7517268431
37.7517132571
37.7516996711
37.751686085
37.751672499
37.7516589129
37.7516453269
37.7516317409
37.7516181548
37.7516045688
37.7515909828
37.7515773967
37.7515638107
37.7520364374
37.7520228514
37.7520092653
37.7519956793
37.7519820933
37.7519685072
37.7519549212
37.7519413351
37.7519277491
37.7519141631
37.751900577
37.751886991
37.751873405
37.7518598189
37.7518462329
37.7518326468
37.7518190608
37.7518054748
37.7517918887
37.7517783027
37.7517647167
37.7517511306
37.7517375446
37.7517239585
37.7517103725
37.7516967865
37.7516832004
37.7516696144
37.7516560284
37.7516424423
37.7516288563
37.7516152702
37.7516016842
37.7515880982
37.7515745121
37.7515609261
37.7520335528
37.7520199668
37.7520063807
37.7519927947
37.7519792087
37.7519656226
37.7519520366
37.7519384506
37.7519248645
37.7519112785
37.7518976924
37.7518841064
37.7518705204
37.7518569343
37.7518433483
37.7518297623
37.7518161762
37.7518025902
37.7517890041
37.7517754181
37.7517618321
37.751748246
37.75173466
37.751721074
37.7517074879
37.7516939019
37.7516803158
37.7516667298
37.7516531438
37.7516395577
37.7516259717
37.7516123857
37.7515987996
37.7515852136
37.7515716276
37.7515580415
37.7520306682
37.7520170822
37.7520034962
37.7519899101
37.7519763241
37.751962738
37.751949152
37.751935566
37.7519219799
37.7519083939
37.7518948079
37.7518812218
37.7518676358
37.7518540498
37.7518404637
37.7518268777
37.7518132916
37.7517997056
37.7517861196
37.7517725335
37.7517589475
37.7517453615
37.7517317754
37.7517181894
37.7517046033
37.7516910173
37.7516774313
37.7516638452
37.7516502592
37.7516366732
37.7516230871
37.7516095011
37.751595915
37.751582329
37.751568743
37.7515551569
