109.386922219
109.386819348
109.386716478
109.386613607
109.386510736
109.386407865
109.386304994
109.386202123
109.386099252
109.385996381
109.38589351
109.385790639
109.385687769
109.385584898
109.385482027
109.385379156
109.385276285
109.385173414
109.385070543
109.384967672
109.384864801
109.38476193
109.38465906
109.384556189
109.384453318
109.384350447
109.384247576
109.384144705
109.384041834
109.383938963
109.383836092
109.383733222
109.383630351
109.38352748
109.383424609
109.383321738
