37.7505977083
37.7506628125
37.7507279167
37.7507930208
37.750858125
37.7509232292
37.7509883333
37.7510534375
37.7511185417
37.7511836458
37.75124875
37.7513138542
37.7513789583
37.7514440625
37.7515091667
37.7515742708
37.751639375
37.7517044792
37.7517695833
37.7518346875
37.7518997917
37.7519648958
37.75203
37.7520951042
37.7521602083
37.7522253125
37.7522904167
37.7523555208
37.752420625
37.7524857292
37.7525508333
37.7526159375
37.7526810417
37.7527461458
37.75281125
37.7528763542
37.7529414583
37.7530065625
37.7530716667
37.7531367708
37.753201875
37.7532669792
37.7533320833
37.7533971875
37.7534622917
37.7535273958
37.7535925
37.7536576042
37.7537227083
37.7537878125
