37.7618607292
37.7619258333
37.7619909375
37.7620560417
37.7621211458
37.76218625
37.7622513542
37.7623164583
37.7623815625
37.7624466667
37.7625117708
37.762576875
37.7626419792
37.7627070833
37.7627721875
37.7628372917
37.7629023958
37.7629675
37.7630326042
37.7630977083
37.7631628125
37.7632279167
37.7632930208
37.763358125
37.7634232292
37.7634883333
37.7635534375
37.7636185417
37.7636836458
37.76374875
37.7638138542
37.7638789583
37.7639440625
37.7640091667
37.7640742708
37.764139375
37.7642044792
37.7642695833
37.7643346875
37.7643997917
