#-------------------------------------------------------------------------------
# RA		 DEC	
 109.3888100	   37.7521300
#-------------------------------------------------------------------------------
# alpha_1,true	 alpha_2,true
  -0.0500799	    0.1263355
  -0.0501286	    0.1257566
  -0.0501771	    0.1251770
  -0.0502258	    0.1245969
  -0.0502749	    0.1240162
  -0.0503238	    0.1234349
  -0.0503731	    0.1228529
  -0.0504225	    0.1222704
  -0.0504720	    0.1216871
  -0.0505220	    0.1211033
  -0.0505720	    0.1205187
  -0.0506223	    0.1199335
  -0.0506730	    0.1193475
  -0.0507239	    0.1187607
  -0.0507752	    0.1181733
  -0.0508267	    0.1175850
  -0.0508785	    0.1169959
  -0.0509307	    0.1164059
  -0.0509834	    0.1158151
  -0.0510363	    0.1152234
  -0.0510898	    0.1146307
  -0.0511439	    0.1140371
  -0.0511982	    0.1134424
  -0.0512530	    0.1128467
  -0.0513087	    0.1122501
  -0.0513650	    0.1116524
  -0.0514217	    0.1110534
  -0.0514791	    0.1104531
  -0.0515372	    0.1098516
  -0.0515962	    0.1092489
  -0.0516561	    0.1086450
  -0.0517174	    0.1080396
  -0.0517791	    0.1074326
  -0.0518418	    0.1068240
  -0.0519057	    0.1062138
  -0.0519711	    0.1056022
  -0.0520374	    0.1049888
  -0.0521058	    0.1043735
  -0.0521753	    0.1037562
  -0.0522464	    0.1031367
  -0.0523192	    0.1025151
  -0.0523944	    0.1018919
  -0.0524716	    0.1012660
  -0.0525513	    0.1006375
  -0.0526333	    0.1000063
  -0.0527179	    0.0993723
  -0.0528052	    0.0987355
  -0.0528964	    0.0980965
  -0.0529914	    0.0974539
  -0.0530905	    0.0968079
  -0.0495400	    0.1260375
  -0.0495878	    0.1254593
  -0.0496355	    0.1248806
  -0.0496833	    0.1243013
  -0.0497316	    0.1237216
  -0.0497800	    0.1231412
  -0.0498284	    0.1225601
  -0.0498771	    0.1219785
  -0.0499258	    0.1213963
  -0.0499746	    0.1208134
  -0.0500236	    0.1202298
  -0.0500735	    0.1196457
  -0.0501232	    0.1190608
  -0.0501731	    0.1184751
  -0.0502234	    0.1178888
  -0.0502733	    0.1173014
  -0.0503243	    0.1167136
  -0.0503755	    0.1161248
  -0.0504271	    0.1155352
  -0.0504790	    0.1149447
  -0.0505312	    0.1143534
  -0.0505837	    0.1137610
  -0.0506370	    0.1131678
  -0.0506907	    0.1125735
  -0.0507448	    0.1119782
  -0.0507996	    0.1113819
  -0.0508550	    0.1107844
  -0.0509106	    0.1101856
  -0.0509671	    0.1095857
  -0.0510248	    0.1089847
  -0.0510831	    0.1083823
  -0.0511423	    0.1077786
  -0.0512020	    0.1071733
  -0.0512626	    0.1065663
  -0.0513247	    0.1059580
  -0.0513879	    0.1053482
  -0.0514520	    0.1047365
  -0.0515179	    0.1041231
  -0.0515848	    0.1035075
  -0.0516529	    0.1028897
  -0.0517236	    0.1022705
  -0.0517962	    0.1016491
  -0.0518700	    0.1010251
  -0.0519462	    0.1003983
  -0.0520247	    0.0997687
  -0.0521061	    0.0991367
  -0.0521905	    0.0985024
  -0.0522776	    0.0978649
  -0.0523682	    0.0972238
  -0.0524631	    0.0965789
  -0.0490007	    0.1257398
  -0.0490478	    0.1251625
  -0.0490948	    0.1245846
  -0.0491418	    0.1240062
  -0.0491893	    0.1234274
  -0.0492371	    0.1228480
  -0.0492845	    0.1222678
  -0.0493326	    0.1216873
  -0.0493806	    0.1211061
  -0.0494287	    0.1205243
  -0.0494768	    0.1199417
  -0.0495255	    0.1193586
  -0.0495743	    0.1187747
  -0.0496233	    0.1181902
  -0.0496724	    0.1176050
  -0.0497216	    0.1170189
  -0.0497715	    0.1164322
  -0.0498216	    0.1158447
  -0.0498721	    0.1152564
  -0.0499228	    0.1146672
  -0.0499738	    0.1140772
  -0.0500251	    0.1134862
  -0.0500771	    0.1128944
  -0.0501295	    0.1123016
  -0.0501823	    0.1117078
  -0.0502355	    0.1111129
  -0.0502892	    0.1105169
  -0.0503439	    0.1099200
  -0.0503988	    0.1093217
  -0.0504548	    0.1087223
  -0.0505114	    0.1081217
  -0.0505685	    0.1075196
  -0.0506263	    0.1069161
  -0.0506851	    0.1063112
  -0.0507452	    0.1057048
  -0.0508062	    0.1050968
  -0.0508682	    0.1044871
  -0.0509312	    0.1038756
  -0.0509959	    0.1032623
  -0.0510619	    0.1026470
  -0.0511298	    0.1020298
  -0.0511992	    0.1014103
  -0.0512701	    0.1007884
  -0.0513428	    0.1001639
  -0.0514183	    0.0995369
  -0.0514962	    0.0989074
  -0.0515769	    0.0982750
  -0.0516601	    0.0976394
  -0.0517463	    0.0970003
  -0.0518363	    0.0963574
  -0.0484622	    0.1254425
  -0.0485087	    0.1248661
  -0.0485549	    0.1242891
  -0.0486015	    0.1237117
  -0.0486483	    0.1231338
  -0.0486952	    0.1225553
  -0.0487418	    0.1219761
  -0.0487891	    0.1213966
  -0.0488360	    0.1208164
  -0.0488835	    0.1202356
  -0.0489311	    0.1196542
  -0.0489787	    0.1190721
  -0.0490265	    0.1184894
  -0.0490745	    0.1179061
  -0.0491227	    0.1173220
  -0.0491712	    0.1167373
  -0.0492201	    0.1161518
  -0.0492692	    0.1155656
  -0.0493184	    0.1149786
  -0.0493678	    0.1143907
  -0.0494177	    0.1138020
  -0.0494681	    0.1132126
  -0.0495189	    0.1126222
  -0.0495700	    0.1120310
  -0.0496214	    0.1114387
  -0.0496730	    0.1108454
  -0.0497254	    0.1102511
  -0.0497785	    0.1096558
  -0.0498320	    0.1090593
  -0.0498863	    0.1084617
  -0.0499410	    0.1078628
  -0.0499962	    0.1072626
  -0.0500526	    0.1066612
  -0.0501097	    0.1060584
  -0.0501677	    0.1054541
  -0.0502265	    0.1048482
  -0.0502862	    0.1042406
  -0.0503470	    0.1036313
  -0.0504095	    0.1030206
  -0.0504730	    0.1024078
  -0.0505379	    0.1017928
  -0.0506041	    0.1011756
  -0.0506720	    0.1005560
  -0.0507421	    0.0999344
  -0.0508142	    0.0993106
  -0.0508883	    0.0986834
  -0.0509651	    0.0980534
  -0.0510442	    0.0974202
  -0.0511259	    0.0967834
  -0.0512116	    0.0961440
  -0.0479245	    0.1251455
  -0.0479703	    0.1245701
  -0.0480161	    0.1239940
  -0.0480620	    0.1234175
  -0.0481082	    0.1228406
  -0.0481543	    0.1222631
  -0.0482002	    0.1216850
  -0.0482465	    0.1211064
  -0.0482931	    0.1205273
  -0.0483397	    0.1199476
  -0.0483864	    0.1193673
  -0.0484332	    0.1187864
  -0.0484802	    0.1182049
  -0.0485271	    0.1176226
  -0.0485745	    0.1170398
  -0.0486221	    0.1164563
  -0.0486699	    0.1158721
  -0.0487179	    0.1152873
  -0.0487659	    0.1147016
  -0.0488144	    0.1141152
  -0.0488634	    0.1135280
  -0.0489127	    0.1129401
  -0.0489622	    0.1123512
  -0.0490121	    0.1117616
  -0.0490619	    0.1111709
  -0.0491126	    0.1105793
  -0.0491638	    0.1099868
  -0.0492152	    0.1093932
  -0.0492670	    0.1087985
  -0.0493195	    0.1082028
  -0.0493726	    0.1076059
  -0.0494265	    0.1070078
  -0.0494809	    0.1064084
  -0.0495362	    0.1058078
  -0.0495922	    0.1052057
  -0.0496489	    0.1046021
  -0.0497061	    0.1039968
  -0.0497651	    0.1033901
  -0.0498252	    0.1027818
  -0.0498862	    0.1021716
  -0.0499483	    0.1015593
  -0.0500114	    0.1009447
  -0.0500764	    0.1003282
  -0.0501435	    0.0997096
  -0.0502123	    0.0990885
  -0.0502827	    0.0984646
  -0.0503554	    0.0978376
  -0.0504303	    0.0972073
  -0.0505085	    0.0965745
  -0.0505899	    0.0959383
  -0.0473880	    0.1248490
  -0.0474330	    0.1242743
  -0.0474781	    0.1236992
  -0.0475234	    0.1231237
  -0.0475689	    0.1225477
  -0.0476142	    0.1219712
  -0.0476596	    0.1213942
  -0.0477052	    0.1208167
  -0.0477508	    0.1202385
  -0.0477967	    0.1196600
  -0.0478426	    0.1190808
  -0.0478886	    0.1185011
  -0.0479348	    0.1179208
  -0.0479810	    0.1173398
  -0.0480275	    0.1167583
  -0.0480742	    0.1161761
  -0.0481208	    0.1155932
  -0.0481676	    0.1150097
  -0.0482153	    0.1144256
  -0.0482628	    0.1138406
  -0.0483104	    0.1132548
  -0.0483586	    0.1126685
  -0.0484069	    0.1120812
  -0.0484552	    0.1114931
  -0.0485043	    0.1109042
  -0.0485538	    0.1103145
  -0.0486035	    0.1097237
  -0.0486535	    0.1091319
  -0.0487039	    0.1085392
  -0.0487550	    0.1079455
  -0.0488066	    0.1073508
  -0.0488587	    0.1067548
  -0.0489113	    0.1061576
  -0.0489646	    0.1055591
  -0.0490187	    0.1049595
  -0.0490733	    0.1043584
  -0.0491291	    0.1037558
  -0.0491857	    0.1031517
  -0.0492432	    0.1025460
  -0.0493016	    0.1019385
  -0.0493609	    0.1013291
  -0.0494213	    0.1007178
  -0.0494838	    0.1001045
  -0.0495478	    0.0994891
  -0.0496131	    0.0988712
  -0.0496799	    0.0982506
  -0.0497486	    0.0976273
  -0.0498202	    0.0970013
  -0.0498941	    0.0963722
  -0.0499706	    0.0957396
  -0.0468526	    0.1245527
  -0.0468970	    0.1239790
  -0.0469414	    0.1234048
  -0.0469859	    0.1228302
  -0.0470305	    0.1222553
  -0.0470751	    0.1216797
  -0.0471200	    0.1211037
  -0.0471650	    0.1205273
  -0.0472098	    0.1199503
  -0.0472550	    0.1193729
  -0.0473000	    0.1187949
  -0.0473454	    0.1182164
  -0.0473908	    0.1176372
  -0.0474361	    0.1170575
  -0.0474817	    0.1164773
  -0.0475275	    0.1158964
  -0.0475730	    0.1153149
  -0.0476193	    0.1147328
  -0.0476660	    0.1141502
  -0.0477125	    0.1135667
  -0.0477589	    0.1129825
  -0.0478058	    0.1123977
  -0.0478528	    0.1118120
  -0.0479004	    0.1112256
  -0.0479483	    0.1106385
  -0.0479966	    0.1100506
  -0.0480448	    0.1094617
  -0.0480934	    0.1088719
  -0.0481425	    0.1082813
  -0.0481922	    0.1076896
  -0.0482424	    0.1070970
  -0.0482929	    0.1065033
  -0.0483439	    0.1059084
  -0.0483954	    0.1053124
  -0.0484477	    0.1047152
  -0.0485008	    0.1041168
  -0.0485543	    0.1035169
  -0.0486087	    0.1029156
  -0.0486638	    0.1023128
  -0.0487195	    0.1017083
  -0.0487767	    0.1011022
  -0.0488350	    0.1004944
  -0.0488944	    0.0998845
  -0.0489553	    0.0992726
  -0.0490171	    0.0986582
  -0.0490801	    0.0980414
  -0.0491460	    0.0974226
  -0.0492135	    0.0968009
  -0.0492829	    0.0961759
  -0.0493546	    0.0955476
  -0.0463179	    0.1242566
  -0.0463617	    0.1236839
  -0.0464055	    0.1231107
  -0.0464494	    0.1225371
  -0.0464931	    0.1219630
  -0.0465376	    0.1213886
  -0.0465817	    0.1208137
  -0.0466259	    0.1202383
  -0.0466700	    0.1196625
  -0.0467140	    0.1190861
  -0.0467585	    0.1185093
  -0.0468032	    0.1179320
  -0.0468479	    0.1173541
  -0.0468925	    0.1167757
  -0.0469372	    0.1161968
  -0.0469820	    0.1156173
  -0.0470273	    0.1150373
  -0.0470725	    0.1144566
  -0.0471179	    0.1138753
  -0.0471635	    0.1132934
  -0.0472092	    0.1127109
  -0.0472547	    0.1121276
  -0.0473013	    0.1115438
  -0.0473477	    0.1109592
  -0.0473943	    0.1103738
  -0.0474411	    0.1097877
  -0.0474882	    0.1092008
  -0.0475354	    0.1086130
  -0.0475836	    0.1080245
  -0.0476319	    0.1074350
  -0.0476804	    0.1068446
  -0.0477292	    0.1062532
  -0.0477785	    0.1056608
  -0.0478285	    0.1050674
  -0.0478794	    0.1044728
  -0.0479306	    0.1038771
  -0.0479821	    0.1032800
  -0.0480343	    0.1026818
  -0.0480871	    0.1020820
  -0.0481412	    0.1014810
  -0.0481962	    0.1008784
  -0.0482519	    0.1002740
  -0.0483084	    0.0996677
  -0.0483660	    0.0990597
  -0.0484243	    0.0984493
  -0.0484851	    0.0978372
  -0.0485473	    0.0972227
  -0.0486108	    0.0966055
  -0.0486758	    0.0959854
  -0.0487428	    0.0953621
  -0.0457840	    0.1239607
  -0.0458272	    0.1233889
  -0.0458703	    0.1228167
  -0.0459137	    0.1222441
  -0.0459573	    0.1216711
  -0.0460010	    0.1210977
  -0.0460444	    0.1205239
  -0.0460879	    0.1199497
  -0.0461312	    0.1193749
  -0.0461749	    0.1187997
  -0.0462189	    0.1182242
  -0.0462626	    0.1176480
  -0.0463064	    0.1170714
  -0.0463502	    0.1164944
  -0.0463939	    0.1159168
  -0.0464382	    0.1153387
  -0.0464827	    0.1147601
  -0.0465271	    0.1141809
  -0.0465714	    0.1136011
  -0.0466158	    0.1130208
  -0.0466605	    0.1124399
  -0.0467057	    0.1118583
  -0.0467512	    0.1112762
  -0.0467965	    0.1106934
  -0.0468420	    0.1101099
  -0.0468877	    0.1095258
  -0.0469337	    0.1089409
  -0.0469802	    0.1083552
  -0.0470267	    0.1077687
  -0.0470736	    0.1071815
  -0.0471207	    0.1065934
  -0.0471681	    0.1060045
  -0.0472164	    0.1054147
  -0.0472649	    0.1048238
  -0.0473138	    0.1042320
  -0.0473631	    0.1036391
  -0.0474129	    0.1030452
  -0.0474630	    0.1024500
  -0.0475143	    0.1018536
  -0.0475663	    0.1012559
  -0.0476188	    0.1006568
  -0.0476720	    0.1000562
  -0.0477259	    0.0994540
  -0.0477803	    0.0988500
  -0.0478366	    0.0982443
  -0.0478942	    0.0976367
  -0.0479528	    0.0970270
  -0.0480125	    0.0964148
  -0.0480736	    0.0958001
  -0.0481361	    0.0951827
  -0.0452512	    0.1236650
  -0.0452940	    0.1230943
  -0.0453366	    0.1225230
  -0.0453795	    0.1219514
  -0.0454225	    0.1213794
  -0.0454654	    0.1208071
  -0.0455081	    0.1202343
  -0.0455509	    0.1196612
  -0.0455939	    0.1190877
  -0.0456369	    0.1185136
  -0.0456801	    0.1179393
  -0.0457233	    0.1173644
  -0.0457659	    0.1167890
  -0.0458091	    0.1162134
  -0.0458524	    0.1156371
  -0.0458960	    0.1150604
  -0.0459397	    0.1144833
  -0.0459832	    0.1139056
  -0.0460265	    0.1133274
  -0.0460703	    0.1127488
  -0.0461144	    0.1121695
  -0.0461586	    0.1115896
  -0.0462028	    0.1110092
  -0.0462469	    0.1104281
  -0.0462914	    0.1098467
  -0.0463361	    0.1092645
  -0.0463814	    0.1086816
  -0.0464269	    0.1080982
  -0.0464719	    0.1075138
  -0.0465175	    0.1069289
  -0.0465633	    0.1063434
  -0.0466098	    0.1057570
  -0.0466568	    0.1051697
  -0.0467039	    0.1045816
  -0.0467511	    0.1039926
  -0.0467984	    0.1034026
  -0.0468462	    0.1028118
  -0.0468955	    0.1022200
  -0.0469450	    0.1016270
  -0.0469946	    0.1010327
  -0.0470449	    0.1004374
  -0.0470957	    0.0998409
  -0.0471472	    0.0992429
  -0.0472002	    0.0986435
  -0.0472537	    0.0980423
  -0.0473079	    0.0974396
  -0.0473631	    0.0968350
  -0.0474191	    0.0962284
  -0.0474766	    0.0956196
  -0.0475364	    0.0950086
  -0.0447196	    0.1233696
  -0.0447620	    0.1227997
  -0.0448040	    0.1222294
  -0.0448462	    0.1216588
  -0.0448885	    0.1210879
  -0.0449307	    0.1205166
  -0.0449728	    0.1199449
  -0.0450155	    0.1193730
  -0.0450579	    0.1188006
  -0.0451002	    0.1182278
  -0.0451425	    0.1176546
  -0.0451850	    0.1170811
  -0.0452274	    0.1165071
  -0.0452700	    0.1159327
  -0.0453127	    0.1153578
  -0.0453553	    0.1147825
  -0.0453981	    0.1142069
  -0.0454408	    0.1136308
  -0.0454836	    0.1130542
  -0.0455265	    0.1124769
  -0.0455697	    0.1118994
  -0.0456130	    0.1113213
  -0.0456562	    0.1107427
  -0.0456995	    0.1101636
  -0.0457432	    0.1095840
  -0.0457871	    0.1090038
  -0.0458312	    0.1084230
  -0.0458754	    0.1078417
  -0.0459195	    0.1072597
  -0.0459637	    0.1066772
  -0.0460089	    0.1060941
  -0.0460541	    0.1055101
  -0.0460996	    0.1049256
  -0.0461453	    0.1043403
  -0.0461912	    0.1037543
  -0.0462371	    0.1031675
  -0.0462839	    0.1025798
  -0.0463313	    0.1019913
  -0.0463789	    0.1014018
  -0.0464265	    0.1008113
  -0.0464750	    0.1002200
  -0.0465234	    0.0996275
  -0.0465735	    0.0990339
  -0.0466241	    0.0984391
  -0.0466751	    0.0978429
  -0.0467263	    0.0972452
  -0.0467788	    0.0966463
  -0.0468320	    0.0960457
  -0.0468870	    0.0954433
  -0.0469429	    0.0948388
  -0.0441887	    0.1230740
  -0.0442306	    0.1225051
  -0.0442724	    0.1219359
  -0.0443139	    0.1213662
  -0.0443556	    0.1207964
  -0.0443972	    0.1202263
  -0.0444392	    0.1196557
  -0.0444812	    0.1190849
  -0.0445229	    0.1185136
  -0.0445647	    0.1179421
  -0.0446062	    0.1173701
  -0.0446479	    0.1167979
  -0.0446900	    0.1162252
  -0.0447319	    0.1156520
  -0.0447740	    0.1150786
  -0.0448159	    0.1145048
  -0.0448578	    0.1139307
  -0.0448999	    0.1133561
  -0.0449420	    0.1127809
  -0.0449841	    0.1122053
  -0.0450267	    0.1116296
  -0.0450691	    0.1110534
  -0.0451114	    0.1104766
  -0.0451539	    0.1098993
  -0.0451970	    0.1093216
  -0.0452401	    0.1087435
  -0.0452831	    0.1081649
  -0.0453262	    0.1075858
  -0.0453692	    0.1070062
  -0.0454128	    0.1064260
  -0.0454571	    0.1058453
  -0.0455008	    0.1052639
  -0.0455450	    0.1046821
  -0.0455894	    0.1040997
  -0.0456338	    0.1035168
  -0.0456795	    0.1029330
  -0.0457246	    0.1023485
  -0.0457705	    0.1017636
  -0.0458164	    0.1011778
  -0.0458624	    0.1005913
  -0.0459091	    0.1000040
  -0.0459566	    0.0994156
  -0.0460045	    0.0988265
  -0.0460528	    0.0982366
  -0.0461013	    0.0976455
  -0.0461501	    0.0970534
  -0.0462006	    0.0964601
  -0.0462517	    0.0958655
  -0.0463035	    0.0952697
  -0.0463560	    0.0946724
  -0.0436592	    0.1227786
  -0.0437006	    0.1222107
  -0.0437417	    0.1216425
  -0.0437827	    0.1210739
  -0.0438241	    0.1205052
  -0.0438654	    0.1199360
  -0.0439067	    0.1193666
  -0.0439480	    0.1187968
  -0.0439890	    0.1182268
  -0.0440300	    0.1176563
  -0.0440716	    0.1170859
  -0.0441127	    0.1165147
  -0.0441539	    0.1159433
  -0.0441952	    0.1153716
  -0.0442365	    0.1147995
  -0.0442781	    0.1142274
  -0.0443194	    0.1136547
  -0.0443610	    0.1130816
  -0.0444024	    0.1125080
  -0.0444439	    0.1119342
  -0.0444856	    0.1113601
  -0.0445269	    0.1107856
  -0.0445689	    0.1102108
  -0.0446109	    0.1096354
  -0.0446529	    0.1090596
  -0.0446951	    0.1084835
  -0.0447373	    0.1079072
  -0.0447793	    0.1073304
  -0.0448219	    0.1067530
  -0.0448647	    0.1061752
  -0.0449078	    0.1055970
  -0.0449505	    0.1050183
  -0.0449933	    0.1044393
  -0.0450366	    0.1038599
  -0.0450808	    0.1032799
  -0.0451249	    0.1026993
  -0.0451687	    0.1021181
  -0.0452133	    0.1015367
  -0.0452574	    0.1009547
  -0.0453022	    0.1003721
  -0.0453481	    0.0997888
  -0.0453939	    0.0992048
  -0.0454402	    0.0986203
  -0.0454865	    0.0980354
  -0.0455327	    0.0974497
  -0.0455800	    0.0968631
  -0.0456288	    0.0962756
  -0.0456775	    0.0956871
  -0.0457267	    0.0950983
  -0.0457762	    0.0945084
  -0.0431306	    0.1224832
  -0.0431714	    0.1219162
  -0.0432122	    0.1213491
  -0.0432528	    0.1207816
  -0.0432935	    0.1202137
  -0.0433345	    0.1196457
  -0.0433751	    0.1190774
  -0.0434160	    0.1185089
  -0.0434567	    0.1179401
  -0.0434974	    0.1173709
  -0.0435381	    0.1168013
  -0.0435788	    0.1162316
  -0.0436194	    0.1156615
  -0.0436601	    0.1150913
  -0.0437008	    0.1145207
  -0.0437417	    0.1139498
  -0.0437828	    0.1133786
  -0.0438235	    0.1128070
  -0.0438643	    0.1122352
  -0.0439052	    0.1116631
  -0.0439460	    0.1110907
  -0.0439871	    0.1105179
  -0.0440283	    0.1099448
  -0.0440696	    0.1093715
  -0.0441109	    0.1087978
  -0.0441523	    0.1082239
  -0.0441935	    0.1076496
  -0.0442352	    0.1070749
  -0.0442769	    0.1064998
  -0.0443188	    0.1059245
  -0.0443609	    0.1053490
  -0.0444030	    0.1047731
  -0.0444448	    0.1041967
  -0.0444876	    0.1036201
  -0.0445307	    0.1030432
  -0.0445735	    0.1024659
  -0.0446163	    0.1018882
  -0.0446593	    0.1013101
  -0.0447028	    0.1007319
  -0.0447470	    0.1001532
  -0.0447913	    0.0995742
  -0.0448357	    0.0989947
  -0.0448804	    0.0984149
  -0.0449248	    0.0978348
  -0.0449703	    0.0972544
  -0.0450166	    0.0966735
  -0.0450632	    0.0960921
  -0.0451099	    0.0955102
  -0.0451567	    0.0949280
  -0.0452037	    0.0943460
  -0.0426028	    0.1221877
  -0.0426430	    0.1216217
  -0.0426835	    0.1210556
  -0.0427240	    0.1204891
  -0.0427643	    0.1199224
  -0.0428047	    0.1193554
  -0.0428448	    0.1187882
  -0.0428852	    0.1182209
  -0.0429254	    0.1176532
  -0.0429657	    0.1170852
  -0.0430059	    0.1165169
  -0.0430463	    0.1159485
  -0.0430863	    0.1153798
  -0.0431266	    0.1148110
  -0.0431669	    0.1142418
  -0.0432071	    0.1136723
  -0.0432474	    0.1131025
  -0.0432875	    0.1125325
  -0.0433278	    0.1119624
  -0.0433680	    0.1113920
  -0.0434085	    0.1108212
  -0.0434491	    0.1102502
  -0.0434898	    0.1096790
  -0.0435303	    0.1091076
  -0.0435710	    0.1085360
  -0.0436115	    0.1079642
  -0.0436525	    0.1073919
  -0.0436934	    0.1068193
  -0.0437344	    0.1062467
  -0.0437753	    0.1056739
  -0.0438165	    0.1051010
  -0.0438580	    0.1045278
  -0.0438997	    0.1039541
  -0.0439413	    0.1033802
  -0.0439835	    0.1028065
  -0.0440255	    0.1022325
  -0.0440673	    0.1016583
  -0.0441095	    0.1010838
  -0.0441524	    0.1005089
  -0.0441957	    0.0999343
  -0.0442389	    0.0993596
  -0.0442820	    0.0987847
  -0.0443252	    0.0982098
  -0.0443694	    0.0976345
  -0.0444140	    0.0970590
  -0.0444588	    0.0964839
  -0.0445038	    0.0959087
  -0.0445488	    0.0953337
  -0.0445939	    0.0947587
  -0.0446408	    0.0941831
  -0.0420760	    0.1218922
  -0.0421161	    0.1213272
  -0.0421563	    0.1207620
  -0.0421962	    0.1201965
  -0.0422361	    0.1196309
  -0.0422760	    0.1190651
  -0.0423158	    0.1184990
  -0.0423558	    0.1179328
  -0.0423958	    0.1173663
  -0.0424354	    0.1167995
  -0.0424751	    0.1162325
  -0.0425148	    0.1156653
  -0.0425543	    0.1150979
  -0.0425941	    0.1145304
  -0.0426343	    0.1139627
  -0.0426741	    0.1133946
  -0.0427137	    0.1128263
  -0.0427535	    0.1122580
  -0.0427933	    0.1116895
  -0.0428334	    0.1111207
  -0.0428733	    0.1105517
  -0.0429132	    0.1099824
  -0.0429532	    0.1094131
  -0.0429929	    0.1088435
  -0.0430328	    0.1082740
  -0.0430732	    0.1077040
  -0.0431135	    0.1071340
  -0.0431540	    0.1065638
  -0.0431944	    0.1059935
  -0.0432345	    0.1054231
  -0.0432750	    0.1048527
  -0.0433161	    0.1042820
  -0.0433572	    0.1037112
  -0.0433982	    0.1031403
  -0.0434395	    0.1025695
  -0.0434807	    0.1019990
  -0.0435222	    0.1014281
  -0.0435640	    0.1008570
  -0.0436061	    0.1002860
  -0.0436483	    0.0997150
  -0.0436906	    0.0991446
  -0.0437327	    0.0985744
  -0.0437759	    0.0980040
  -0.0438196	    0.0974335
  -0.0438630	    0.0968632
  -0.0439068	    0.0962937
  -0.0439506	    0.0957249
  -0.0439944	    0.0951566
  -0.0440401	    0.0945880
  -0.0440860	    0.0940199
  -0.0415504	    0.1215965
  -0.0415901	    0.1210325
  -0.0416302	    0.1204683
  -0.0416695	    0.1199039
  -0.0417090	    0.1193393
  -0.0417484	    0.1187746
  -0.0417878	    0.1182096
  -0.0418276	    0.1176445
  -0.0418670	    0.1170791
  -0.0419064	    0.1165136
  -0.0419456	    0.1159479
  -0.0419849	    0.1153821
  -0.0420244	    0.1148160
  -0.0420638	    0.1142497
  -0.0421033	    0.1136834
  -0.0421426	    0.1131169
  -0.0421817	    0.1125501
  -0.0422208	    0.1119833
  -0.0422606	    0.1114162
  -0.0423002	    0.1108491
  -0.0423396	    0.1102818
  -0.0423789	    0.1097144
  -0.0424183	    0.1091469
  -0.0424578	    0.1085794
  -0.0424975	    0.1080115
  -0.0425374	    0.1074437
  -0.0425771	    0.1068758
  -0.0426169	    0.1063080
  -0.0426569	    0.1057401
  -0.0426968	    0.1051721
  -0.0427367	    0.1046039
  -0.0427772	    0.1040359
  -0.0428177	    0.1034680
  -0.0428583	    0.1029001
  -0.0428988	    0.1023324
  -0.0429393	    0.1017645
  -0.0429809	    0.1011970
  -0.0430222	    0.1006295
  -0.0430635	    0.1000623
  -0.0431049	    0.0994954
  -0.0431462	    0.0989288
  -0.0431891	    0.0983628
  -0.0432319	    0.0977969
  -0.0432747	    0.0972315
  -0.0433175	    0.0966667
  -0.0433605	    0.0961026
  -0.0434037	    0.0955398
  -0.0434486	    0.0949771
  -0.0434936	    0.0944154
  -0.0435388	    0.0938549
  -0.0410263	    0.1213008
  -0.0410655	    0.1207377
  -0.0411048	    0.1201745
  -0.0411441	    0.1196111
  -0.0411832	    0.1190476
  -0.0412223	    0.1184839
  -0.0412614	    0.1179200
  -0.0413006	    0.1173560
  -0.0413395	    0.1167917
  -0.0413787	    0.1162275
  -0.0414174	    0.1156631
  -0.0414566	    0.1150985
  -0.0414957	    0.1145337
  -0.0415346	    0.1139687
  -0.0415737	    0.1134038
  -0.0416125	    0.1128388
  -0.0416512	    0.1122736
  -0.0416903	    0.1117082
  -0.0417296	    0.1111428
  -0.0417687	    0.1105772
  -0.0418075	    0.1100116
  -0.0418463	    0.1094460
  -0.0418851	    0.1088804
  -0.0419246	    0.1083146
  -0.0419642	    0.1077487
  -0.0420036	    0.1071829
  -0.0420429	    0.1066173
  -0.0420821	    0.1060517
  -0.0421217	    0.1054861
  -0.0421616	    0.1049203
  -0.0422010	    0.1043544
  -0.0422411	    0.1037891
  -0.0422811	    0.1032241
  -0.0423211	    0.1026592
  -0.0423614	    0.1020942
  -0.0424020	    0.1015293
  -0.0424430	    0.1009649
  -0.0424839	    0.1004011
  -0.0425248	    0.0998377
  -0.0425658	    0.0992749
  -0.0426075	    0.0987119
  -0.0426499	    0.0981496
  -0.0426924	    0.0975884
  -0.0427349	    0.0970280
  -0.0427775	    0.0964686
  -0.0428203	    0.0959101
  -0.0428645	    0.0953517
  -0.0429092	    0.0947951
  -0.0429541	    0.0942403
  -0.0429993	    0.0936872
  -0.0405027	    0.1210047
  -0.0405417	    0.1204427
  -0.0405806	    0.1198804
  -0.0406195	    0.1193181
  -0.0406586	    0.1187556
  -0.0406972	    0.1181929
  -0.0407361	    0.1176301
  -0.0407749	    0.1170673
  -0.0408135	    0.1165043
  -0.0408520	    0.1159412
  -0.0408906	    0.1153779
  -0.0409297	    0.1148146
  -0.0409683	    0.1142511
  -0.0410067	    0.1136875
  -0.0410453	    0.1131240
  -0.0410837	    0.1125603
  -0.0411228	    0.1119966
  -0.0411614	    0.1114327
  -0.0412001	    0.1108688
  -0.0412388	    0.1103050
  -0.0412773	    0.1097411
  -0.0413161	    0.1091773
  -0.0413549	    0.1086132
  -0.0413938	    0.1080493
  -0.0414328	    0.1074855
  -0.0414717	    0.1069217
  -0.0415106	    0.1063581
  -0.0415500	    0.1057947
  -0.0415893	    0.1052311
  -0.0416287	    0.1046677
  -0.0416681	    0.1041045
  -0.0417076	    0.1035416
  -0.0417472	    0.1029793
  -0.0417875	    0.1024171
  -0.0418279	    0.1018550
  -0.0418681	    0.1012932
  -0.0419084	    0.1007319
  -0.0419492	    0.1001715
  -0.0419900	    0.0996119
  -0.0420317	    0.0990523
  -0.0420735	    0.0984933
  -0.0421155	    0.0979351
  -0.0421576	    0.0973780
  -0.0422000	    0.0968225
  -0.0422429	    0.0962681
  -0.0422870	    0.0957141
  -0.0423314	    0.0951614
  -0.0423761	    0.0946103
  -0.0424213	    0.0940619
  -0.0424669	    0.0935159
  -0.0399802	    0.1207085
  -0.0400191	    0.1201474
  -0.0400576	    0.1195863
  -0.0400962	    0.1190248
  -0.0401348	    0.1184633
  -0.0401732	    0.1179016
  -0.0402119	    0.1173400
  -0.0402504	    0.1167783
  -0.0402888	    0.1162166
  -0.0403272	    0.1156545
  -0.0403653	    0.1150923
  -0.0404041	    0.1145303
  -0.0404423	    0.1139682
  -0.0404805	    0.1134060
  -0.0405188	    0.1128439
  -0.0405572	    0.1122814
  -0.0405956	    0.1117190
  -0.0406340	    0.1111567
  -0.0406722	    0.1105945
  -0.0407106	    0.1100323
  -0.0407492	    0.1094700
  -0.0407878	    0.1089076
  -0.0408261	    0.1083454
  -0.0408649	    0.1077834
  -0.0409036	    0.1072216
  -0.0409422	    0.1066599
  -0.0409809	    0.1060981
  -0.0410203	    0.1055366
  -0.0410593	    0.1049753
  -0.0410985	    0.1044143
  -0.0411378	    0.1038537
  -0.0411770	    0.1032934
  -0.0412166	    0.1027331
  -0.0412569	    0.1021735
  -0.0412972	    0.1016144
  -0.0413373	    0.1010558
  -0.0413774	    0.1004977
  -0.0414180	    0.0999405
  -0.0414594	    0.0993836
  -0.0415012	    0.0988277
  -0.0415432	    0.0982727
  -0.0415854	    0.0977187
  -0.0416276	    0.0971659
  -0.0416703	    0.0966143
  -0.0417145	    0.0960639
  -0.0417590	    0.0955150
  -0.0418039	    0.0949678
  -0.0418493	    0.0944227
  -0.0418950	    0.0938797
  -0.0419424	    0.0933393
  -0.0394590	    0.1204121
  -0.0394974	    0.1198520
  -0.0395355	    0.1192916
  -0.0395739	    0.1187311
  -0.0396122	    0.1181707
  -0.0396504	    0.1176101
  -0.0396889	    0.1170496
  -0.0397268	    0.1164890
  -0.0397652	    0.1159283
  -0.0398035	    0.1153674
  -0.0398416	    0.1148065
  -0.0398798	    0.1142457
  -0.0399176	    0.1136848
  -0.0399557	    0.1131240
  -0.0399940	    0.1125631
  -0.0400321	    0.1120021
  -0.0400700	    0.1114411
  -0.0401082	    0.1108802
  -0.0401461	    0.1103196
  -0.0401844	    0.1097589
  -0.0402228	    0.1091982
  -0.0402611	    0.1086375
  -0.0402992	    0.1080769
  -0.0403378	    0.1075168
  -0.0403762	    0.1069569
  -0.0404148	    0.1063970
  -0.0404537	    0.1058372
  -0.0404929	    0.1052777
  -0.0405316	    0.1047185
  -0.0405707	    0.1041600
  -0.0406098	    0.1036018
  -0.0406495	    0.1030437
  -0.0406893	    0.1024859
  -0.0407291	    0.1019286
  -0.0407693	    0.1013724
  -0.0408094	    0.1008168
  -0.0408497	    0.1002619
  -0.0408911	    0.0997072
  -0.0409327	    0.0991534
  -0.0409745	    0.0986009
  -0.0410167	    0.0980498
  -0.0410592	    0.0974999
  -0.0411022	    0.0969510
  -0.0411463	    0.0964028
  -0.0411908	    0.0958564
  -0.0412360	    0.0953124
  -0.0412818	    0.0947704
  -0.0413282	    0.0942308
  -0.0413760	    0.0936928
  -0.0414251	    0.0931566
  -0.0389385	    0.1201153
  -0.0389766	    0.1195559
  -0.0390145	    0.1189965
  -0.0390528	    0.1184371
  -0.0390909	    0.1178778
  -0.0391289	    0.1173183
  -0.0391667	    0.1167587
  -0.0392047	    0.1161990
  -0.0392430	    0.1156395
  -0.0392809	    0.1150799
  -0.0393189	    0.1145202
  -0.0393568	    0.1139606
  -0.0393944	    0.1134010
  -0.0394322	    0.1128412
  -0.0394702	    0.1122816
  -0.0395082	    0.1117221
  -0.0395461	    0.1111626
  -0.0395840	    0.1106032
  -0.0396217	    0.1100439
  -0.0396599	    0.1094846
  -0.0396981	    0.1089255
  -0.0397363	    0.1083666
  -0.0397744	    0.1078079
  -0.0398125	    0.1072494
  -0.0398511	    0.1066911
  -0.0398898	    0.1061331
  -0.0399286	    0.1055753
  -0.0399675	    0.1050179
  -0.0400062	    0.1044608
  -0.0400453	    0.1039044
  -0.0400847	    0.1033481
  -0.0401245	    0.1027923
  -0.0401643	    0.1022371
  -0.0402042	    0.1016825
  -0.0402441	    0.1011287
  -0.0402848	    0.1005760
  -0.0403261	    0.1000235
  -0.0403677	    0.0994720
  -0.0404095	    0.0989215
  -0.0404515	    0.0983720
  -0.0404941	    0.0978243
  -0.0405374	    0.0972778
  -0.0405818	    0.0967322
  -0.0406265	    0.0961881
  -0.0406718	    0.0956458
  -0.0407179	    0.0951059
  -0.0407649	    0.0945688
  -0.0408134	    0.0940333
  -0.0408633	    0.0934997
  -0.0409142	    0.0929691
  -0.0384190	    0.1198180
  -0.0384571	    0.1192597
  -0.0384949	    0.1187012
  -0.0385328	    0.1181428
  -0.0385709	    0.1175845
  -0.0386084	    0.1170261
  -0.0386461	    0.1164674
  -0.0386840	    0.1159088
  -0.0387221	    0.1153504
  -0.0387595	    0.1147918
  -0.0387970	    0.1142334
  -0.0388349	    0.1136750
  -0.0388729	    0.1131165
  -0.0389103	    0.1125579
  -0.0389480	    0.1119996
  -0.0389859	    0.1114415
  -0.0390236	    0.1108835
  -0.0390615	    0.1103255
  -0.0390995	    0.1097675
  -0.0391374	    0.1092097
  -0.0391754	    0.1086522
  -0.0392135	    0.1080950
  -0.0392516	    0.1075381
  -0.0392897	    0.1069810
  -0.0393280	    0.1064242
  -0.0393668	    0.1058681
  -0.0394055	    0.1053123
  -0.0394442	    0.1047569
  -0.0394828	    0.1042019
  -0.0395224	    0.1036471
  -0.0395622	    0.1030930
  -0.0396019	    0.1025395
  -0.0396418	    0.1019867
  -0.0396820	    0.1014348
  -0.0397224	    0.1008835
  -0.0397634	    0.1003325
  -0.0398054	    0.0997830
  -0.0398474	    0.0992344
  -0.0398896	    0.0986870
  -0.0399322	    0.0981409
  -0.0399755	    0.0975957
  -0.0400200	    0.0970520
  -0.0400651	    0.0965100
  -0.0401109	    0.0959698
  -0.0401573	    0.0954316
  -0.0402045	    0.0948956
  -0.0402534	    0.0943614
  -0.0403039	    0.0938298
  -0.0403556	    0.0933010
  -0.0404086	    0.0927754
  -0.0379007	    0.1195204
  -0.0379385	    0.1189630
  -0.0379762	    0.1184056
  -0.0380138	    0.1178481
  -0.0380517	    0.1172908
  -0.0380893	    0.1167332
  -0.0381269	    0.1161756
  -0.0381646	    0.1156182
  -0.0382023	    0.1150608
  -0.0382396	    0.1145033
  -0.0382772	    0.1139461
  -0.0383149	    0.1133887
  -0.0383524	    0.1128314
  -0.0383898	    0.1122741
  -0.0384275	    0.1117171
  -0.0384651	    0.1111604
  -0.0385029	    0.1106036
  -0.0385407	    0.1100469
  -0.0385786	    0.1094903
  -0.0386163	    0.1089339
  -0.0386542	    0.1083780
  -0.0386921	    0.1078224
  -0.0387304	    0.1072668
  -0.0387688	    0.1067115
  -0.0388071	    0.1061564
  -0.0388457	    0.1056019
  -0.0388845	    0.1050480
  -0.0389232	    0.1044946
  -0.0389625	    0.1039412
  -0.0390021	    0.1033885
  -0.0390420	    0.1028364
  -0.0390817	    0.1022850
  -0.0391217	    0.1017346
  -0.0391623	    0.1011849
  -0.0392036	    0.1006356
  -0.0392451	    0.1000872
  -0.0392873	    0.0995400
  -0.0393299	    0.0989944
  -0.0393727	    0.0984500
  -0.0394163	    0.0979064
  -0.0394608	    0.0973639
  -0.0395060	    0.0968229
  -0.0395521	    0.0962843
  -0.0395990	    0.0957477
  -0.0396468	    0.0952132
  -0.0396961	    0.0946800
  -0.0397467	    0.0941489
  -0.0397987	    0.0936209
  -0.0398525	    0.0930963
  -0.0399079	    0.0925752
  -0.0373833	    0.1192224
  -0.0374208	    0.1186659
  -0.0374585	    0.1181095
  -0.0374960	    0.1175530
  -0.0375337	    0.1169964
  -0.0375710	    0.1164398
  -0.0376087	    0.1158834
  -0.0376461	    0.1153270
  -0.0376834	    0.1147706
  -0.0377208	    0.1142142
  -0.0377585	    0.1136579
  -0.0377959	    0.1131017
  -0.0378332	    0.1125456
  -0.0378706	    0.1119897
  -0.0379083	    0.1114340
  -0.0379456	    0.1108782
  -0.0379833	    0.1103225
  -0.0380211	    0.1097673
  -0.0380589	    0.1092122
  -0.0380966	    0.1086574
  -0.0381347	    0.1081030
  -0.0381727	    0.1075484
  -0.0382109	    0.1069944
  -0.0382494	    0.1064407
  -0.0382879	    0.1058875
  -0.0383265	    0.1053347
  -0.0383654	    0.1047825
  -0.0384047	    0.1042305
  -0.0384442	    0.1036791
  -0.0384838	    0.1031283
  -0.0385237	    0.1025782
  -0.0385636	    0.1020289
  -0.0386044	    0.1014805
  -0.0386457	    0.1009326
  -0.0386874	    0.1003856
  -0.0387294	    0.0998397
  -0.0387718	    0.0992949
  -0.0388152	    0.0987518
  -0.0388590	    0.0982095
  -0.0389038	    0.0976684
  -0.0389493	    0.0971288
  -0.0389955	    0.0965908
  -0.0390424	    0.0960547
  -0.0390907	    0.0955214
  -0.0391406	    0.0949892
  -0.0391917	    0.0944591
  -0.0392441	    0.0939316
  -0.0392978	    0.0934067
  -0.0393536	    0.0928855
  -0.0394116	    0.0923682
  -0.0368670	    0.1189241
  -0.0369042	    0.1183684
  -0.0369417	    0.1178129
  -0.0369794	    0.1172572
  -0.0370168	    0.1167016
  -0.0370541	    0.1161460
  -0.0370915	    0.1155906
  -0.0371285	    0.1150351
  -0.0371659	    0.1144797
  -0.0372035	    0.1139244
  -0.0372407	    0.1133691
  -0.0372781	    0.1128141
  -0.0373153	    0.1122592
  -0.0373524	    0.1117044
  -0.0373900	    0.1111498
  -0.0374278	    0.1105952
  -0.0374655	    0.1100408
  -0.0375030	    0.1094869
  -0.0375407	    0.1089332
  -0.0375785	    0.1083798
  -0.0376168	    0.1078265
  -0.0376550	    0.1072734
  -0.0376933	    0.1067209
  -0.0377317	    0.1061688
  -0.0377704	    0.1056173
  -0.0378090	    0.1050661
  -0.0378482	    0.1045151
  -0.0378877	    0.1039647
  -0.0379276	    0.1034153
  -0.0379674	    0.1028664
  -0.0380075	    0.1023183
  -0.0380482	    0.1017709
  -0.0380894	    0.1012238
  -0.0381313	    0.1006781
  -0.0381736	    0.1001334
  -0.0382162	    0.0995899
  -0.0382594	    0.0990475
  -0.0383034	    0.0985059
  -0.0383483	    0.0979656
  -0.0383941	    0.0974271
  -0.0384406	    0.0968902
  -0.0384880	    0.0963551
  -0.0385363	    0.0958219
  -0.0385861	    0.0952897
  -0.0386377	    0.0947602
  -0.0386906	    0.0942332
  -0.0387449	    0.0937088
  -0.0388009	    0.0931872
  -0.0388587	    0.0926686
  -0.0389196	    0.0921522
  -0.0363515	    0.1186252
  -0.0363888	    0.1180705
  -0.0364261	    0.1175156
  -0.0364636	    0.1169609
  -0.0365009	    0.1164063
  -0.0365380	    0.1158516
  -0.0365752	    0.1152971
  -0.0366126	    0.1147428
  -0.0366500	    0.1141883
  -0.0366871	    0.1136340
  -0.0367242	    0.1130797
  -0.0367614	    0.1125257
  -0.0367989	    0.1119721
  -0.0368363	    0.1114183
  -0.0368738	    0.1108648
  -0.0369114	    0.1103114
  -0.0369490	    0.1097584
  -0.0369866	    0.1092056
  -0.0370243	    0.1086533
  -0.0370624	    0.1081009
  -0.0371005	    0.1075490
  -0.0371389	    0.1069974
  -0.0371774	    0.1064463
  -0.0372158	    0.1058957
  -0.0372548	    0.1053457
  -0.0372941	    0.1047958
  -0.0373333	    0.1042464
  -0.0373727	    0.1036976
  -0.0374127	    0.1031497
  -0.0374532	    0.1026029
  -0.0374940	    0.1020564
  -0.0375352	    0.1015104
  -0.0375768	    0.1009654
  -0.0376190	    0.1004214
  -0.0376621	    0.0998788
  -0.0377053	    0.0993374
  -0.0377495	    0.0987967
  -0.0377946	    0.0982571
  -0.0378403	    0.0977189
  -0.0378870	    0.0971825
  -0.0379347	    0.0966481
  -0.0379833	    0.0961155
  -0.0380335	    0.0955838
  -0.0380849	    0.0950540
  -0.0381376	    0.0945266
  -0.0381924	    0.0940022
  -0.0382488	    0.0934805
  -0.0383072	    0.0929615
  -0.0383680	    0.0924440
  -0.0384310	    0.0919297
  -0.0358368	    0.1183258
  -0.0358739	    0.1177717
  -0.0359112	    0.1172178
  -0.0359488	    0.1166641
  -0.0359858	    0.1161103
  -0.0360227	    0.1155566
  -0.0360599	    0.1150030
  -0.0360975	    0.1144494
  -0.0361348	    0.1138961
  -0.0361719	    0.1133428
  -0.0362090	    0.1127897
  -0.0362461	    0.1122368
  -0.0362834	    0.1116838
  -0.0363212	    0.1111312
  -0.0363588	    0.1105789
  -0.0363962	    0.1100267
  -0.0364337	    0.1094749
  -0.0364715	    0.1089234
  -0.0365094	    0.1083719
  -0.0365474	    0.1078209
  -0.0365857	    0.1072703
  -0.0366243	    0.1067202
  -0.0366629	    0.1061705
  -0.0367013	    0.1056210
  -0.0367406	    0.1050721
  -0.0367802	    0.1045238
  -0.0368200	    0.1039761
  -0.0368598	    0.1034290
  -0.0369001	    0.1028828
  -0.0369410	    0.1023371
  -0.0369825	    0.1017921
  -0.0370241	    0.1012479
  -0.0370663	    0.1007048
  -0.0371091	    0.1001627
  -0.0371523	    0.0996216
  -0.0371971	    0.0990818
  -0.0372422	    0.0985429
  -0.0372881	    0.0980053
  -0.0373348	    0.0974692
  -0.0373824	    0.0969347
  -0.0374311	    0.0964023
  -0.0374816	    0.0958708
  -0.0375333	    0.0953413
  -0.0375863	    0.0948139
  -0.0376407	    0.0942887
  -0.0376968	    0.0937661
  -0.0377555	    0.0932464
  -0.0378165	    0.0927282
  -0.0378798	    0.0922131
  -0.0379455	    0.0917010
  -0.0353232	    0.1180258
  -0.0353603	    0.1174726
  -0.0353975	    0.1169195
  -0.0354349	    0.1163667
  -0.0354718	    0.1158138
  -0.0355089	    0.1152609
  -0.0355461	    0.1147082
  -0.0355833	    0.1141555
  -0.0356206	    0.1136031
  -0.0356576	    0.1130508
  -0.0356948	    0.1124988
  -0.0357321	    0.1119467
  -0.0357695	    0.1113948
  -0.0358073	    0.1108434
  -0.0358449	    0.1102921
  -0.0358821	    0.1097411
  -0.0359198	    0.1091904
  -0.0359579	    0.1086398
  -0.0359957	    0.1080895
  -0.0360339	    0.1075397
  -0.0360725	    0.1069905
  -0.0361111	    0.1064417
  -0.0361500	    0.1058932
  -0.0361891	    0.1053449
  -0.0362285	    0.1047973
  -0.0362681	    0.1042504
  -0.0363082	    0.1037042
  -0.0363485	    0.1031588
  -0.0363893	    0.1026137
  -0.0364308	    0.1020692
  -0.0364726	    0.1015257
  -0.0365148	    0.1009832
  -0.0365578	    0.1004419
  -0.0366014	    0.0999016
  -0.0366456	    0.0993618
  -0.0366907	    0.0988231
  -0.0367368	    0.0982860
  -0.0367836	    0.0977504
  -0.0368314	    0.0972163
  -0.0368802	    0.0966837
  -0.0369304	    0.0961519
  -0.0369821	    0.0956222
  -0.0370353	    0.0950947
  -0.0370899	    0.0945693
  -0.0371462	    0.0940461
  -0.0372043	    0.0935249
  -0.0372647	    0.0930054
  -0.0373280	    0.0924892
  -0.0373937	    0.0919758
  -0.0374621	    0.0914655
  -0.0348106	    0.1177253
  -0.0348476	    0.1171729
  -0.0348848	    0.1166207
  -0.0349219	    0.1160687
  -0.0349589	    0.1155165
  -0.0349962	    0.1149645
  -0.0350333	    0.1144127
  -0.0350703	    0.1138610
  -0.0351074	    0.1133095
  -0.0351444	    0.1127581
  -0.0351819	    0.1122069
  -0.0352192	    0.1116558
  -0.0352567	    0.1111050
  -0.0352945	    0.1105546
  -0.0353320	    0.1100044
  -0.0353693	    0.1094544
  -0.0354073	    0.1089046
  -0.0354455	    0.1083552
  -0.0354836	    0.1078061
  -0.0355221	    0.1072575
  -0.0355606	    0.1067094
  -0.0355994	    0.1061617
  -0.0356387	    0.1056143
  -0.0356782	    0.1050674
  -0.0357179	    0.1045211
  -0.0357577	    0.1039754
  -0.0357979	    0.1034306
  -0.0358388	    0.1028862
  -0.0358803	    0.1023425
  -0.0359223	    0.1017996
  -0.0359644	    0.1012574
  -0.0360072	    0.1007164
  -0.0360510	    0.1001767
  -0.0360955	    0.0996374
  -0.0361405	    0.0990991
  -0.0361864	    0.0985620
  -0.0362331	    0.0980263
  -0.0362811	    0.0974924
  -0.0363301	    0.0969598
  -0.0363804	    0.0964281
  -0.0364319	    0.0958981
  -0.0364846	    0.0953698
  -0.0365392	    0.0948438
  -0.0365955	    0.0943201
  -0.0366537	    0.0937982
  -0.0367140	    0.0932777
  -0.0367763	    0.0927596
  -0.0368412	    0.0922443
  -0.0369093	    0.0917323
  -0.0369804	    0.0912232
  -0.0342988	    0.1174242
  -0.0343357	    0.1168726
  -0.0343727	    0.1163212
  -0.0344099	    0.1157699
  -0.0344471	    0.1152185
  -0.0344844	    0.1146674
  -0.0345214	    0.1141165
  -0.0345583	    0.1135657
  -0.0345952	    0.1130151
  -0.0346325	    0.1124644
  -0.0346701	    0.1119141
  -0.0347075	    0.1113641
  -0.0347451	    0.1108144
  -0.0347828	    0.1102650
  -0.0348203	    0.1097156
  -0.0348578	    0.1091663
  -0.0348960	    0.1086177
  -0.0349344	    0.1080694
  -0.0349728	    0.1075216
  -0.0350114	    0.1069742
  -0.0350501	    0.1064269
  -0.0350891	    0.1058801
  -0.0351287	    0.1053339
  -0.0351685	    0.1047884
  -0.0352086	    0.1042434
  -0.0352488	    0.1036990
  -0.0352893	    0.1031549
  -0.0353308	    0.1026117
  -0.0353728	    0.1020694
  -0.0354152	    0.1015278
  -0.0354579	    0.1009871
  -0.0355015	    0.1004475
  -0.0355458	    0.0999084
  -0.0355911	    0.0993705
  -0.0356371	    0.0988337
  -0.0356839	    0.0982982
  -0.0357315	    0.0977640
  -0.0357802	    0.0972310
  -0.0358306	    0.0966993
  -0.0358822	    0.0961690
  -0.0359350	    0.0956405
  -0.0359892	    0.0951138
  -0.0360449	    0.0945888
  -0.0361029	    0.0940659
  -0.0361630	    0.0935445
  -0.0362252	    0.0930254
  -0.0362896	    0.0925086
  -0.0363565	    0.0919943
  -0.0364263	    0.0914828
  -0.0364999	    0.0909735
  -0.0337880	    0.1171225
  -0.0338250	    0.1165718
  -0.0338619	    0.1160210
  -0.0338990	    0.1154704
  -0.0339362	    0.1149200
  -0.0339734	    0.1143697
  -0.0340101	    0.1138195
  -0.0340474	    0.1132697
  -0.0340848	    0.1127198
  -0.0341220	    0.1121701
  -0.0341593	    0.1116206
  -0.0341971	    0.1110715
  -0.0342345	    0.1105228
  -0.0342722	    0.1099742
  -0.0343099	    0.1094257
  -0.0343476	    0.1088774
  -0.0343858	    0.1083297
  -0.0344242	    0.1077825
  -0.0344627	    0.1072357
  -0.0345016	    0.1066892
  -0.0345407	    0.1061429
  -0.0345801	    0.1055972
  -0.0346198	    0.1050520
  -0.0346601	    0.1045077
  -0.0347004	    0.1039640
  -0.0347412	    0.1034205
  -0.0347824	    0.1028775
  -0.0348241	    0.1023353
  -0.0348666	    0.1017943
  -0.0349097	    0.1012541
  -0.0349533	    0.1007148
  -0.0349976	    0.1001758
  -0.0350425	    0.0996378
  -0.0350883	    0.0991011
  -0.0351351	    0.0985657
  -0.0351828	    0.0980315
  -0.0352316	    0.0974984
  -0.0352816	    0.0969661
  -0.0353327	    0.0964354
  -0.0353855	    0.0959064
  -0.0354397	    0.0953792
  -0.0354953	    0.0948537
  -0.0355527	    0.0943295
  -0.0356119	    0.0938067
  -0.0356736	    0.0932863
  -0.0357377	    0.0927682
  -0.0358041	    0.0922523
  -0.0358731	    0.0917387
  -0.0359449	    0.0912267
  -0.0360202	    0.0907170
  -0.0332780	    0.1168203
  -0.0333148	    0.1162700
  -0.0333518	    0.1157201
  -0.0333890	    0.1151703
  -0.0334261	    0.1146207
  -0.0334631	    0.1140712
  -0.0335003	    0.1135219
  -0.0335376	    0.1129726
  -0.0335750	    0.1124236
  -0.0336122	    0.1118748
  -0.0336496	    0.1113262
  -0.0336873	    0.1107781
  -0.0337250	    0.1102301
  -0.0337629	    0.1096823
  -0.0338006	    0.1091347
  -0.0338385	    0.1085874
  -0.0338768	    0.1080407
  -0.0339153	    0.1074943
  -0.0339541	    0.1069483
  -0.0339934	    0.1064027
  -0.0340329	    0.1058576
  -0.0340725	    0.1053130
  -0.0341123	    0.1047688
  -0.0341527	    0.1042255
  -0.0341938	    0.1036825
  -0.0342350	    0.1031401
  -0.0342767	    0.1025983
  -0.0343189	    0.1020573
  -0.0343618	    0.1015173
  -0.0344054	    0.1009782
  -0.0344499	    0.1004395
  -0.0344949	    0.0999017
  -0.0345405	    0.0993649
  -0.0345870	    0.0988292
  -0.0346346	    0.0982949
  -0.0346833	    0.0977617
  -0.0347332	    0.0972293
  -0.0347843	    0.0966982
  -0.0348365	    0.0961685
  -0.0348901	    0.0956404
  -0.0349456	    0.0951142
  -0.0350028	    0.0945892
  -0.0350618	    0.0940655
  -0.0351226	    0.0935436
  -0.0351854	    0.0930236
  -0.0352512	    0.0925062
  -0.0353195	    0.0919908
  -0.0353906	    0.0914768
  -0.0354645	    0.0909647
  -0.0355415	    0.0904550
  -0.0327686	    0.1165172
  -0.0328055	    0.1159677
  -0.0328426	    0.1154185
  -0.0328798	    0.1148695
  -0.0329170	    0.1143207
  -0.0329541	    0.1137719
  -0.0329913	    0.1132232
  -0.0330286	    0.1126747
  -0.0330661	    0.1121266
  -0.0331033	    0.1115786
  -0.0331406	    0.1110309
  -0.0331782	    0.1104834
  -0.0332162	    0.1099361
  -0.0332544	    0.1093892
  -0.0332924	    0.1088426
  -0.0333306	    0.1082964
  -0.0333690	    0.1077506
  -0.0334077	    0.1072050
  -0.0334467	    0.1066597
  -0.0334864	    0.1061151
  -0.0335262	    0.1055710
  -0.0335660	    0.1050274
  -0.0336061	    0.1044843
  -0.0336469	    0.1039414
  -0.0336883	    0.1033994
  -0.0337301	    0.1028580
  -0.0337723	    0.1023173
  -0.0338151	    0.1017775
  -0.0338584	    0.1012383
  -0.0339023	    0.1006995
  -0.0339478	    0.1001620
  -0.0339934	    0.0996253
  -0.0340397	    0.0990896
  -0.0340871	    0.0985550
  -0.0341354	    0.0980213
  -0.0341851	    0.0974886
  -0.0342361	    0.0969572
  -0.0342881	    0.0964271
  -0.0343415	    0.0958984
  -0.0343963	    0.0953711
  -0.0344528	    0.0948450
  -0.0345114	    0.0943204
  -0.0345718	    0.0937974
  -0.0346342	    0.0932762
  -0.0346987	    0.0927569
  -0.0347654	    0.0922394
  -0.0348356	    0.0917234
  -0.0349085	    0.0912093
  -0.0349844	    0.0906973
  -0.0350635	    0.0901875
  -0.0322601	    0.1162134
  -0.0322972	    0.1156647
  -0.0323344	    0.1151163
  -0.0323713	    0.1145679
  -0.0324086	    0.1140198
  -0.0324458	    0.1134717
  -0.0324831	    0.1129238
  -0.0325205	    0.1123761
  -0.0325580	    0.1118287
  -0.0325954	    0.1112816
  -0.0326331	    0.1107346
  -0.0326709	    0.1101878
  -0.0327088	    0.1096413
  -0.0327467	    0.1090951
  -0.0327851	    0.1085495
  -0.0328237	    0.1080043
  -0.0328626	    0.1074591
  -0.0329015	    0.1069143
  -0.0329406	    0.1063699
  -0.0329802	    0.1058260
  -0.0330202	    0.1052829
  -0.0330604	    0.1047402
  -0.0331013	    0.1041978
  -0.0331426	    0.1036559
  -0.0331842	    0.1031146
  -0.0332264	    0.1025742
  -0.0332691	    0.1020345
  -0.0333123	    0.1014955
  -0.0333564	    0.1009569
  -0.0334010	    0.1004191
  -0.0334466	    0.0998823
  -0.0334930	    0.0993466
  -0.0335402	    0.0988119
  -0.0335884	    0.0982780
  -0.0336377	    0.0977448
  -0.0336881	    0.0972127
  -0.0337399	    0.0966821
  -0.0337930	    0.0961529
  -0.0338475	    0.0956250
  -0.0339036	    0.0950979
  -0.0339612	    0.0945720
  -0.0340208	    0.0940478
  -0.0340826	    0.0935255
  -0.0341464	    0.0930047
  -0.0342125	    0.0924857
  -0.0342810	    0.0919676
  -0.0343520	    0.0914512
  -0.0344266	    0.0909370
  -0.0345043	    0.0904248
  -0.0345853	    0.0899146
  -0.0317526	    0.1159091
  -0.0317897	    0.1153612
  -0.0318270	    0.1148134
  -0.0318642	    0.1142658
  -0.0319013	    0.1137180
  -0.0319385	    0.1131707
  -0.0319759	    0.1126236
  -0.0320132	    0.1120766
  -0.0320506	    0.1115299
  -0.0320882	    0.1109834
  -0.0321262	    0.1104372
  -0.0321643	    0.1098912
  -0.0322023	    0.1093455
  -0.0322403	    0.1088002
  -0.0322788	    0.1082553
  -0.0323177	    0.1077106
  -0.0323568	    0.1071662
  -0.0323961	    0.1066223
  -0.0324355	    0.1060788
  -0.0324750	    0.1055358
  -0.0325151	    0.1049933
  -0.0325561	    0.1044512
  -0.0325973	    0.1039096
  -0.0326390	    0.1033687
  -0.0326811	    0.1028284
  -0.0327237	    0.1022887
  -0.0327669	    0.1017498
  -0.0328107	    0.1012112
  -0.0328553	    0.1006735
  -0.0329007	    0.1001366
  -0.0329466	    0.0996006
  -0.0329936	    0.0990656
  -0.0330417	    0.0985315
  -0.0330908	    0.0979980
  -0.0331410	    0.0974657
  -0.0331923	    0.0969344
  -0.0332447	    0.0964042
  -0.0332987	    0.0958757
  -0.0333544	    0.0953478
  -0.0334117	    0.0948211
  -0.0334705	    0.0942958
  -0.0335311	    0.0937719
  -0.0335939	    0.0932497
  -0.0336592	    0.0927292
  -0.0337268	    0.0922094
  -0.0337967	    0.0916913
  -0.0338693	    0.0911748
  -0.0339447	    0.0906601
  -0.0340241	    0.0901474
  -0.0341069	    0.0896363
  -0.0312458	    0.1156041
  -0.0312829	    0.1150569
  -0.0313203	    0.1145097
  -0.0313575	    0.1139626
  -0.0313945	    0.1134155
  -0.0314320	    0.1128689
  -0.0314692	    0.1123225
  -0.0315066	    0.1117762
  -0.0315443	    0.1112302
  -0.0315822	    0.1106843
  -0.0316203	    0.1101388
  -0.0316584	    0.1095936
  -0.0316964	    0.1090487
  -0.0317349	    0.1085042
  -0.0317737	    0.1079598
  -0.0318125	    0.1074157
  -0.0318519	    0.1068721
  -0.0318914	    0.1063290
  -0.0319310	    0.1057863
  -0.0319710	    0.1052441
  -0.0320117	    0.1047021
  -0.0320530	    0.1041608
  -0.0320943	    0.1036200
  -0.0321362	    0.1030798
  -0.0321786	    0.1025403
  -0.0322217	    0.1020013
  -0.0322658	    0.1014628
  -0.0323100	    0.1009250
  -0.0323552	    0.1003881
  -0.0324012	    0.0998521
  -0.0324479	    0.0993169
  -0.0324955	    0.0987822
  -0.0325442	    0.0982484
  -0.0325941	    0.0977156
  -0.0326451	    0.0971839
  -0.0326972	    0.0966533
  -0.0327506	    0.0961238
  -0.0328054	    0.0955949
  -0.0328621	    0.0950674
  -0.0329204	    0.0945411
  -0.0329804	    0.0940162
  -0.0330422	    0.0934926
  -0.0331060	    0.0929703
  -0.0331723	    0.0924489
  -0.0332412	    0.0919291
  -0.0333126	    0.0914108
  -0.0333866	    0.0908941
  -0.0334635	    0.0903789
  -0.0335435	    0.0898651
  -0.0336276	    0.0893524
  -0.0307396	    0.1152984
  -0.0307769	    0.1147517
  -0.0308142	    0.1142051
  -0.0308515	    0.1136586
  -0.0308887	    0.1131123
  -0.0309261	    0.1125663
  -0.0309635	    0.1120205
  -0.0310012	    0.1114749
  -0.0310389	    0.1109294
  -0.0310769	    0.1103843
  -0.0311152	    0.1098395
  -0.0311531	    0.1092949
  -0.0311913	    0.1087507
  -0.0312303	    0.1082067
  -0.0312693	    0.1076630
  -0.0313083	    0.1071197
  -0.0313478	    0.1065768
  -0.0313875	    0.1060344
  -0.0314274	    0.1054925
  -0.0314680	    0.1049507
  -0.0315091	    0.1044096
  -0.0315506	    0.1038689
  -0.0315923	    0.1033288
  -0.0316347	    0.1027894
  -0.0316776	    0.1022504
  -0.0317212	    0.1017119
  -0.0317655	    0.1011741
  -0.0318103	    0.1006370
  -0.0318560	    0.1001008
  -0.0319025	    0.0995654
  -0.0319500	    0.0990305
  -0.0319983	    0.0984963
  -0.0320476	    0.0979630
  -0.0320981	    0.0974307
  -0.0321499	    0.0968996
  -0.0322029	    0.0963695
  -0.0322573	    0.0958399
  -0.0323130	    0.0953113
  -0.0323702	    0.0947839
  -0.0324296	    0.0942579
  -0.0324907	    0.0937332
  -0.0325537	    0.0932097
  -0.0326187	    0.0926867
  -0.0326858	    0.0921652
  -0.0327557	    0.0916451
  -0.0328283	    0.0911265
  -0.0329037	    0.0906093
  -0.0329820	    0.0900932
  -0.0330631	    0.0895779
  -0.0331477	    0.0890641
  -0.0302343	    0.1149919
  -0.0302715	    0.1144456
  -0.0303089	    0.1138997
  -0.0303463	    0.1133539
  -0.0303837	    0.1128083
  -0.0304212	    0.1122630
  -0.0304589	    0.1117177
  -0.0304965	    0.1111726
  -0.0305342	    0.1106278
  -0.0305723	    0.1100833
  -0.0306107	    0.1095392
  -0.0306490	    0.1089953
  -0.0306875	    0.1084515
  -0.0307265	    0.1079081
  -0.0307656	    0.1073651
  -0.0308051	    0.1068226
  -0.0308448	    0.1062804
  -0.0308843	    0.1057384
  -0.0309252	    0.1051971
  -0.0309659	    0.1046560
  -0.0310073	    0.1041155
  -0.0310492	    0.1035756
  -0.0310912	    0.1030362
  -0.0311340	    0.1024972
  -0.0311775	    0.1019587
  -0.0312215	    0.1014209
  -0.0312662	    0.1008837
  -0.0313116	    0.1003473
  -0.0313573	    0.0998114
  -0.0314047	    0.0992763
  -0.0314528	    0.0987418
  -0.0315019	    0.0982082
  -0.0315519	    0.0976755
  -0.0316029	    0.0971436
  -0.0316553	    0.0966128
  -0.0317092	    0.0960826
  -0.0317645	    0.0955532
  -0.0318211	    0.0950250
  -0.0318793	    0.0944978
  -0.0319391	    0.0939718
  -0.0320013	    0.0934470
  -0.0320653	    0.0929228
  -0.0321314	    0.0923998
  -0.0321997	    0.0918780
  -0.0322702	    0.0913575
  -0.0323438	    0.0908383
  -0.0324204	    0.0903202
  -0.0324997	    0.0898028
  -0.0325821	    0.0892866
         NaN	          NaN
  -0.0297296	    0.1146846
  -0.0297669	    0.1141390
  -0.0298044	    0.1135936
  -0.0298416	    0.1130484
  -0.0298791	    0.1125035
  -0.0299170	    0.1119586
  -0.0299549	    0.1114139
  -0.0299925	    0.1108694
  -0.0300302	    0.1103251
  -0.0300684	    0.1097813
  -0.0301068	    0.1092378
  -0.0301456	    0.1086944
  -0.0301845	    0.1081513
  -0.0302235	    0.1076085
  -0.0302628	    0.1070662
  -0.0303025	    0.1065243
  -0.0303425	    0.1059827
  -0.0303826	    0.1054412
  -0.0304234	    0.1049003
  -0.0304645	    0.1043599
  -0.0305062	    0.1038201
  -0.0305484	    0.1032808
  -0.0305910	    0.1027418
  -0.0306339	    0.1022031
  -0.0306779	    0.1016653
  -0.0307225	    0.1011281
  -0.0307676	    0.1005915
  -0.0308134	    0.1000556
  -0.0308600	    0.0995200
  -0.0309076	    0.0989851
  -0.0309563	    0.0984511
  -0.0310060	    0.0979180
  -0.0310567	    0.0973857
  -0.0311084	    0.0968542
  -0.0311615	    0.0963231
  -0.0312160	    0.0957930
  -0.0312721	    0.0952639
  -0.0313296	    0.0947359
  -0.0313886	    0.0942089
  -0.0314494	    0.0936827
  -0.0315120	    0.0931571
  -0.0315770	    0.0926328
  -0.0316441	    0.0921096
  -0.0317134	    0.0915875
  -0.0317851	    0.0910665
  -0.0318592	    0.0905463
  -0.0319365	    0.0900270
  -0.0320169	    0.0895087
  -0.0321003	    0.0889915
         NaN	          NaN
  -0.0292257	    0.1143767
  -0.0292632	    0.1138317
  -0.0293007	    0.1132869
  -0.0293377	    0.1127421
  -0.0293756	    0.1121976
  -0.0294135	    0.1116533
  -0.0294514	    0.1111092
  -0.0294893	    0.1105654
  -0.0295270	    0.1100216
  -0.0295654	    0.1094784
  -0.0296043	    0.1089353
  -0.0296430	    0.1083925
  -0.0296820	    0.1078499
  -0.0297213	    0.1073078
  -0.0297609	    0.1067661
  -0.0298008	    0.1062247
  -0.0298410	    0.1056835
  -0.0298815	    0.1051427
  -0.0299226	    0.1046024
  -0.0299641	    0.1040626
  -0.0300055	    0.1035231
  -0.0300481	    0.1029842
  -0.0300911	    0.1024456
  -0.0301346	    0.1019076
  -0.0301791	    0.1013702
  -0.0302240	    0.1008335
  -0.0302693	    0.1002973
  -0.0303158	    0.0997616
  -0.0303632	    0.0992265
  -0.0304113	    0.0986920
  -0.0304603	    0.0981583
  -0.0305106	    0.0976256
  -0.0305620	    0.0970936
  -0.0306145	    0.0965619
  -0.0306683	    0.0960311
  -0.0307233	    0.0955011
  -0.0307800	    0.0949721
  -0.0308383	    0.0944442
  -0.0308982	    0.0939170
  -0.0309599	    0.0933903
  -0.0310232	    0.0928646
  -0.0310887	    0.0923399
  -0.0311567	    0.0918163
  -0.0312269	    0.0912938
  -0.0312995	    0.0907719
  -0.0313745	    0.0902506
  -0.0314521	    0.0897304
  -0.0315332	    0.0892112
  -0.0316176	    0.0886929
         NaN	          NaN
  -0.0287225	    0.1140680
  -0.0287601	    0.1135236
  -0.0287975	    0.1129793
  -0.0288349	    0.1124350
  -0.0288727	    0.1118909
  -0.0289104	    0.1113471
  -0.0289486	    0.1108036
  -0.0289867	    0.1102604
  -0.0290247	    0.1097173
  -0.0290631	    0.1091743
  -0.0291020	    0.1086317
  -0.0291409	    0.1080895
  -0.0291800	    0.1075475
  -0.0292194	    0.1070059
  -0.0292594	    0.1064647
  -0.0292997	    0.1059237
  -0.0293402	    0.1053831
  -0.0293811	    0.1048429
  -0.0294225	    0.1043031
  -0.0294640	    0.1037638
  -0.0295058	    0.1032246
  -0.0295487	    0.1026860
  -0.0295920	    0.1021480
  -0.0296361	    0.1016105
  -0.0296809	    0.1010736
  -0.0297260	    0.1005372
  -0.0297723	    0.1000013
  -0.0298191	    0.0994658
  -0.0298669	    0.0989311
  -0.0299155	    0.0983970
  -0.0299651	    0.0978637
  -0.0300157	    0.0973310
  -0.0300678	    0.0967988
  -0.0301210	    0.0962674
  -0.0301754	    0.0957367
  -0.0302311	    0.0952069
  -0.0302882	    0.0946779
  -0.0303472	    0.0941497
  -0.0304079	    0.0936220
  -0.0304703	    0.0930952
  -0.0305345	    0.0925692
  -0.0306006	    0.0920442
  -0.0306691	    0.0915201
  -0.0307401	    0.0909966
  -0.0308134	    0.0904738
  -0.0308892	    0.0899518
  -0.0309677	    0.0894307
  -0.0310489	    0.0889104
  -0.0311339	    0.0883908
         NaN	          NaN
  -0.0282196	    0.1137586
  -0.0282572	    0.1132146
  -0.0282950	    0.1126707
  -0.0283326	    0.1121270
  -0.0283702	    0.1115834
  -0.0284079	    0.1110400
  -0.0284463	    0.1104972
  -0.0284847	    0.1099545
  -0.0285232	    0.1094118
  -0.0285617	    0.1088693
  -0.0286003	    0.1083271
  -0.0286394	    0.1077854
  -0.0286788	    0.1072441
  -0.0287187	    0.1067029
  -0.0287590	    0.1061621
  -0.0287992	    0.1056215
  -0.0288399	    0.1050814
  -0.0288810	    0.1045417
  -0.0289227	    0.1040025
  -0.0289648	    0.1034635
  -0.0290072	    0.1029247
  -0.0290502	    0.1023865
  -0.0290937	    0.1018489
  -0.0291380	    0.1013118
  -0.0291831	    0.1007754
  -0.0292289	    0.1002391
  -0.0292755	    0.0997034
  -0.0293227	    0.0991683
  -0.0293710	    0.0986339
  -0.0294202	    0.0981002
  -0.0294704	    0.0975670
  -0.0295216	    0.0970342
  -0.0295739	    0.0965020
  -0.0296277	    0.0959707
  -0.0296827	    0.0954402
  -0.0297391	    0.0949104
  -0.0297969	    0.0943811
  -0.0298562	    0.0938524
  -0.0299175	    0.0933245
  -0.0299806	    0.0927975
  -0.0300455	    0.0922712
  -0.0301125	    0.0917458
  -0.0301814	    0.0912207
  -0.0302527	    0.0906964
  -0.0303267	    0.0901728
  -0.0304033	    0.0896500
  -0.0304824	    0.0891278
  -0.0305644	    0.0886064
         NaN	          NaN
         NaN	          NaN
  -0.0277179	    0.1134485
  -0.0277555	    0.1129049
  -0.0277931	    0.1123614
  -0.0278307	    0.1118181
  -0.0278685	    0.1112751
  -0.0279064	    0.1107323
  -0.0279446	    0.1101897
  -0.0279833	    0.1096474
  -0.0280220	    0.1091052
  -0.0280607	    0.1085633
  -0.0280996	    0.1080217
  -0.0281390	    0.1074806
  -0.0281788	    0.1069396
  -0.0282186	    0.1063987
  -0.0282588	    0.1058583
  -0.0282994	    0.1053182
  -0.0283401	    0.1047785
  -0.0283815	    0.1042392
  -0.0284234	    0.1037002
  -0.0284659	    0.1031616
  -0.0285089	    0.1026234
  -0.0285523	    0.1020857
  -0.0285960	    0.1015484
  -0.0286406	    0.1010117
  -0.0286863	    0.1004753
  -0.0287324	    0.0999393
  -0.0287792	    0.0994039
  -0.0288269	    0.0988691
  -0.0288755	    0.0983349
  -0.0289253	    0.0978013
  -0.0289760	    0.0972680
  -0.0290277	    0.0967353
  -0.0290805	    0.0962033
  -0.0291346	    0.0956720
  -0.0291902	    0.0951415
  -0.0292472	    0.0946114
  -0.0293056	    0.0940818
  -0.0293656	    0.0935529
  -0.0294271	    0.0930247
  -0.0294908	    0.0924973
  -0.0295564	    0.0919707
  -0.0296239	    0.0914444
  -0.0296935	    0.0909186
  -0.0297652	    0.0903935
  -0.0298395	    0.0898691
  -0.0299166	    0.0893454
  -0.0299964	    0.0888222
  -0.0300787	    0.0882991
         NaN	          NaN
         NaN	          NaN
  -0.0272161	    0.1131374
  -0.0272538	    0.1125941
  -0.0272915	    0.1120512
  -0.0273295	    0.1115085
  -0.0273676	    0.1109661
  -0.0274058	    0.1104237
  -0.0274440	    0.1098814
  -0.0274826	    0.1093394
  -0.0275213	    0.1087978
  -0.0275602	    0.1082564
  -0.0275994	    0.1077153
  -0.0276392	    0.1071745
  -0.0276790	    0.1066338
  -0.0277189	    0.1060933
  -0.0277593	    0.1055534
  -0.0278002	    0.1050138
  -0.0278412	    0.1044746
  -0.0278828	    0.1039354
  -0.0279250	    0.1033967
  -0.0279677	    0.1028585
  -0.0280109	    0.1023207
  -0.0280545	    0.1017833
  -0.0280987	    0.1012464
  -0.0281438	    0.1007097
  -0.0281898	    0.1001736
  -0.0282363	    0.0996379
  -0.0282835	    0.0991028
  -0.0283316	    0.0985682
  -0.0283805	    0.0980341
  -0.0284307	    0.0975003
  -0.0284818	    0.0969672
  -0.0285340	    0.0964346
  -0.0285874	    0.0959027
  -0.0286419	    0.0953713
  -0.0286978	    0.0948404
  -0.0287554	    0.0943100
  -0.0288143	    0.0937802
  -0.0288749	    0.0932511
  -0.0289370	    0.0927227
  -0.0290008	    0.0921948
  -0.0290669	    0.0916673
  -0.0291350	    0.0911403
  -0.0292051	    0.0906139
  -0.0292773	    0.0900881
  -0.0293519	    0.0895628
  -0.0294292	    0.0890381
  -0.0295092	    0.0885133
  -0.0295920	    0.0879890
         NaN	          NaN
         NaN	          NaN
  -0.0267153	    0.1128256
  -0.0267529	    0.1122828
  -0.0267906	    0.1117403
  -0.0268288	    0.1111981
  -0.0268670	    0.1106560
  -0.0269053	    0.1101140
  -0.0269438	    0.1095722
  -0.0269823	    0.1090306
  -0.0270214	    0.1084894
  -0.0270606	    0.1079486
  -0.0270999	    0.1074077
  -0.0271396	    0.1068671
  -0.0271796	    0.1063269
  -0.0272197	    0.1057869
  -0.0272604	    0.1052474
  -0.0273016	    0.1047083
  -0.0273430	    0.1041691
  -0.0273847	    0.1036303
  -0.0274271	    0.1030920
  -0.0274700	    0.1025542
  -0.0275136	    0.1020168
  -0.0275576	    0.1014796
  -0.0276022	    0.1009427
  -0.0276475	    0.1004063
  -0.0276935	    0.0998703
  -0.0277404	    0.0993350
  -0.0277881	    0.0988001
  -0.0278366	    0.0982656
  -0.0278860	    0.0977313
  -0.0279364	    0.0971976
  -0.0279879	    0.0966646
  -0.0280406	    0.0961321
  -0.0280944	    0.0956001
  -0.0281495	    0.0950685
  -0.0282057	    0.0945372
  -0.0282635	    0.0940066
  -0.0283230	    0.0934766
  -0.0283840	    0.0929472
  -0.0284467	    0.0924184
  -0.0285110	    0.0918897
  -0.0285770	    0.0913615
  -0.0286455	    0.0908339
  -0.0287161	    0.0903069
  -0.0287889	    0.0897803
  -0.0288639	    0.0892541
  -0.0289411	    0.0887279
  -0.0290211	    0.0882021
  -0.0291042	    0.0876765
         NaN	          NaN
         NaN	          NaN
  -0.0262150	    0.1125131
  -0.0262528	    0.1119708
  -0.0262905	    0.1114288
  -0.0263287	    0.1108867
  -0.0263671	    0.1103450
  -0.0264056	    0.1098035
  -0.0264441	    0.1092621
  -0.0264827	    0.1087210
  -0.0265220	    0.1081802
  -0.0265613	    0.1076395
  -0.0266008	    0.1070990
  -0.0266407	    0.1065589
  -0.0266808	    0.1060190
  -0.0267210	    0.1054794
  -0.0267619	    0.1049402
  -0.0268034	    0.1044012
  -0.0268451	    0.1038625
  -0.0268871	    0.1033241
  -0.0269296	    0.1027861
  -0.0269730	    0.1022486
  -0.0270167	    0.1017113
  -0.0270609	    0.1011742
  -0.0271059	    0.1006377
  -0.0271516	    0.1001015
  -0.0271979	    0.0995658
  -0.0272449	    0.0990305
  -0.0272930	    0.0984956
  -0.0273419	    0.0979610
  -0.0273918	    0.0974270
  -0.0274425	    0.0968933
  -0.0274942	    0.0963602
  -0.0275473	    0.0958277
  -0.0276015	    0.0952954
  -0.0276570	    0.0947635
  -0.0277137	    0.0942322
  -0.0277718	    0.0937013
  -0.0278315	    0.0931710
  -0.0278930	    0.0926412
  -0.0279560	    0.0921116
  -0.0280207	    0.0915824
  -0.0280872	    0.0910537
  -0.0281557	    0.0905254
  -0.0282266	    0.0899976
  -0.0282997	    0.0894701
  -0.0283749	    0.0889426
  -0.0284525	    0.0884154
  -0.0285324	    0.0878885
  -0.0286154	    0.0873618
         NaN	          NaN
         NaN	          NaN
  -0.0257149	    0.1121999
  -0.0257529	    0.1116580
  -0.0257909	    0.1111162
  -0.0258290	    0.1105745
  -0.0258675	    0.1100331
  -0.0259062	    0.1094920
  -0.0259449	    0.1089511
  -0.0259837	    0.1084104
  -0.0260228	    0.1078698
  -0.0260624	    0.1073294
  -0.0261020	    0.1067893
  -0.0261422	    0.1062496
  -0.0261826	    0.1057102
  -0.0262233	    0.1051710
  -0.0262643	    0.1046318
  -0.0263056	    0.1040930
  -0.0263477	    0.1035547
  -0.0263899	    0.1030167
  -0.0264326	    0.1024789
  -0.0264760	    0.1019415
  -0.0265199	    0.1014043
  -0.0265645	    0.1008675
  -0.0266100	    0.1003312
  -0.0266560	    0.0997953
  -0.0267026	    0.0992598
  -0.0267500	    0.0987245
  -0.0267982	    0.0981895
  -0.0268475	    0.0976550
  -0.0268976	    0.0971210
  -0.0269487	    0.0965874
  -0.0270009	    0.0960543
  -0.0270541	    0.0955214
  -0.0271087	    0.0949889
  -0.0271645	    0.0944568
  -0.0272216	    0.0939252
  -0.0272801	    0.0933941
  -0.0273400	    0.0928635
  -0.0274016	    0.0923329
  -0.0274650	    0.0918028
  -0.0275301	    0.0912731
  -0.0275970	    0.0907438
  -0.0276657	    0.0902149
  -0.0277366	    0.0896862
  -0.0278098	    0.0891575
  -0.0278852	    0.0886290
  -0.0279630	    0.0881008
  -0.0280431	    0.0875727
         NaN	          NaN
         NaN	          NaN
         NaN	          NaN
  -0.0252156	    0.1118859
  -0.0252536	    0.1113443
  -0.0252918	    0.1108028
  -0.0253300	    0.1102616
  -0.0253685	    0.1097205
  -0.0254072	    0.1091798
  -0.0254459	    0.1086392
  -0.0254849	    0.1080987
  -0.0255243	    0.1075584
  -0.0255640	    0.1070184
  -0.0256038	    0.1064787
  -0.0256442	    0.1059394
  -0.0256846	    0.1054002
  -0.0257257	    0.1048612
  -0.0257670	    0.1043224
  -0.0258085	    0.1037839
  -0.0258508	    0.1032459
  -0.0258931	    0.1027081
  -0.0259361	    0.1021705
  -0.0259799	    0.1016332
  -0.0260241	    0.1010962
  -0.0260688	    0.1005596
  -0.0261144	    0.1000235
  -0.0261606	    0.0994877
  -0.0262076	    0.0989521
  -0.0262553	    0.0984168
  -0.0263038	    0.0978819
  -0.0263532	    0.0973474
  -0.0264037	    0.0968135
  -0.0264551	    0.0962799
  -0.0265076	    0.0957464
  -0.0265611	    0.0952133
  -0.0266158	    0.0946806
  -0.0266719	    0.0941484
  -0.0267294	    0.0936166
  -0.0267883	    0.0930852
  -0.0268485	    0.0925538
  -0.0269102	    0.0920228
  -0.0269737	    0.0914922
  -0.0270391	    0.0909619
  -0.0271063	    0.0904320
  -0.0271753	    0.0899022
  -0.0272461	    0.0893724
  -0.0273191	    0.0888429
  -0.0273947	    0.0883135
  -0.0274726	    0.0877842
  -0.0275528	    0.0872550
         NaN	          NaN
         NaN	          NaN
         NaN	          NaN
  -0.0247164	    0.1115709
  -0.0247547	    0.1110297
  -0.0247931	    0.1104887
  -0.0248315	    0.1099478
  -0.0248700	    0.1094072
  -0.0249088	    0.1088667
  -0.0249479	    0.1083263
  -0.0249869	    0.1077862
  -0.0250263	    0.1072462
  -0.0250662	    0.1067066
  -0.0251063	    0.1061673
  -0.0251467	    0.1056282
  -0.0251871	    0.1050890
  -0.0252284	    0.1045503
  -0.0252700	    0.1040119
  -0.0253118	    0.1034737
  -0.0253541	    0.1029359
  -0.0253969	    0.1023982
  -0.0254401	    0.1018607
  -0.0254841	    0.1013237
  -0.0255286	    0.1007869
  -0.0255736	    0.1002505
  -0.0256190	    0.0997144
  -0.0256655	    0.0991786
  -0.0257128	    0.0986430
  -0.0257608	    0.0981078
  -0.0258095	    0.0975729
  -0.0258592	    0.0970385
  -0.0259098	    0.0965044
  -0.0259616	    0.0959705
  -0.0260143	    0.0954369
  -0.0260682	    0.0949037
  -0.0261231	    0.0943708
  -0.0261793	    0.0938383
  -0.0262370	    0.0933062
  -0.0262961	    0.0927741
  -0.0263567	    0.0922424
  -0.0264186	    0.0917109
  -0.0264822	    0.0911798
  -0.0265476	    0.0906490
  -0.0266150	    0.0901182
  -0.0266841	    0.0895874
  -0.0267552	    0.0890569
  -0.0268282	    0.0885265
  -0.0269034	    0.0879962
  -0.0269813	    0.0874658
  -0.0270613	    0.0869352
         NaN	          NaN
         NaN	          NaN
         NaN	          NaN
