#-------------------------------------------------------------------------------
# RA		 DEC	
 109.3909000	   37.7631580
#-------------------------------------------------------------------------------
# alpha_1,true	 alpha_2,true
         NaN	          NaN
  -0.2678876	    0.6407681
  -0.2679075	    0.6405199
  -0.2679276	    0.6402713
  -0.2679478	    0.6400225
  -0.2679672	    0.6397736
  -0.2679864	    0.6395236
  -0.2680054	    0.6392739
  -0.2680245	    0.6390238
  -0.2680433	    0.6387731
  -0.2680619	    0.6385223
  -0.2680804	    0.6382713
  -0.2680981	    0.6380192
  -0.2681157	    0.6377675
  -0.2681335	    0.6375155
  -0.2681511	    0.6372627
  -0.2681680	    0.6370098
  -0.2681848	    0.6367562
  -0.2682013	    0.6365024
  -0.2682176	    0.6362484
  -0.2682337	    0.6359939
  -0.2682496	    0.6357391
  -0.2682652	    0.6354842
  -0.2682808	    0.6352290
  -0.2682961	    0.6349732
  -0.2683108	    0.6347168
  -0.2683250	    0.6344605
  -0.2683396	    0.6342034
  -0.2683540	    0.6339463
  -0.2683679	    0.6336887
  -0.2683814	    0.6334308
  -0.2683948	    0.6331728
  -0.2684079	    0.6329143
  -0.2684208	    0.6326553
  -0.2684337	    0.6323960
  -0.2684462	    0.6321364
  -0.2684584	    0.6318764
  -0.2684706	    0.6316157
  -0.2684820	    0.6313545
  -0.2684935	    0.6310937
  -0.2674745	    0.6409007
  -0.2674941	    0.6406519
  -0.2675143	    0.6404033
  -0.2675343	    0.6401546
  -0.2675539	    0.6399055
  -0.2675729	    0.6396560
  -0.2675926	    0.6394065
  -0.2676108	    0.6391557
  -0.2676297	    0.6389050
  -0.2676484	    0.6386542
  -0.2676665	    0.6384031
  -0.2676846	    0.6381514
  -0.2677022	    0.6378992
  -0.2677198	    0.6376471
  -0.2677371	    0.6373946
  -0.2677541	    0.6371416
  -0.2677709	    0.6368884
  -0.2677872	    0.6366349
  -0.2678035	    0.6363806
  -0.2678198	    0.6361263
  -0.2678357	    0.6358713
  -0.2678511	    0.6356159
  -0.2678664	    0.6353608
  -0.2678813	    0.6351051
  -0.2678962	    0.6348489
  -0.2679108	    0.6345921
  -0.2679250	    0.6343352
  -0.2679392	    0.6340781
  -0.2679534	    0.6338208
  -0.2679669	    0.6335632
  -0.2679805	    0.6333044
  -0.2679937	    0.6330457
  -0.2680064	    0.6327871
  -0.2680189	    0.6325277
  -0.2680318	    0.6322679
  -0.2680435	    0.6320074
  -0.2680554	    0.6317470
  -0.2680675	    0.6314863
  -0.2680789	    0.6312250
  -0.2680902	    0.6309635
  -0.2670816	    0.6407848
  -0.2671012	    0.6405359
  -0.2671215	    0.6402866
  -0.2671409	    0.6400377
  -0.2671600	    0.6397885
  -0.2671789	    0.6395385
  -0.2671979	    0.6392879
  -0.2672167	    0.6390376
  -0.2672352	    0.6387863
  -0.2672533	    0.6385352
  -0.2672712	    0.6382837
  -0.2672888	    0.6380314
  -0.2673064	    0.6377792
  -0.2673235	    0.6375264
  -0.2673405	    0.6372736
  -0.2673571	    0.6370202
  -0.2673734	    0.6367665
  -0.2673901	    0.6365128
  -0.2674057	    0.6362585
  -0.2674220	    0.6360037
  -0.2674375	    0.6357483
  -0.2674527	    0.6354925
  -0.2674675	    0.6352367
  -0.2674823	    0.6349810
  -0.2674972	    0.6347240
  -0.2675114	    0.6344670
  -0.2675252	    0.6342099
  -0.2675392	    0.6339525
  -0.2675533	    0.6336945
  -0.2675661	    0.6334362
  -0.2675795	    0.6331776
  -0.2675926	    0.6329184
  -0.2676050	    0.6326591
  -0.2676171	    0.6323993
  -0.2676299	    0.6321394
  -0.2676412	    0.6318788
  -0.2676527	    0.6316178
  -0.2676644	    0.6313567
  -0.2676756	    0.6310951
  -0.2676862	    0.6308329
  -0.2666890	    0.6406682
  -0.2667087	    0.6404193
  -0.2667284	    0.6401698
  -0.2667474	    0.6399203
  -0.2667662	    0.6396708
  -0.2667850	    0.6394205
  -0.2668037	    0.6391696
  -0.2668222	    0.6389190
  -0.2668404	    0.6386674
  -0.2668579	    0.6384157
  -0.2668754	    0.6381637
  -0.2668930	    0.6379114
  -0.2669104	    0.6376588
  -0.2669272	    0.6374055
  -0.2669439	    0.6371524
  -0.2669607	    0.6368990
  -0.2669766	    0.6366449
  -0.2669924	    0.6363904
  -0.2670083	    0.6361356
  -0.2670242	    0.6358803
  -0.2670390	    0.6356248
  -0.2670542	    0.6353691
  -0.2670690	    0.6351130
  -0.2670833	    0.6348565
  -0.2670982	    0.6345992
  -0.2671120	    0.6343417
  -0.2671256	    0.6340845
  -0.2671389	    0.6338266
  -0.2671524	    0.6335681
  -0.2671656	    0.6333095
  -0.2671786	    0.6330506
  -0.2671915	    0.6327908
  -0.2672037	    0.6325307
  -0.2672156	    0.6322708
  -0.2672276	    0.6320107
  -0.2672389	    0.6317496
  -0.2672502	    0.6314884
  -0.2672614	    0.6312269
  -0.2672723	    0.6309649
  -0.2672828	    0.6307022
  -0.2662967	    0.6405517
  -0.2663161	    0.6403024
  -0.2663350	    0.6400529
  -0.2663544	    0.6398033
  -0.2663731	    0.6395526
  -0.2663914	    0.6393018
  -0.2664096	    0.6390511
  -0.2664276	    0.6387999
  -0.2664455	    0.6385481
  -0.2664629	    0.6382959
  -0.2664803	    0.6380437
  -0.2664977	    0.6377911
  -0.2665146	    0.6375380
  -0.2665311	    0.6372843
  -0.2665479	    0.6370306
  -0.2665639	    0.6367770
  -0.2665799	    0.6365224
  -0.2665955	    0.6362675
  -0.2666111	    0.6360122
  -0.2666263	    0.6357564
  -0.2666408	    0.6355006
  -0.2666556	    0.6352444
  -0.2666703	    0.6349882
  -0.2666847	    0.6347315
  -0.2666989	    0.6344743
  -0.2667121	    0.6342164
  -0.2667261	    0.6339585
  -0.2667395	    0.6337002
  -0.2667525	    0.6334414
  -0.2667653	    0.6331823
  -0.2667778	    0.6329229
  -0.2667903	    0.6326630
  -0.2668024	    0.6324025
  -0.2668140	    0.6321420
  -0.2668254	    0.6318813
  -0.2668367	    0.6316200
  -0.2668479	    0.6313585
  -0.2668585	    0.6310966
  -0.2668690	    0.6308341
  -0.2668793	    0.6305711
  -0.2659043	    0.6404351
  -0.2659236	    0.6401855
  -0.2659426	    0.6399357
  -0.2659611	    0.6396853
  -0.2659794	    0.6394344
  -0.2659978	    0.6391834
  -0.2660156	    0.6389321
  -0.2660336	    0.6386804
  -0.2660513	    0.6384281
  -0.2660685	    0.6381758
  -0.2660853	    0.6379231
  -0.2661024	    0.6376703
  -0.2661189	    0.6374168
  -0.2661352	    0.6371631
  -0.2661517	    0.6369091
  -0.2661677	    0.6366543
  -0.2661832	    0.6363998
  -0.2661986	    0.6361445
  -0.2662139	    0.6358888
  -0.2662290	    0.6356331
  -0.2662434	    0.6353772
  -0.2662574	    0.6351200
  -0.2662720	    0.6348632
  -0.2662860	    0.6346061
  -0.2662996	    0.6343487
  -0.2663128	    0.6340908
  -0.2663262	    0.6338322
  -0.2663396	    0.6335732
  -0.2663524	    0.6333141
  -0.2663650	    0.6330545
  -0.2663773	    0.6327945
  -0.2663892	    0.6325345
  -0.2664011	    0.6322739
  -0.2664124	    0.6320129
  -0.2664235	    0.6317517
  -0.2664345	    0.6314901
  -0.2664456	    0.6312280
  -0.2664560	    0.6309661
  -0.2664660	    0.6307028
  -0.2664759	    0.6304395
  -0.2655122	    0.6403181
  -0.2655309	    0.6400680
  -0.2655496	    0.6398174
  -0.2655679	    0.6395667
  -0.2655859	    0.6393158
  -0.2656044	    0.6390649
  -0.2656217	    0.6388127
  -0.2656390	    0.6385610
  -0.2656564	    0.6383085
  -0.2656736	    0.6380556
  -0.2656902	    0.6378025
  -0.2657068	    0.6375493
  -0.2657234	    0.6372956
  -0.2657395	    0.6370415
  -0.2657555	    0.6367868
  -0.2657713	    0.6365318
  -0.2657865	    0.6362772
  -0.2658015	    0.6360213
  -0.2658162	    0.6357650
  -0.2658308	    0.6355086
  -0.2658454	    0.6352522
  -0.2658596	    0.6349951
  -0.2658739	    0.6347380
  -0.2658871	    0.6344802
  -0.2659007	    0.6342224
  -0.2659140	    0.6339641
  -0.2659267	    0.6337050
  -0.2659399	    0.6334459
  -0.2659522	    0.6331865
  -0.2659647	    0.6329268
  -0.2659768	    0.6326665
  -0.2659884	    0.6324058
  -0.2659998	    0.6321447
  -0.2660109	    0.6318834
  -0.2660220	    0.6316220
  -0.2660326	    0.6313598
  -0.2660431	    0.6310971
  -0.2660534	    0.6308346
  -0.2660631	    0.6305716
  -0.2660728	    0.6303079
  -0.2651201	    0.6402003
  -0.2651386	    0.6399501
  -0.2651567	    0.6396992
  -0.2651747	    0.6394480
  -0.2651926	    0.6391967
  -0.2652104	    0.6389451
  -0.2652283	    0.6386935
  -0.2652454	    0.6384407
  -0.2652621	    0.6381879
  -0.2652787	    0.6379350
  -0.2652951	    0.6376818
  -0.2653116	    0.6374281
  -0.2653282	    0.6371737
  -0.2653436	    0.6369189
  -0.2653594	    0.6366640
  -0.2653750	    0.6364089
  -0.2653899	    0.6361536
  -0.2654043	    0.6358971
  -0.2654195	    0.6356413
  -0.2654336	    0.6353845
  -0.2654476	    0.6351274
  -0.2654618	    0.6348700
  -0.2654756	    0.6346126
  -0.2654886	    0.6343548
  -0.2655019	    0.6340958
  -0.2655149	    0.6338371
  -0.2655277	    0.6335779
  -0.2655403	    0.6333183
  -0.2655519	    0.6330583
  -0.2655644	    0.6327984
  -0.2655759	    0.6325380
  -0.2655874	    0.6322769
  -0.2655986	    0.6320154
  -0.2656094	    0.6317538
  -0.2656205	    0.6314917
  -0.2656310	    0.6312291
  -0.2656410	    0.6309663
  -0.2656508	    0.6307033
  -0.2656605	    0.6304400
  -0.2656701	    0.6301759
  -0.2647278	    0.6400824
  -0.2647462	    0.6398321
  -0.2647639	    0.6395808
  -0.2647817	    0.6393293
  -0.2647994	    0.6390777
  -0.2648169	    0.6388257
  -0.2648342	    0.6385734
  -0.2648515	    0.6383203
  -0.2648679	    0.6380670
  -0.2648844	    0.6378139
  -0.2649008	    0.6375603
  -0.2649170	    0.6373059
  -0.2649328	    0.6370515
  -0.2649478	    0.6367963
  -0.2649633	    0.6365410
  -0.2649786	    0.6362853
  -0.2649934	    0.6360296
  -0.2650078	    0.6357735
  -0.2650224	    0.6355167
  -0.2650362	    0.6352597
  -0.2650499	    0.6350024
  -0.2650636	    0.6347446
  -0.2650771	    0.6344863
  -0.2650901	    0.6342284
  -0.2651032	    0.6339691
  -0.2651160	    0.6337101
  -0.2651286	    0.6334507
  -0.2651407	    0.6331906
  -0.2651523	    0.6329305
  -0.2651641	    0.6326700
  -0.2651755	    0.6324090
  -0.2651868	    0.6321476
  -0.2651977	    0.6318859
  -0.2652080	    0.6316238
  -0.2652190	    0.6313611
  -0.2652288	    0.6310983
  -0.2652389	    0.6308353
  -0.2652484	    0.6305716
  -0.2652579	    0.6303073
  -0.2652674	    0.6300432
  -0.2643356	    0.6399643
  -0.2643539	    0.6397135
  -0.2643715	    0.6394618
  -0.2643893	    0.6392102
  -0.2644064	    0.6389580
  -0.2644235	    0.6387058
  -0.2644404	    0.6384530
  -0.2644571	    0.6381996
  -0.2644735	    0.6379459
  -0.2644900	    0.6376922
  -0.2645059	    0.6374381
  -0.2645218	    0.6371835
  -0.2645373	    0.6369287
  -0.2645523	    0.6366736
  -0.2645672	    0.6364178
  -0.2645823	    0.6361620
  -0.2645969	    0.6359058
  -0.2646112	    0.6356492
  -0.2646254	    0.6353918
  -0.2646389	    0.6351344
  -0.2646524	    0.6348765
  -0.2646660	    0.6346187
  -0.2646793	    0.6343601
  -0.2646921	    0.6341012
  -0.2647047	    0.6338421
  -0.2647169	    0.6335829
  -0.2647291	    0.6333230
  -0.2647410	    0.6330626
  -0.2647526	    0.6328018
  -0.2647641	    0.6325408
  -0.2647754	    0.6322795
  -0.2647864	    0.6320174
  -0.2647968	    0.6317553
  -0.2648070	    0.6314930
  -0.2648174	    0.6312302
  -0.2648272	    0.6309671
  -0.2648371	    0.6307037
  -0.2648461	    0.6304396
  -0.2648552	    0.6301750
  -0.2648644	    0.6299103
  -0.2639435	    0.6398458
  -0.2639614	    0.6395944
  -0.2639789	    0.6393426
  -0.2639960	    0.6390903
  -0.2640136	    0.6388381
  -0.2640302	    0.6385855
  -0.2640466	    0.6383322
  -0.2640629	    0.6380785
  -0.2640792	    0.6378248
  -0.2640956	    0.6375711
  -0.2641112	    0.6373161
  -0.2641266	    0.6370610
  -0.2641417	    0.6368057
  -0.2641567	    0.6365503
  -0.2641716	    0.6362945
  -0.2641860	    0.6360380
  -0.2642004	    0.6357812
  -0.2642147	    0.6355243
  -0.2642286	    0.6352669
  -0.2642420	    0.6350089
  -0.2642549	    0.6347511
  -0.2642685	    0.6344926
  -0.2642813	    0.6342335
  -0.2642937	    0.6339740
  -0.2643060	    0.6337146
  -0.2643182	    0.6334553
  -0.2643297	    0.6331947
  -0.2643413	    0.6329341
  -0.2643529	    0.6326730
  -0.2643642	    0.6324114
  -0.2643750	    0.6321498
  -0.2643858	    0.6318877
  -0.2643960	    0.6316250
  -0.2644061	    0.6313623
  -0.2644161	    0.6310990
  -0.2644259	    0.6308353
  -0.2644354	    0.6305718
  -0.2644441	    0.6303070
  -0.2644529	    0.6300421
  -0.2644614	    0.6297770
  -0.2635515	    0.6397270
  -0.2635691	    0.6394754
  -0.2635863	    0.6392234
  -0.2636033	    0.6389708
  -0.2636206	    0.6387179
  -0.2636371	    0.6384646
  -0.2636531	    0.6382110
  -0.2636693	    0.6379573
  -0.2636853	    0.6377033
  -0.2637011	    0.6374490
  -0.2637167	    0.6371938
  -0.2637315	    0.6369384
  -0.2637463	    0.6366828
  -0.2637612	    0.6364266
  -0.2637759	    0.6361702
  -0.2637901	    0.6359137
  -0.2638043	    0.6356565
  -0.2638183	    0.6353990
  -0.2638315	    0.6351414
  -0.2638446	    0.6348832
  -0.2638580	    0.6346247
  -0.2638710	    0.6343662
  -0.2638832	    0.6341066
  -0.2638953	    0.6338468
  -0.2639073	    0.6335868
  -0.2639193	    0.6333267
  -0.2639307	    0.6330661
  -0.2639422	    0.6328050
  -0.2639534	    0.6325438
  -0.2639644	    0.6322821
  -0.2639749	    0.6320197
  -0.2639850	    0.6317570
  -0.2639952	    0.6314943
  -0.2640053	    0.6312312
  -0.2640149	    0.6309674
  -0.2640242	    0.6307032
  -0.2640334	    0.6304389
  -0.2640421	    0.6301741
  -0.2640508	    0.6299092
  -0.2640588	    0.6296435
  -0.2631599	    0.6396080
  -0.2631775	    0.6393557
  -0.2631944	    0.6391035
  -0.2632109	    0.6388506
  -0.2632275	    0.6385972
  -0.2632442	    0.6383435
  -0.2632596	    0.6380898
  -0.2632758	    0.6378356
  -0.2632915	    0.6375810
  -0.2633068	    0.6373262
  -0.2633220	    0.6370711
  -0.2633368	    0.6368153
  -0.2633516	    0.6365595
  -0.2633660	    0.6363026
  -0.2633802	    0.6360459
  -0.2633943	    0.6357891
  -0.2634083	    0.6355317
  -0.2634218	    0.6352738
  -0.2634346	    0.6350153
  -0.2634475	    0.6347568
  -0.2634605	    0.6344981
  -0.2634733	    0.6342392
  -0.2634853	    0.6339792
  -0.2634974	    0.6337192
  -0.2635090	    0.6334587
  -0.2635205	    0.6331981
  -0.2635319	    0.6329373
  -0.2635433	    0.6326758
  -0.2635539	    0.6324143
  -0.2635646	    0.6321523
  -0.2635749	    0.6318894
  -0.2635848	    0.6316262
  -0.2635948	    0.6313634
  -0.2636045	    0.6310996
  -0.2636139	    0.6308355
  -0.2636227	    0.6305713
  -0.2636314	    0.6303065
  -0.2636400	    0.6300411
  -0.2636484	    0.6297759
  -0.2636564	    0.6295097
  -0.2627682	    0.6394887
  -0.2627853	    0.6392358
  -0.2628022	    0.6389831
  -0.2628185	    0.6387299
  -0.2628346	    0.6384761
  -0.2628507	    0.6382224
  -0.2628667	    0.6379686
  -0.2628823	    0.6377136
  -0.2628978	    0.6374585
  -0.2629127	    0.6372032
  -0.2629274	    0.6369477
  -0.2629421	    0.6366918
  -0.2629569	    0.6364355
  -0.2629709	    0.6361783
  -0.2629847	    0.6359214
  -0.2629983	    0.6356641
  -0.2630116	    0.6354062
  -0.2630251	    0.6351483
  -0.2630384	    0.6348896
  -0.2630507	    0.6346305
  -0.2630632	    0.6343712
  -0.2630756	    0.6341115
  -0.2630875	    0.6338515
  -0.2630996	    0.6335915
  -0.2631109	    0.6333303
  -0.2631221	    0.6330693
  -0.2631332	    0.6328082
  -0.2631443	    0.6325467
  -0.2631549	    0.6322847
  -0.2631649	    0.6320219
  -0.2631749	    0.6317586
  -0.2631848	    0.6314953
  -0.2631945	    0.6312320
  -0.2632036	    0.6309678
  -0.2632129	    0.6307036
  -0.2632215	    0.6304389
  -0.2632297	    0.6301736
  -0.2632379	    0.6299078
  -0.2632459	    0.6296419
  -0.2632535	    0.6293756
  -0.2623764	    0.6393686
  -0.2623932	    0.6391156
  -0.2624099	    0.6388625
  -0.2624258	    0.6386094
  -0.2624418	    0.6383553
  -0.2624579	    0.6381009
  -0.2624736	    0.6378464
  -0.2624886	    0.6375913
  -0.2625041	    0.6373359
  -0.2625188	    0.6370802
  -0.2625334	    0.6368244
  -0.2625478	    0.6365681
  -0.2625620	    0.6363110
  -0.2625760	    0.6360538
  -0.2625893	    0.6357964
  -0.2626024	    0.6355387
  -0.2626157	    0.6352804
  -0.2626289	    0.6350220
  -0.2626419	    0.6347634
  -0.2626541	    0.6345038
  -0.2626664	    0.6342439
  -0.2626786	    0.6339839
  -0.2626902	    0.6337237
  -0.2627016	    0.6334631
  -0.2627129	    0.6332017
  -0.2627239	    0.6329402
  -0.2627347	    0.6326786
  -0.2627453	    0.6324167
  -0.2627557	    0.6321539
  -0.2627655	    0.6318912
  -0.2627750	    0.6316277
  -0.2627848	    0.6313640
  -0.2627939	    0.6311000
  -0.2628026	    0.6308356
  -0.2628118	    0.6305708
  -0.2628204	    0.6303055
  -0.2628282	    0.6300401
  -0.2628363	    0.6297741
  -0.2628442	    0.6295078
  -0.2628513	    0.6292414
  -0.2619849	    0.6392485
  -0.2620014	    0.6389953
  -0.2620180	    0.6387421
  -0.2620339	    0.6384884
  -0.2620492	    0.6382339
  -0.2620648	    0.6379791
  -0.2620802	    0.6377239
  -0.2620951	    0.6374685
  -0.2621103	    0.6372127
  -0.2621249	    0.6369569
  -0.2621391	    0.6367006
  -0.2621532	    0.6364438
  -0.2621671	    0.6361864
  -0.2621810	    0.6359290
  -0.2621942	    0.6356711
  -0.2622074	    0.6354132
  -0.2622202	    0.6351544
  -0.2622328	    0.6348954
  -0.2622453	    0.6346364
  -0.2622577	    0.6343765
  -0.2622696	    0.6341163
  -0.2622810	    0.6338563
  -0.2622926	    0.6335956
  -0.2623039	    0.6333343
  -0.2623147	    0.6330728
  -0.2623252	    0.6328113
  -0.2623356	    0.6325486
  -0.2623463	    0.6322863
  -0.2623565	    0.6320236
  -0.2623662	    0.6317602
  -0.2623751	    0.6314965
  -0.2623848	    0.6312323
  -0.2623936	    0.6309676
  -0.2624020	    0.6307028
  -0.2624107	    0.6304377
  -0.2624191	    0.6301721
  -0.2624268	    0.6299062
  -0.2624345	    0.6296400
  -0.2624423	    0.6293733
  -0.2624494	    0.6291063
  -0.2615934	    0.6391281
  -0.2616097	    0.6388746
  -0.2616258	    0.6386207
  -0.2616412	    0.6383664
  -0.2616569	    0.6381120
  -0.2616720	    0.6378569
  -0.2616870	    0.6376012
  -0.2617018	    0.6373452
  -0.2617164	    0.6370894
  -0.2617310	    0.6368335
  -0.2617448	    0.6365765
  -0.2617586	    0.6363193
  -0.2617724	    0.6360616
  -0.2617860	    0.6358035
  -0.2617990	    0.6355455
  -0.2618117	    0.6352871
  -0.2618242	    0.6350279
  -0.2618368	    0.6347685
  -0.2618490	    0.6345091
  -0.2618607	    0.6342495
  -0.2618726	    0.6339887
  -0.2618837	    0.6337282
  -0.2618951	    0.6334670
  -0.2619062	    0.6332054
  -0.2619166	    0.6329437
  -0.2619270	    0.6326816
  -0.2619374	    0.6324187
  -0.2619474	    0.6321556
  -0.2619573	    0.6318925
  -0.2619668	    0.6316288
  -0.2619758	    0.6313646
  -0.2619848	    0.6311004
  -0.2619932	    0.6308354
  -0.2620016	    0.6305701
  -0.2620099	    0.6303045
  -0.2620180	    0.6300386
  -0.2620255	    0.6297723
  -0.2620332	    0.6295053
  -0.2620404	    0.6292384
  -0.2620473	    0.6289709
  -0.2612022	    0.6390072
  -0.2612182	    0.6387535
  -0.2612336	    0.6384993
  -0.2612489	    0.6382446
  -0.2612645	    0.6379897
  -0.2612797	    0.6377344
  -0.2612942	    0.6374787
  -0.2613087	    0.6372222
  -0.2613229	    0.6369658
  -0.2613369	    0.6367094
  -0.2613507	    0.6364521
  -0.2613645	    0.6361947
  -0.2613777	    0.6359369
  -0.2613909	    0.6356785
  -0.2614038	    0.6354197
  -0.2614161	    0.6351606
  -0.2614285	    0.6349013
  -0.2614408	    0.6346418
  -0.2614527	    0.6343820
  -0.2614644	    0.6341217
  -0.2614760	    0.6338608
  -0.2614869	    0.6335997
  -0.2614976	    0.6333380
  -0.2615085	    0.6330761
  -0.2615192	    0.6328140
  -0.2615293	    0.6325515
  -0.2615391	    0.6322881
  -0.2615488	    0.6320245
  -0.2615582	    0.6317608
  -0.2615674	    0.6314969
  -0.2615764	    0.6312324
  -0.2615852	    0.6309677
  -0.2615934	    0.6307028
  -0.2616013	    0.6304370
  -0.2616094	    0.6301708
  -0.2616175	    0.6299045
  -0.2616248	    0.6296380
  -0.2616318	    0.6293709
  -0.2616387	    0.6291034
  -0.2616454	    0.6288355
  -0.2608112	    0.6388860
  -0.2608264	    0.6386317
  -0.2608419	    0.6383774
  -0.2608568	    0.6381224
  -0.2608717	    0.6378669
  -0.2608867	    0.6376111
  -0.2609012	    0.6373553
  -0.2609156	    0.6370988
  -0.2609295	    0.6368419
  -0.2609431	    0.6365848
  -0.2609567	    0.6363273
  -0.2609705	    0.6360694
  -0.2609834	    0.6358108
  -0.2609960	    0.6355523
  -0.2610085	    0.6352933
  -0.2610209	    0.6350339
  -0.2610332	    0.6347744
  -0.2610448	    0.6345144
  -0.2610565	    0.6342539
  -0.2610679	    0.6339933
  -0.2610792	    0.6337324
  -0.2610901	    0.6334707
  -0.2611004	    0.6332085
  -0.2611107	    0.6329463
  -0.2611211	    0.6326838
  -0.2611311	    0.6324207
  -0.2611408	    0.6321572
  -0.2611503	    0.6318936
  -0.2611591	    0.6316292
  -0.2611681	    0.6313650
  -0.2611767	    0.6311003
  -0.2611852	    0.6308351
  -0.2611934	    0.6305697
  -0.2612011	    0.6303032
  -0.2612085	    0.6300367
  -0.2612161	    0.6297704
  -0.2612234	    0.6295035
  -0.2612303	    0.6292359
  -0.2612372	    0.6289679
  -0.2612432	    0.6286995
  -0.2604194	    0.6387646
  -0.2604349	    0.6385101
  -0.2604503	    0.6382553
  -0.2604650	    0.6379996
  -0.2604796	    0.6377436
  -0.2604944	    0.6374878
  -0.2605086	    0.6372319
  -0.2605226	    0.6369749
  -0.2605363	    0.6367177
  -0.2605498	    0.6364599
  -0.2605632	    0.6362018
  -0.2605762	    0.6359437
  -0.2605892	    0.6356850
  -0.2606014	    0.6354260
  -0.2606136	    0.6351667
  -0.2606257	    0.6349069
  -0.2606378	    0.6346468
  -0.2606492	    0.6343868
  -0.2606603	    0.6341259
  -0.2606713	    0.6338648
  -0.2606822	    0.6336035
  -0.2606931	    0.6333417
  -0.2607037	    0.6330794
  -0.2607132	    0.6328166
  -0.2607235	    0.6325532
  -0.2607332	    0.6322898
  -0.2607425	    0.6320262
  -0.2607518	    0.6317622
  -0.2607606	    0.6314972
  -0.2607694	    0.6312325
  -0.2607775	    0.6309677
  -0.2607854	    0.6307022
  -0.2607933	    0.6304363
  -0.2608014	    0.6301699
  -0.2608087	    0.6299027
  -0.2608156	    0.6296359
  -0.2608224	    0.6293685
  -0.2608290	    0.6291004
  -0.2608355	    0.6288318
  -0.2608416	    0.6285633
  -0.2600284	    0.6386431
  -0.2600436	    0.6383882
  -0.2600585	    0.6381329
  -0.2600734	    0.6378771
  -0.2600878	    0.6376206
  -0.2601019	    0.6373642
  -0.2601157	    0.6371077
  -0.2601293	    0.6368504
  -0.2601430	    0.6365931
  -0.2601559	    0.6363352
  -0.2601690	    0.6360767
  -0.2601820	    0.6358179
  -0.2601948	    0.6355588
  -0.2602070	    0.6352994
  -0.2602191	    0.6350400
  -0.2602308	    0.6347801
  -0.2602424	    0.6345196
  -0.2602537	    0.6342588
  -0.2602644	    0.6339977
  -0.2602751	    0.6337360
  -0.2602858	    0.6334741
  -0.2602962	    0.6332120
  -0.2603065	    0.6329493
  -0.2603163	    0.6326860
  -0.2603261	    0.6324224
  -0.2603354	    0.6321587
  -0.2603444	    0.6318947
  -0.2603532	    0.6316301
  -0.2603619	    0.6313651
  -0.2603703	    0.6311001
  -0.2603785	    0.6308346
  -0.2603861	    0.6305685
  -0.2603933	    0.6303022
  -0.2604009	    0.6300356
  -0.2604083	    0.6297685
  -0.2604150	    0.6295010
  -0.2604217	    0.6292331
  -0.2604278	    0.6289649
  -0.2604338	    0.6286961
  -0.2604397	    0.6284268
  -0.2596374	    0.6385211
  -0.2596523	    0.6382655
  -0.2596670	    0.6380096
  -0.2596813	    0.6377538
  -0.2596956	    0.6374972
  -0.2597093	    0.6372403
  -0.2597227	    0.6369832
  -0.2597362	    0.6367257
  -0.2597497	    0.6364677
  -0.2597625	    0.6362098
  -0.2597753	    0.6359512
  -0.2597879	    0.6356919
  -0.2598003	    0.6354323
  -0.2598124	    0.6351726
  -0.2598239	    0.6349126
  -0.2598354	    0.6346526
  -0.2598469	    0.6343917
  -0.2598581	    0.6341304
  -0.2598687	    0.6338687
  -0.2598795	    0.6336064
  -0.2598895	    0.6333443
  -0.2598996	    0.6330817
  -0.2599094	    0.6328188
  -0.2599191	    0.6325553
  -0.2599285	    0.6322914
  -0.2599371	    0.6320270
  -0.2599465	    0.6317628
  -0.2599550	    0.6314980
  -0.2599631	    0.6312328
  -0.2599711	    0.6309673
  -0.2599791	    0.6307009
  -0.2599871	    0.6304344
  -0.2599939	    0.6301676
  -0.2600010	    0.6299008
  -0.2600080	    0.6296334
  -0.2600145	    0.6293655
  -0.2600210	    0.6290971
  -0.2600270	    0.6288287
  -0.2600329	    0.6285593
  -0.2600384	    0.6282896
  -0.2592462	    0.6383986
  -0.2592610	    0.6381430
  -0.2592756	    0.6378868
  -0.2592896	    0.6376303
  -0.2593034	    0.6373737
  -0.2593168	    0.6371160
  -0.2593303	    0.6368587
  -0.2593433	    0.6366010
  -0.2593562	    0.6363426
  -0.2593690	    0.6360837
  -0.2593819	    0.6358251
  -0.2593940	    0.6355657
  -0.2594060	    0.6353060
  -0.2594178	    0.6350456
  -0.2594292	    0.6347849
  -0.2594405	    0.6345244
  -0.2594516	    0.6342631
  -0.2594625	    0.6340016
  -0.2594728	    0.6337397
  -0.2594829	    0.6334773
  -0.2594929	    0.6332145
  -0.2595030	    0.6329516
  -0.2595125	    0.6326882
  -0.2595217	    0.6324245
  -0.2595307	    0.6321603
  -0.2595394	    0.6318958
  -0.2595483	    0.6316309
  -0.2595567	    0.6313656
  -0.2595647	    0.6310999
  -0.2595724	    0.6308339
  -0.2595802	    0.6305674
  -0.2595875	    0.6303004
  -0.2595946	    0.6300332
  -0.2596014	    0.6297659
  -0.2596080	    0.6294979
  -0.2596144	    0.6292293
  -0.2596202	    0.6289608
  -0.2596261	    0.6286918
  -0.2596316	    0.6284225
  -0.2596370	    0.6281524
  -0.2588558	    0.6382755
  -0.2588699	    0.6380197
  -0.2588841	    0.6377634
  -0.2588979	    0.6375066
  -0.2589112	    0.6372496
  -0.2589245	    0.6369915
  -0.2589379	    0.6367335
  -0.2589507	    0.6364756
  -0.2589634	    0.6362169
  -0.2589759	    0.6359575
  -0.2589884	    0.6356986
  -0.2590004	    0.6354384
  -0.2590118	    0.6351783
  -0.2590232	    0.6349178
  -0.2590346	    0.6346570
  -0.2590458	    0.6343960
  -0.2590564	    0.6341343
  -0.2590669	    0.6338728
  -0.2590771	    0.6336103
  -0.2590870	    0.6333475
  -0.2590968	    0.6330844
  -0.2591064	    0.6328213
  -0.2591157	    0.6325569
  -0.2591250	    0.6322926
  -0.2591338	    0.6320284
  -0.2591421	    0.6317637
  -0.2591502	    0.6314983
  -0.2591589	    0.6312327
  -0.2591667	    0.6309663
  -0.2591741	    0.6306999
  -0.2591813	    0.6304332
  -0.2591883	    0.6301660
  -0.2591952	    0.6298986
  -0.2592017	    0.6296309
  -0.2592076	    0.6293624
  -0.2592138	    0.6290935
  -0.2592199	    0.6288244
  -0.2592252	    0.6285551
  -0.2592302	    0.6282856
  -0.2592353	    0.6280152
  -0.2584644	    0.6381529
  -0.2584785	    0.6378965
  -0.2584926	    0.6376396
  -0.2585063	    0.6373825
  -0.2585195	    0.6371249
  -0.2585327	    0.6368669
  -0.2585454	    0.6366088
  -0.2585581	    0.6363499
  -0.2585707	    0.6360907
  -0.2585829	    0.6358313
  -0.2585948	    0.6355717
  -0.2586067	    0.6353116
  -0.2586179	    0.6350508
  -0.2586291	    0.6347900
  -0.2586401	    0.6345291
  -0.2586510	    0.6342676
  -0.2586615	    0.6340054
  -0.2586714	    0.6337433
  -0.2586813	    0.6334804
  -0.2586912	    0.6332172
  -0.2587008	    0.6329539
  -0.2587099	    0.6326902
  -0.2587190	    0.6324258
  -0.2587282	    0.6321614
  -0.2587365	    0.6318963
  -0.2587446	    0.6316309
  -0.2587527	    0.6313652
  -0.2587610	    0.6310995
  -0.2587680	    0.6308330
  -0.2587752	    0.6305660
  -0.2587824	    0.6302990
  -0.2587892	    0.6300314
  -0.2587956	    0.6297633
  -0.2588019	    0.6294956
  -0.2588076	    0.6292264
  -0.2588135	    0.6289572
  -0.2588193	    0.6286878
  -0.2588245	    0.6284181
  -0.2588294	    0.6281481
  -0.2588343	    0.6278776
  -0.2580736	    0.6380295
  -0.2580875	    0.6377726
  -0.2581012	    0.6375153
  -0.2581146	    0.6372580
  -0.2581279	    0.6369998
  -0.2581409	    0.6367413
  -0.2581533	    0.6364828
  -0.2581655	    0.6362238
  -0.2581781	    0.6359641
  -0.2581896	    0.6357047
  -0.2582012	    0.6354446
  -0.2582130	    0.6351839
  -0.2582241	    0.6349231
  -0.2582351	    0.6346620
  -0.2582457	    0.6344006
  -0.2582563	    0.6341387
  -0.2582665	    0.6338762
  -0.2582763	    0.6336134
  -0.2582860	    0.6333505
  -0.2582955	    0.6330868
  -0.2583048	    0.6328230
  -0.2583139	    0.6325591
  -0.2583229	    0.6322946
  -0.2583315	    0.6320297
  -0.2583391	    0.6317639
  -0.2583472	    0.6314979
  -0.2583553	    0.6312321
  -0.2583629	    0.6309660
  -0.2583699	    0.6306990
  -0.2583769	    0.6304319
  -0.2583836	    0.6301645
  -0.2583901	    0.6298964
  -0.2583965	    0.6296278
  -0.2584027	    0.6293592
  -0.2584082	    0.6290900
  -0.2584134	    0.6288204
  -0.2584190	    0.6285506
  -0.2584242	    0.6282804
  -0.2584289	    0.6280097
  -0.2584332	    0.6277391
  -0.2576831	    0.6379057
  -0.2576966	    0.6376483
  -0.2577098	    0.6373908
  -0.2577230	    0.6371328
  -0.2577363	    0.6368747
  -0.2577488	    0.6366158
  -0.2577610	    0.6363567
  -0.2577730	    0.6360977
  -0.2577855	    0.6358375
  -0.2577966	    0.6355774
  -0.2578078	    0.6353169
  -0.2578192	    0.6350561
  -0.2578302	    0.6347950
  -0.2578405	    0.6345333
  -0.2578510	    0.6342718
  -0.2578615	    0.6340092
  -0.2578716	    0.6337464
  -0.2578813	    0.6334833
  -0.2578910	    0.6332201
  -0.2578999	    0.6329565
  -0.2579089	    0.6326923
  -0.2579176	    0.6324276
  -0.2579261	    0.6321624
  -0.2579345	    0.6318970
  -0.2579423	    0.6316314
  -0.2579497	    0.6313649
  -0.2579574	    0.6310985
  -0.2579648	    0.6308318
  -0.2579718	    0.6305646
  -0.2579787	    0.6302972
  -0.2579849	    0.6300294
  -0.2579911	    0.6297610
  -0.2579974	    0.6294920
  -0.2580032	    0.6292228
  -0.2580084	    0.6289535
  -0.2580136	    0.6286835
  -0.2580189	    0.6284133
  -0.2580235	    0.6281428
  -0.2580277	    0.6278718
  -0.2580320	    0.6276004
  -0.2572927	    0.6377819
  -0.2573058	    0.6375242
  -0.2573189	    0.6372661
  -0.2573320	    0.6370080
  -0.2573447	    0.6367495
  -0.2573566	    0.6364902
  -0.2573688	    0.6362306
  -0.2573809	    0.6359709
  -0.2573926	    0.6357107
  -0.2574037	    0.6354505
  -0.2574147	    0.6351892
  -0.2574257	    0.6349281
  -0.2574364	    0.6346666
  -0.2574466	    0.6344043
  -0.2574570	    0.6341423
  -0.2574668	    0.6338793
  -0.2574766	    0.6336164
  -0.2574864	    0.6333529
  -0.2574958	    0.6330890
  -0.2575047	    0.6328247
  -0.2575130	    0.6325605
  -0.2575213	    0.6322956
  -0.2575296	    0.6320300
  -0.2575378	    0.6317641
  -0.2575458	    0.6314982
  -0.2575526	    0.6312317
  -0.2575602	    0.6309647
  -0.2575673	    0.6306976
  -0.2575739	    0.6304301
  -0.2575805	    0.6301621
  -0.2575867	    0.6298941
  -0.2575928	    0.6296248
  -0.2575986	    0.6293557
  -0.2576037	    0.6290862
  -0.2576087	    0.6288166
  -0.2576140	    0.6285466
  -0.2576189	    0.6282760
  -0.2576230	    0.6280047
  -0.2576271	    0.6277330
  -0.2576310	    0.6274612
  -0.2569019	    0.6376574
  -0.2569150	    0.6373995
  -0.2569281	    0.6371412
  -0.2569409	    0.6368826
  -0.2569530	    0.6366236
  -0.2569648	    0.6363642
  -0.2569769	    0.6361042
  -0.2569886	    0.6358441
  -0.2569997	    0.6355837
  -0.2570107	    0.6353230
  -0.2570217	    0.6350614
  -0.2570326	    0.6347997
  -0.2570432	    0.6345376
  -0.2570532	    0.6342754
  -0.2570629	    0.6340128
  -0.2570724	    0.6337494
  -0.2570820	    0.6334863
  -0.2570915	    0.6332222
  -0.2571003	    0.6329579
  -0.2571089	    0.6326933
  -0.2571175	    0.6324285
  -0.2571256	    0.6321635
  -0.2571336	    0.6318976
  -0.2571413	    0.6316314
  -0.2571488	    0.6313649
  -0.2571561	    0.6310982
  -0.2571632	    0.6308305
  -0.2571697	    0.6305631
  -0.2571762	    0.6302955
  -0.2571822	    0.6300273
  -0.2571882	    0.6297585
  -0.2571939	    0.6294891
  -0.2571994	    0.6292193
  -0.2572045	    0.6289494
  -0.2572091	    0.6286793
  -0.2572138	    0.6284088
  -0.2572185	    0.6281375
  -0.2572227	    0.6278662
  -0.2572267	    0.6275941
  -0.2572303	    0.6273218
  -0.2565119	    0.6375329
  -0.2565248	    0.6372744
  -0.2565375	    0.6370157
  -0.2565496	    0.6367566
  -0.2565613	    0.6364971
  -0.2565736	    0.6362376
  -0.2565853	    0.6359774
  -0.2565963	    0.6357168
  -0.2566072	    0.6354562
  -0.2566179	    0.6351950
  -0.2566287	    0.6349332
  -0.2566389	    0.6346710
  -0.2566493	    0.6344087
  -0.2566591	    0.6341461
  -0.2566687	    0.6338830
  -0.2566783	    0.6336192
  -0.2566879	    0.6333555
  -0.2566967	    0.6330911
  -0.2567050	    0.6328268
  -0.2567133	    0.6325617
  -0.2567218	    0.6322963
  -0.2567301	    0.6320311
  -0.2567376	    0.6317646
  -0.2567450	    0.6314981
  -0.2567521	    0.6312313
  -0.2567591	    0.6309640
  -0.2567658	    0.6306961
  -0.2567718	    0.6304282
  -0.2567786	    0.6301602
  -0.2567843	    0.6298914
  -0.2567898	    0.6296223
  -0.2567951	    0.6293529
  -0.2568005	    0.6290828
  -0.2568058	    0.6288127
  -0.2568100	    0.6285422
  -0.2568143	    0.6282707
  -0.2568188	    0.6279989
  -0.2568226	    0.6277275
  -0.2568263	    0.6274552
  -0.2568297	    0.6271825
  -0.2561218	    0.6374075
  -0.2561344	    0.6371488
  -0.2561467	    0.6368901
  -0.2561585	    0.6366307
  -0.2561700	    0.6363709
  -0.2561817	    0.6361106
  -0.2561933	    0.6358500
  -0.2562042	    0.6355892
  -0.2562150	    0.6353282
  -0.2562254	    0.6350665
  -0.2562355	    0.6348043
  -0.2562457	    0.6345419
  -0.2562559	    0.6342792
  -0.2562654	    0.6340163
  -0.2562748	    0.6337528
  -0.2562842	    0.6334888
  -0.2562934	    0.6332244
  -0.2563016	    0.6329600
  -0.2563102	    0.6326952
  -0.2563182	    0.6324297
  -0.2563261	    0.6321638
  -0.2563338	    0.6318978
  -0.2563413	    0.6316313
  -0.2563487	    0.6313643
  -0.2563555	    0.6310972
  -0.2563622	    0.6308296
  -0.2563685	    0.6305616
  -0.2563744	    0.6302935
  -0.2563805	    0.6300243
  -0.2563865	    0.6297551
  -0.2563918	    0.6294859
  -0.2563969	    0.6292162
  -0.2564019	    0.6289459
  -0.2564065	    0.6286753
  -0.2564110	    0.6284040
  -0.2564151	    0.6281321
  -0.2564190	    0.6278602
  -0.2564226	    0.6275883
  -0.2564258	    0.6273155
  -0.2564291	    0.6270428
  -0.2557316	    0.6372822
  -0.2557437	    0.6370231
  -0.2557558	    0.6367643
  -0.2557673	    0.6365043
  -0.2557788	    0.6362442
  -0.2557901	    0.6359836
  -0.2558012	    0.6357226
  -0.2558120	    0.6354614
  -0.2558229	    0.6351997
  -0.2558331	    0.6349376
  -0.2558431	    0.6346753
  -0.2558530	    0.6344127
  -0.2558627	    0.6341493
  -0.2558721	    0.6338862
  -0.2558815	    0.6336221
  -0.2558905	    0.6333577
  -0.2558989	    0.6330931
  -0.2559069	    0.6328282
  -0.2559154	    0.6325632
  -0.2559235	    0.6322973
  -0.2559311	    0.6320310
  -0.2559384	    0.6317646
  -0.2559455	    0.6314979
  -0.2559524	    0.6312306
  -0.2559591	    0.6309630
  -0.2559656	    0.6306951
  -0.2559719	    0.6304268
  -0.2559775	    0.6301580
  -0.2559829	    0.6298885
  -0.2559885	    0.6296188
  -0.2559939	    0.6293493
  -0.2559987	    0.6290791
  -0.2560033	    0.6288081
  -0.2560077	    0.6285368
  -0.2560118	    0.6282655
  -0.2560157	    0.6279934
  -0.2560190	    0.6277211
  -0.2560221	    0.6274486
  -0.2560253	    0.6271756
  -0.2560285	    0.6269022
  -0.2553414	    0.6371568
  -0.2553533	    0.6368972
  -0.2553647	    0.6366377
  -0.2553769	    0.6363775
  -0.2553878	    0.6361169
  -0.2553986	    0.6358562
  -0.2554093	    0.6355951
  -0.2554200	    0.6353333
  -0.2554307	    0.6350709
  -0.2554408	    0.6348086
  -0.2554505	    0.6345460
  -0.2554600	    0.6342829
  -0.2554694	    0.6340191
  -0.2554788	    0.6337554
  -0.2554874	    0.6334917
  -0.2554962	    0.6332268
  -0.2555045	    0.6329617
  -0.2555124	    0.6326964
  -0.2555203	    0.6324309
  -0.2555283	    0.6321642
  -0.2555356	    0.6318978
  -0.2555429	    0.6316309
  -0.2555498	    0.6313639
  -0.2555562	    0.6310966
  -0.2555626	    0.6308285
  -0.2555684	    0.6305600
  -0.2555745	    0.6302909
  -0.2555803	    0.6300218
  -0.2555856	    0.6297523
  -0.2555907	    0.6294822
  -0.2555956	    0.6292121
  -0.2556001	    0.6289415
  -0.2556047	    0.6286703
  -0.2556089	    0.6283986
  -0.2556126	    0.6281268
  -0.2556164	    0.6278546
  -0.2556193	    0.6275817
  -0.2556223	    0.6273089
  -0.2556254	    0.6270354
  -0.2556282	    0.6267614
  -0.2549513	    0.6370309
  -0.2549630	    0.6367710
  -0.2549743	    0.6365109
  -0.2549859	    0.6362506
  -0.2549966	    0.6359897
  -0.2550073	    0.6357285
  -0.2550179	    0.6354670
  -0.2550283	    0.6352051
  -0.2550384	    0.6349426
  -0.2550485	    0.6346797
  -0.2550577	    0.6344163
  -0.2550669	    0.6341527
  -0.2550761	    0.6338890
  -0.2550853	    0.6336249
  -0.2550938	    0.6333601
  -0.2551020	    0.6330951
  -0.2551102	    0.6328301
  -0.2551180	    0.6325645
  -0.2551255	    0.6322984
  -0.2551328	    0.6320317
  -0.2551402	    0.6317646
  -0.2551474	    0.6314973
  -0.2551542	    0.6312297
  -0.2551603	    0.6309618
  -0.2551660	    0.6306931
  -0.2551718	    0.6304246
  -0.2551776	    0.6301552
  -0.2551832	    0.6298855
  -0.2551886	    0.6296157
  -0.2551935	    0.6293454
  -0.2551979	    0.6290746
  -0.2552023	    0.6288040
  -0.2552062	    0.6285322
  -0.2552101	    0.6282602
  -0.2552138	    0.6279880
  -0.2552174	    0.6277156
  -0.2552203	    0.6274420
  -0.2552227	    0.6271686
  -0.2552256	    0.6268947
  -0.2552282	    0.6266204
  -0.2545613	    0.6369044
  -0.2545726	    0.6366443
  -0.2545839	    0.6363838
  -0.2545950	    0.6361233
  -0.2546055	    0.6358624
  -0.2546160	    0.6356007
  -0.2546266	    0.6353385
  -0.2546368	    0.6350759
  -0.2546465	    0.6348131
  -0.2546560	    0.6345501
  -0.2546652	    0.6342864
  -0.2546744	    0.6340226
  -0.2546832	    0.6337584
  -0.2546918	    0.6334937
  -0.2547001	    0.6332285
  -0.2547079	    0.6329633
  -0.2547164	    0.6326979
  -0.2547238	    0.6324317
  -0.2547309	    0.6321652
  -0.2547380	    0.6318984
  -0.2547451	    0.6316311
  -0.2547520	    0.6313636
  -0.2547585	    0.6310950
  -0.2547645	    0.6308268
  -0.2547701	    0.6305582
  -0.2547757	    0.6302889
  -0.2547810	    0.6300192
  -0.2547860	    0.6297492
  -0.2547911	    0.6294791
  -0.2547957	    0.6292083
  -0.2548001	    0.6289369
  -0.2548044	    0.6286657
  -0.2548080	    0.6283936
  -0.2548115	    0.6281213
  -0.2548151	    0.6278488
  -0.2548182	    0.6275757
  -0.2548206	    0.6273021
  -0.2548233	    0.6270285
  -0.2548259	    0.6267539
  -0.2548278	    0.6264795
  -0.2541717	    0.6367784
  -0.2541828	    0.6365176
  -0.2541937	    0.6362567
  -0.2542045	    0.6359955
  -0.2542150	    0.6357341
  -0.2542254	    0.6354719
  -0.2542354	    0.6352096
  -0.2542453	    0.6349466
  -0.2542546	    0.6346834
  -0.2542637	    0.6344200
  -0.2542727	    0.6341561
  -0.2542819	    0.6338917
  -0.2542904	    0.6336274
  -0.2542985	    0.6333624
  -0.2543065	    0.6330971
  -0.2543143	    0.6328315
  -0.2543220	    0.6325649
  -0.2543291	    0.6322984
  -0.2543363	    0.6320315
  -0.2543434	    0.6317646
  -0.2543502	    0.6314971
  -0.2543565	    0.6312290
  -0.2543629	    0.6309604
  -0.2543686	    0.6306918
  -0.2543740	    0.6304225
  -0.2543794	    0.6301526
  -0.2543844	    0.6298826
  -0.2543892	    0.6296126
  -0.2543943	    0.6293419
  -0.2543982	    0.6290706
  -0.2544023	    0.6287989
  -0.2544065	    0.6285270
  -0.2544100	    0.6282548
  -0.2544136	    0.6279819
  -0.2544165	    0.6277091
  -0.2544190	    0.6274358
  -0.2544213	    0.6271621
  -0.2544239	    0.6268880
  -0.2544262	    0.6266130
  -0.2544277	    0.6263380
  -0.2537821	    0.6366516
  -0.2537929	    0.6363903
  -0.2538034	    0.6361295
  -0.2538140	    0.6358675
  -0.2538241	    0.6356052
  -0.2538341	    0.6353429
  -0.2538439	    0.6350806
  -0.2538538	    0.6348172
  -0.2538629	    0.6345536
  -0.2538720	    0.6342899
  -0.2538808	    0.6340258
  -0.2538893	    0.6337612
  -0.2538977	    0.6334963
  -0.2539054	    0.6332309
  -0.2539130	    0.6329652
  -0.2539206	    0.6326991
  -0.2539282	    0.6324323
  -0.2539351	    0.6321652
  -0.2539421	    0.6318979
  -0.2539488	    0.6316304
  -0.2539554	    0.6313623
  -0.2539614	    0.6310936
  -0.2539672	    0.6308250
  -0.2539728	    0.6305560
  -0.2539778	    0.6302864
  -0.2539830	    0.6300162
  -0.2539881	    0.6297460
  -0.2539923	    0.6294757
  -0.2539968	    0.6292043
  -0.2540008	    0.6289329
  -0.2540047	    0.6286606
  -0.2540085	    0.6283883
  -0.2540118	    0.6281159
  -0.2540147	    0.6278429
  -0.2540177	    0.6275695
  -0.2540199	    0.6272956
  -0.2540220	    0.6270214
  -0.2540241	    0.6267468
  -0.2540261	    0.6264718
  -0.2540276	    0.6261962
  -0.2533923	    0.6365241
  -0.2534026	    0.6362627
  -0.2534130	    0.6360017
  -0.2534234	    0.6357393
  -0.2534333	    0.6354765
  -0.2534430	    0.6352137
  -0.2534526	    0.6349509
  -0.2534622	    0.6346872
  -0.2534713	    0.6344235
  -0.2534798	    0.6341592
  -0.2534882	    0.6338946
  -0.2534966	    0.6336298
  -0.2535049	    0.6333647
  -0.2535125	    0.6330988
  -0.2535201	    0.6328323
  -0.2535273	    0.6325658
  -0.2535343	    0.6322990
  -0.2535412	    0.6320317
  -0.2535480	    0.6317642
  -0.2535543	    0.6314963
  -0.2535606	    0.6312277
  -0.2535664	    0.6309587
  -0.2535718	    0.6306894
  -0.2535770	    0.6304200
  -0.2535820	    0.6301505
  -0.2535867	    0.6298798
  -0.2535916	    0.6296090
  -0.2535960	    0.6293381
  -0.2536000	    0.6290665
  -0.2536037	    0.6287948
  -0.2536071	    0.6285219
  -0.2536106	    0.6282496
  -0.2536137	    0.6279767
  -0.2536164	    0.6277031
  -0.2536191	    0.6274291
  -0.2536211	    0.6271549
  -0.2536230	    0.6268800
  -0.2536250	    0.6266050
  -0.2536268	    0.6263298
  -0.2536280	    0.6260541
  -0.2530026	    0.6363966
  -0.2530129	    0.6361351
  -0.2530231	    0.6358728
  -0.2530329	    0.6356105
  -0.2530427	    0.6353475
  -0.2530523	    0.6350844
  -0.2530616	    0.6348209
  -0.2530705	    0.6345571
  -0.2530796	    0.6342933
  -0.2530878	    0.6340283
  -0.2530960	    0.6337631
  -0.2531041	    0.6334978
  -0.2531121	    0.6332324
  -0.2531197	    0.6329665
  -0.2531273	    0.6326998
  -0.2531341	    0.6324328
  -0.2531407	    0.6321656
  -0.2531471	    0.6318979
  -0.2531532	    0.6316298
  -0.2531595	    0.6313619
  -0.2531658	    0.6310925
  -0.2531715	    0.6308232
  -0.2531765	    0.6305537
  -0.2531814	    0.6302840
  -0.2531868	    0.6300139
  -0.2531908	    0.6297431
  -0.2531950	    0.6294718
  -0.2531994	    0.6292001
  -0.2532032	    0.6289282
  -0.2532066	    0.6286560
  -0.2532100	    0.6283830
  -0.2532128	    0.6281102
  -0.2532156	    0.6278369
  -0.2532183	    0.6275630
  -0.2532209	    0.6272885
  -0.2532228	    0.6270140
  -0.2532247	    0.6267390
  -0.2532261	    0.6264634
  -0.2532272	    0.6261875
  -0.2532282	    0.6259114
         NaN	          NaN
  -0.2526232	    0.6360070
  -0.2526332	    0.6357443
  -0.2526428	    0.6354815
  -0.2526523	    0.6352184
  -0.2526617	    0.6349552
  -0.2526708	    0.6346911
  -0.2526794	    0.6344267
  -0.2526877	    0.6341622
  -0.2526959	    0.6338971
  -0.2527042	    0.6336319
  -0.2527118	    0.6333660
  -0.2527193	    0.6331001
  -0.2527267	    0.6328338
  -0.2527338	    0.6325667
  -0.2527407	    0.6322994
  -0.2527471	    0.6320320
  -0.2527531	    0.6317638
  -0.2527592	    0.6314951
  -0.2527652	    0.6312264
  -0.2527710	    0.6309570
  -0.2527765	    0.6306876
  -0.2527813	    0.6304175
  -0.2527860	    0.6301474
  -0.2527908	    0.6298770
  -0.2527953	    0.6296056
  -0.2527987	    0.6293341
  -0.2528027	    0.6290620
  -0.2528062	    0.6287896
  -0.2528095	    0.6285171
  -0.2528128	    0.6282441
  -0.2528153	    0.6279706
  -0.2528179	    0.6276967
  -0.2528203	    0.6274226
  -0.2528225	    0.6271480
  -0.2528243	    0.6268728
  -0.2528256	    0.6265971
  -0.2528269	    0.6263215
  -0.2528278	    0.6260451
  -0.2528285	    0.6257685
