-11.7675506198
-11.7674806328
-11.7674106458
-11.7673406589
-11.7672706719
-11.7672006849
-11.7671306979
-11.7670607109
-11.766990724
-11.766920737
-11.76685075
-11.766780763
-11.766710776
-11.7666407891
-11.7665708021
-11.7665008151
-11.7664308281
-11.7663608411
-11.7662908542
-11.7662208672
-11.7661508802
-11.7660808932
-11.7660109062
-11.7659409193
-11.7658709323
-11.7658009453
-11.7657309583
-11.7656609714
-11.7655909844
-11.7655209974
-11.7654510104
-11.7653810234
-11.7653110365
-11.7652410495
-11.7651710625
-11.7651010755
-11.7650310885
-11.7649611016
-11.7648911146
-11.7648211276
-11.7647511406
-11.7646811536
-11.7646111667
-11.7645411797
-11.7644711927
-11.7644012057
-11.7643312187
-11.7642612318
-11.7641912448
-11.7641212578
-11.7640512708
-11.7639812839
-11.7639112969
-11.7638413099
-11.7637713229
-11.7637013359
-11.763631349
-11.763561362
-11.763491375
-11.763421388
-11.763351401
-11.7632814141
-11.7632114271
-11.7631414401
-11.7630714531
-11.7630014661
-11.7629314792
-11.7628614922
-11.7627915052
-11.7627215182
-11.7626515312
-11.7625815443
-11.7625115573
-11.7624415703
-11.7623715833
-11.7623015964
-11.7622316094
-11.7621616224
-11.7620916354
-11.7620216484
-11.7619516615
-11.7618816745
-11.7618116875
-11.7617417005
-11.7616717135
-11.7616017266
-11.7615317396
-11.7614617526
-11.7613917656
-11.7613217786
