206.885835563
206.885764066
206.88569257
206.885621073
206.885549576
206.885478079
206.885406582
206.885335085
206.885263588
206.885192092
206.885120595
206.885049098
206.884977601
206.884906104
206.884834607
206.88476311
206.884691613
206.884620117
206.88454862
206.884477123
206.884405626
206.884334129
206.884262632
206.884191135
206.884119639
206.884048142
206.883976645
206.883905148
206.883833651
206.883762154
206.883690657
206.88361916
206.883547664
206.883476167
206.88340467
206.883333173
206.883261676
206.883190179
206.883118682
206.883047186
206.882975689
206.882904192
206.882832695
206.882761198
206.882689701
206.882618204
206.882546708
206.882475211
206.882403714
206.882332217
206.88226072
206.882189223
206.882117726
206.882046229
206.881974733
206.881903236
206.881831739
206.881760242
206.881688745
206.881617248
206.881545751
206.881474255
206.881402758
206.881331261
206.881259764
206.881188267
206.88111677
206.881045273
206.880973776
206.88090228
206.880830783
206.880759286
206.880687789
206.880616292
206.880544795
206.880473298
206.880401802
206.880330305
206.880258808
206.880187311
206.880115814
206.880044317
206.87997282
206.879901324
206.879829827
206.87975833
206.879686833
206.879615336
206.879543839
206.879472342
