------ interpVal for (ra=[ 109.38107  109.37633  109.3909   109.39852  109.39443  109.40714
  109.38881  109.37966  109.39618], dec=[ 37.75038   37.744551  37.763158  37.74145   37.73913   37.753792
  37.75213   37.739664  37.760379]) on /home/albert/Desktop/41.FF/cl01.MACS0717/sharon_z1.855/hlsp_frontier_model_macs0717_sharon_v2_mag_rs_1.855.fits ------ 
(ra=[ 109.38107  109.37633  109.3909   109.39852  109.39443  109.40714
  109.38881  109.37966  109.39618], dec=[ 37.75038   37.744551  37.763158  37.74145   37.73913   37.753792
  37.75213   37.739664  37.760379])  =>  (x=[ 3004.88377544  3229.76871972  2538.5084585   2176.98456072  2371.03085231
  1768.01658188  2637.66658794  3071.77992975  2288.00371043], y=[ 2708.12  2358.38  3474.8   2172.32  2033.12  2912.84  2813.12  2065.16
  3308.06])  =>  value=[5.8606824692880792, 3.1237537239358821, 2.9052690613095975, 9.2649992818947347, 14.120067082625031, 4.7770756694751961, 5.6534248252535004, 2.5891278621842062, 4.701817725530792]
------ interpVal for (ra=[ 109.38107  109.37633  109.3909   109.39852  109.39443  109.40714
  109.38881  109.37966  109.39618], dec=[ 37.75038   37.744551  37.763158  37.74145   37.73913   37.753792
  37.75213   37.739664  37.760379]) on /home/albert/Desktop/41.FF/cl01.MACS0717/sharon_z1.855/hlsp_frontier_model_macs0717_sharon_v2_kappa_rs_1.855.fits ------ 
(ra=[ 109.38107  109.37633  109.3909   109.39852  109.39443  109.40714
  109.38881  109.37966  109.39618], dec=[ 37.75038   37.744551  37.763158  37.74145   37.73913   37.753792
  37.75213   37.739664  37.760379])  =>  (x=[ 3004.88377544  3229.76871972  2538.5084585   2176.98456072  2371.03085231
  1768.01658188  2637.66658794  3071.77992975  2288.00371043], y=[ 2708.12  2358.38  3474.8   2172.32  2033.12  2912.84  2813.12  2065.16
  3308.06])  =>  value=[0.73774482288587329, 0.39355630164632416, 0.40354423448368354, 0.8614028207641331, 0.70216947485006098, 0.46920475593508837, 0.82046152022916219, 0.35741548163239834, 0.4791501547184035]
------ interpVal for (ra=[ 109.38107  109.37633  109.3909   109.39852  109.39443  109.40714
  109.38881  109.37966  109.39618], dec=[ 37.75038   37.744551  37.763158  37.74145   37.73913   37.753792
  37.75213   37.739664  37.760379]) on /home/albert/Desktop/41.FF/cl01.MACS0717/sharon_z1.855/hlsp_frontier_model_macs0717_sharon_v2_gamma_rs_1.855.fits ------ 
(ra=[ 109.38107  109.37633  109.3909   109.39852  109.39443  109.40714
  109.38881  109.37966  109.39618], dec=[ 37.75038   37.744551  37.763158  37.74145   37.73913   37.753792
  37.75213   37.739664  37.760379])  =>  (x=[ 3004.88377544  3229.76871972  2538.5084585   2176.98456072  2371.03085231
  1768.01658188  2637.66658794  3071.77992975  2288.00371043], y=[ 2708.12  2358.38  3474.8   2172.32  2033.12  2912.84  2813.12  2065.16
  3308.06])  =>  value=[0.48929169039096987, 0.21828032710083392, 0.10750494093623177, 0.35657013731904014, 0.13372295213845398, 0.26909203337870558, 0.45729421600686448, 0.16335368286499938, 0.24207611700488832]
------ interpVal for (ra=[ 109.38107  109.37633  109.3909   109.39852  109.39443  109.40714
  109.38881  109.37966  109.39618], dec=[ 37.75038   37.744551  37.763158  37.74145   37.73913   37.753792
  37.75213   37.739664  37.760379]) on /home/albert/Desktop/41.FF/cl01.MACS0717/sharon_z1.855/hlsp_frontier_model_macs0717_sharon_v2_angle_rs_1.855.fits ------ 
(ra=[ 109.38107  109.37633  109.3909   109.39852  109.39443  109.40714
  109.38881  109.37966  109.39618], dec=[ 37.75038   37.744551  37.763158  37.74145   37.73913   37.753792
  37.75213   37.739664  37.760379])  =>  (x=[ 3004.88377544  3229.76871972  2538.5084585   2176.98456072  2371.03085231
  1768.01658188  2637.66658794  3071.77992975  2288.00371043], y=[ 2708.12  2358.38  3474.8   2172.32  2033.12  2912.84  2813.12  2065.16
  3308.06])  =>  value=[38.553398287962317, 15.612618101688758, 63.383141047063653, 52.411937508790487, 54.256613124228551, 166.9717533131591, 30.887367979511872, 159.41734578485554, 78.339635518825688]
