-0.865207 -0.864308 -0.863394 -0.862463 -0.861516 -0.860552 -0.859569 -0.858569 -0.857549 -0.85651 -0.85545 -0.854368 -0.853265 -0.852138 -0.850987 -0.849812 -0.84861 -0.847382 -0.846126 -0.844841 -0.843527 -0.842181 -0.840804 -0.839395 -0.837953 -0.836477 -0.834967 -0.833424 -0.831846 -0.830235
-0.864976 -0.864073 -0.863155 -0.86222 -0.861269 -0.860301 -0.859315 -0.858311 -0.857288 -0.856246 -0.855183 -0.854099 -0.852994 -0.851866 -0.850715 -0.849539 -0.848339 -0.847113 -0.84586 -0.844579 -0.84327 -0.841932 -0.840564 -0.839164 -0.837734 -0.836271 -0.834775 -0.833247 -0.831685 -0.830091
-0.864743 -0.863837 -0.862915 -0.861977 -0.861022 -0.860051 -0.859062 -0.858054 -0.857028 -0.855983 -0.854918 -0.853832 -0.852726 -0.851597 -0.850446 -0.849271 -0.848072 -0.846848 -0.845599 -0.844324 -0.843021 -0.84169 -0.840331 -0.838942 -0.837523 -0.836073 -0.834591 -0.833078 -0.831533 -0.829955
-0.86451 -0.8636 -0.862675 -0.861734 -0.860776 -0.859801 -0.858809 -0.857799 -0.85677 -0.855722 -0.854655 -0.853568 -0.85246 -0.851331 -0.85018 -0.849006 -0.847809 -0.846589 -0.845344 -0.844073 -0.842777 -0.841454 -0.840104 -0.838726 -0.837319 -0.835882 -0.834415 -0.832917 -0.831388 -0.829826
-0.864277 -0.863364 -0.862435 -0.861491 -0.860529 -0.859552 -0.858556 -0.857544 -0.856512 -0.855463 -0.854394 -0.853305 -0.852197 -0.851067 -0.849917 -0.848745 -0.84755 -0.846333 -0.845092 -0.843827 -0.842538 -0.841223 -0.839882 -0.838515 -0.83712 -0.835698 -0.834246 -0.832763 -0.83125 -0.829704
-0.864043 -0.863127 -0.862195 -0.861248 -0.860284 -0.859303 -0.858305 -0.85729 -0.856256 -0.855204 -0.854134 -0.853045 -0.851935 -0.850806 -0.849657 -0.848486 -0.847294 -0.84608 -0.844844 -0.843585 -0.842302 -0.840996 -0.839665 -0.838309 -0.836927 -0.835518 -0.834081 -0.832615 -0.831118 -0.829589
-0.86381 -0.862891 -0.861956 -0.861005 -0.860038 -0.859055 -0.858054 -0.857036 -0.856001 -0.854947 -0.853876 -0.852785 -0.851676 -0.850547 -0.849398 -0.848229 -0.84704 -0.845829 -0.844598 -0.843345 -0.84207 -0.840772 -0.839451 -0.838107 -0.836737 -0.835343 -0.833921 -0.832472 -0.830992 -0.829481
-0.863576 -0.862654 -0.861717 -0.860763 -0.859793 -0.858807 -0.857804 -0.856784 -0.855746 -0.854691 -0.853618 -0.852527 -0.851417 -0.850288 -0.849141 -0.847974 -0.846787 -0.84558 -0.844353 -0.843106 -0.841838 -0.840549 -0.839239 -0.837905 -0.836549 -0.835169 -0.833764 -0.832331 -0.83087 -0.829377
-0.863343 -0.862418 -0.861478 -0.860521 -0.859549 -0.85856 -0.857554 -0.856532 -0.855493 -0.854436 -0.853362 -0.852269 -0.851159 -0.850031 -0.848884 -0.847719 -0.846535 -0.845332 -0.84411 -0.842868 -0.841608 -0.840327 -0.839026 -0.837705 -0.836362 -0.834997 -0.833608 -0.832193 -0.830751 -0.829279
-0.86311 -0.862183 -0.861239 -0.86028 -0.859305 -0.858314 -0.857306 -0.856281 -0.85524 -0.854181 -0.853105 -0.852012 -0.850902 -0.849774 -0.848628 -0.847464 -0.846283 -0.845083 -0.843865 -0.84263 -0.841376 -0.840103 -0.838812 -0.837503 -0.836173 -0.834823 -0.833451 -0.832055 -0.830633 -0.829182
-0.862878 -0.861948 -0.861001 -0.860039 -0.859062 -0.858068 -0.857057 -0.85603 -0.854987 -0.853927 -0.85285 -0.851755 -0.850644 -0.849516 -0.848371 -0.847209 -0.84603 -0.844833 -0.84362 -0.842389 -0.841142 -0.839878 -0.838596 -0.837297 -0.835981 -0.834645 -0.83329 -0.831914 -0.830514 -0.829086
-0.862647 -0.861713 -0.860764 -0.859799 -0.858819 -0.857822 -0.856809 -0.85578 -0.854734 -0.853672 -0.852594 -0.851498 -0.850387 -0.849258 -0.848114 -0.846952 -0.845775 -0.844581 -0.843372 -0.842146 -0.840905 -0.839648 -0.838376 -0.837087 -0.835783 -0.834463 -0.833125 -0.831768 -0.83039 -0.828987
-0.862415 -0.861479 -0.860527 -0.85956 -0.858576 -0.857577 -0.856562 -0.85553 -0.854482 -0.853418 -0.852338 -0.851241 -0.850128 -0.848999 -0.847855 -0.846694 -0.845518 -0.844327 -0.843121 -0.841899 -0.840663 -0.839413 -0.838149 -0.836871 -0.835579 -0.834272 -0.83295 -0.831613 -0.830257 -0.82888
-0.862185 -0.861246 -0.860291 -0.859321 -0.858335 -0.857332 -0.856314 -0.85528 -0.85423 -0.853163 -0.852081 -0.850983 -0.849869 -0.848739 -0.847594 -0.846434 -0.845259 -0.844069 -0.842865 -0.841647 -0.840416 -0.839172 -0.837915 -0.836646 -0.835364 -0.834071 -0.832764 -0.831445 -0.830111 -0.82876
-0.861956 -0.861014 -0.860056 -0.859083 -0.858093 -0.857088 -0.856067 -0.85503 -0.853977 -0.852908 -0.851823 -0.850723 -0.849608 -0.848477 -0.847331 -0.84617 -0.844996 -0.843807 -0.842605 -0.84139 -0.840162 -0.838923 -0.837672 -0.836411 -0.835138 -0.833856 -0.832564 -0.831261 -0.829947 -0.828621
-0.861727 -0.860782 -0.859821 -0.858845 -0.857852 -0.856844 -0.85582 -0.85478 -0.853724 -0.852652 -0.851565 -0.850462 -0.849345 -0.848212 -0.847065 -0.845903 -0.844728 -0.84354 -0.842339 -0.841126 -0.839901 -0.838665 -0.837419 -0.836164 -0.834899 -0.833626 -0.832346 -0.831057 -0.829761 -0.828457
-0.8615 -0.860552 -0.859588 -0.858608 -0.857612 -0.856601 -0.855573 -0.85453 -0.853471 -0.852396 -0.851306 -0.8502 -0.84908 -0.847945 -0.846796 -0.845633 -0.844457 -0.843268 -0.842067 -0.840854 -0.839631 -0.838398 -0.837155 -0.835904 -0.834645 -0.833379 -0.832108 -0.83083 -0.829548 -0.82826
-0.861273 -0.860322 -0.859355 -0.858372 -0.857373 -0.856357 -0.855326 -0.854279 -0.853217 -0.852138 -0.851045 -0.849936 -0.848813 -0.847675 -0.846523 -0.845358 -0.84418 -0.84299 -0.841788 -0.840575 -0.839352 -0.83812 -0.836879 -0.83563 -0.834375 -0.833114 -0.831848 -0.830578 -0.829304 -0.828028
-0.861048 -0.860094 -0.859123 -0.858136 -0.857133 -0.856115 -0.85508 -0.854029 -0.852962 -0.85188 -0.850783 -0.84967 -0.848543 -0.847402 -0.846247 -0.845079 -0.843898 -0.842706 -0.841502 -0.840288 -0.839063 -0.83783 -0.83659 -0.835342 -0.834088 -0.832829 -0.831565 -0.830298 -0.829029 -0.827758
-0.860824 -0.859866 -0.858892 -0.857902 -0.856895 -0.855872 -0.854833 -0.853778 -0.852707 -0.851621 -0.850519 -0.849402 -0.848271 -0.847126 -0.845967 -0.844795 -0.843611 -0.842415 -0.841208 -0.839991 -0.838765 -0.83753 -0.836288 -0.835039 -0.833784 -0.832524 -0.83126 -0.829993 -0.828722 -0.827449
-0.860602 -0.859641 -0.858663 -0.857668 -0.856657 -0.85563 -0.854587 -0.853527 -0.852452 -0.85136 -0.850254 -0.849132 -0.847996 -0.846846 -0.845683 -0.844506 -0.843318 -0.842118 -0.840907 -0.839686 -0.838457 -0.837219 -0.835973 -0.834721 -0.833463 -0.8322 -0.830933 -0.829661 -0.828386 -0.827106
-0.860381 -0.859416 -0.858434 -0.857436 -0.85642 -0.855389 -0.85434 -0.853276 -0.852195 -0.851099 -0.849987 -0.84886 -0.847719 -0.846563 -0.845395 -0.844213 -0.843019 -0.841814 -0.840598 -0.839373 -0.838138 -0.836896 -0.835646 -0.834389 -0.833127 -0.831859 -0.830585 -0.829307 -0.828023 -0.826732
-0.860163 -0.859193 -0.858207 -0.857204 -0.856185 -0.855148 -0.854095 -0.853025 -0.851939 -0.850836 -0.849719 -0.848586 -0.847439 -0.846277 -0.845102 -0.843914 -0.842715 -0.841504 -0.840282 -0.83905 -0.83781 -0.836562 -0.835306 -0.834044 -0.832775 -0.8315 -0.83022 -0.828932 -0.827638 -0.826334
-0.859946 -0.858972 -0.857982 -0.856975 -0.85595 -0.854908 -0.853849 -0.852773 -0.851681 -0.850573 -0.849449 -0.84831 -0.847156 -0.845987 -0.844805 -0.843611 -0.842404 -0.841186 -0.839958 -0.83872 -0.837473 -0.836218 -0.834955 -0.833686 -0.832409 -0.831127 -0.829837 -0.82854 -0.827235 -0.825917
-0.859731 -0.858753 -0.857759 -0.856746 -0.855716 -0.854669 -0.853604 -0.852522 -0.851424 -0.850309 -0.849178 -0.848031 -0.84687 -0.845694 -0.844505 -0.843303 -0.842088 -0.840863 -0.839627 -0.838381 -0.837126 -0.835864 -0.834593 -0.833316 -0.832031 -0.83074 -0.829441 -0.828134 -0.826817 -0.825486
-0.859518 -0.858537 -0.857537 -0.856519 -0.855484 -0.854431 -0.85336 -0.852271 -0.851166 -0.850044 -0.848905 -0.847751 -0.846581 -0.845398 -0.8442 -0.842989 -0.841767 -0.840532 -0.839288 -0.838034 -0.836771 -0.8355 -0.834221 -0.832935 -0.831642 -0.830342 -0.829033 -0.827716 -0.826388 -0.825046
-0.859308 -0.858322 -0.857318 -0.856295 -0.855253 -0.854194 -0.853116 -0.852021 -0.850908 -0.849778 -0.848631 -0.847468 -0.84629 -0.845098 -0.843891 -0.842671 -0.841439 -0.840196 -0.838942 -0.837679 -0.836407 -0.835127 -0.833839 -0.832544 -0.831242 -0.829933 -0.828615 -0.827289 -0.825951 -0.824599
-0.859101 -0.85811 -0.857101 -0.856072 -0.855025 -0.853958 -0.852874 -0.851771 -0.85065 -0.849511 -0.848356 -0.847184 -0.845997 -0.844794 -0.843578 -0.842348 -0.841107 -0.839853 -0.83859 -0.837317 -0.836035 -0.834746 -0.833449 -0.832144 -0.830833 -0.829515 -0.828189 -0.826853 -0.825507 -0.824147
-0.858897 -0.857901 -0.856886 -0.855852 -0.854798 -0.853725 -0.852633 -0.851521 -0.850392 -0.849245 -0.84808 -0.846898 -0.845701 -0.844488 -0.843261 -0.842021 -0.840768 -0.839504 -0.83823 -0.836947 -0.835655 -0.834356 -0.833049 -0.831736 -0.830416 -0.829089 -0.827754 -0.826411 -0.825058 -0.823692
-0.858696 -0.857695 -0.856675 -0.855634 -0.854573 -0.853493 -0.852393 -0.851273 -0.850135 -0.848978 -0.847803 -0.846611 -0.845402 -0.844178 -0.84294 -0.841689 -0.840425 -0.83915 -0.837864 -0.83657 -0.835268 -0.833958 -0.832641 -0.831319 -0.82999 -0.828655 -0.827313 -0.825963 -0.824604 -0.823234
