4.46933 4.50553 4.54247 4.58013 4.61849 4.6575 4.6971 4.73724 4.77783 4.81878 4.86001 4.90139 4.9428 4.98415 5.02529 5.06614 5.10658 5.14657 5.18609 5.22517 5.26392 5.30253 5.34128 5.38056 5.42084 5.46269 5.50672 5.55355 5.60375 5.65771
4.40986 4.4444 4.47964 4.51558 4.55218 4.58941 4.62722 4.66556 4.70435 4.74353 4.78301 4.8227 4.8625 4.90231 4.94203 4.98157 5.02087 5.05989 5.09861 5.1371 5.17544 5.21384 5.25257 5.29199 5.33256 5.37482 5.41935 5.46675 5.51758 5.57224
4.35368 4.38675 4.42051 4.45495 4.49003 4.52574 4.56203 4.59886 4.63616 4.67389 4.71196 4.7503 4.78883 4.82747 4.86613 4.90475 4.94327 4.98167 5.01995 5.05816 5.09642 5.1349 5.17386 5.21366 5.25474 5.2976 5.34282 5.39101 5.44271 5.49836
4.30055 4.33233 4.3648 4.39793 4.43171 4.46612 4.50112 4.53668 4.57276 4.6093 4.64625 4.68354 4.7211 4.75887 4.79678 4.83478 4.87283 4.91091 4.94903 4.98726 5.02569 5.0645 5.10395 5.14437 5.18617 5.22987 5.27603 5.32526 5.37814 5.43514
4.25026 4.28091 4.31224 4.34424 4.3769 4.4102 4.44413 4.47864 4.51371 4.5493 4.58536 4.62184 4.65868 4.69584 4.73325 4.77089 4.80872 4.84674 4.88495 4.92343 4.96228 5.00167 5.04185 5.08312 5.12591 5.17071 5.21809 5.26868 5.32311 5.38192
4.20261 4.23227 4.26261 4.29364 4.32533 4.3577 4.39072 4.42436 4.45862 4.49345 4.52882 4.56469 4.60103 4.63778 4.67492 4.71241 4.75024 4.78841 4.82693 4.86589 4.90538 4.94557 4.9867 5.02909 5.07313 5.11933 5.16828 5.22064 5.27708 5.33826
4.15743 4.18621 4.21569 4.24587 4.27674 4.30832 4.34058 4.37352 4.40712 4.44136 4.47621 4.51166 4.54766 4.5842 4.62123 4.65876 4.69677 4.73527 4.77429 4.81392 4.85425 4.89547 4.9378 4.98156 5.02716 5.07512 5.12604 5.18063 5.23966 5.30389
4.11453 4.14255 4.17128 4.20073 4.2309 4.26181 4.29345 4.32581 4.35889 4.39268 4.42717 4.46233 4.49815 4.53461 4.5717 4.60941 4.64775 4.68674 4.72644 4.7669 4.80827 4.85071 4.89448 4.9399 4.98739 5.03749 5.09085 5.14825 5.21057 5.27872
4.07376 4.10111 4.12919 4.15801 4.1876 4.21795 4.24907 4.28098 4.31366 4.34712 4.38135 4.41635 4.45211 4.48862 4.52589 4.56391 4.60272 4.64233 4.68283 4.72429 4.76686 4.81073 4.85617 4.90353 4.95325 5.00593 5.06227 5.12315 5.1896 5.26273
4.03499 4.06175 4.08926 4.11755 4.14663 4.17652 4.20723 4.23877 4.27116 4.30439 4.33847 4.37341 4.40921 4.44587 4.48342 4.52186 4.56122 4.60158 4.64299 4.68558 4.7295 4.77498 4.82231 4.87188 4.92419 4.97991 5.03983 5.10496 5.17654 5.25596
3.99808 4.02432 4.05135 4.07918 4.10784 4.13734 4.16772 4.19899 4.23116 4.26424 4.29826 4.33322 4.36915 4.40604 4.44394 4.48288 4.52289 4.56407 4.60649 4.65031 4.69571 4.74294 4.79235 4.84439 4.89964 4.95885 5.02298 5.09323 5.17109 5.25839
3.96291 3.9887 4.0153 4.04274 4.07105 4.10025 4.13037 4.16142 4.19345 4.22646 4.26049 4.29554 4.33165 4.36885 4.40716 4.44665 4.48738 4.52943 4.57293 4.61805 4.66501 4.71411 4.76576 4.82048 4.87897 4.94211 5.01107 5.08732 5.17276 5.26978
3.92937 3.95477 3.98101 4.00812 4.03613 4.06508 4.095 4.12591 4.15785 4.19085 4.22494 4.26014 4.29649 4.33403 4.37281 4.4129 4.45437 4.49734 4.54195 4.58841 4.63698 4.68802 4.742 4.79955 4.8615 4.92893 5.00326 5.08636 5.18069 5.28943
3.89737 3.92243 3.94835 3.97518 4.00296 4.03171 4.06148 4.0923 4.12421 4.15724 4.19143 4.22682 4.26346 4.30138 4.34066 4.38136 4.4236 4.46749 4.51322 4.56102 4.6112 4.66419 4.72053 4.78097 4.84649 4.91842 4.9985 5.08912 5.19346 5.3159
3.86682 3.89158 3.91724 3.94383 3.97141 4.00002 4.02968 4.06046 4.09238 4.12548 4.15982 4.19544 4.23238 4.27071 4.31049 4.35182 4.39482 4.43963 4.48645 4.53556 4.58731 4.64218 4.70082 4.76409 4.83315 4.90957 4.99552 5.09396 5.20903 5.34662
3.83763 3.86213 3.88757 3.91397 3.9414 3.96989 3.9995 4.03026 4.06223 4.09544 4.12996 4.16583 4.2031 4.24185 4.28215 4.32411 4.36785 4.41354 4.46141 4.51175 4.56497 4.6216 4.68238 4.74828 4.82065 4.90133 4.99288 5.09891 5.22462 5.37773
3.80974 3.83402 3.85927 3.88552 3.91283 3.94125 3.97083 4.00161 4.03366 4.06702 4.10174 4.13788 4.1755 4.21468 4.25549 4.29806 4.34251 4.38904 4.43787 4.48935 4.54389 4.6021 4.66477 4.73298 4.80824 4.89262 4.98906 5.10177 5.23698 5.40421
3.78309 3.80718 3.83227 3.8584 3.88562 3.914 3.94359 3.97443 4.00659 4.04012 4.07507 4.1115 4.14948 4.18909 4.23041 4.27356 4.31869 4.36599 4.4157 4.46817 4.52387 4.5834 4.64763 4.71771 4.79525 4.8825 4.98267 5.10043 5.24276 5.42061
3.75761 3.78155 3.80651 3.83255 3.85972 3.88809 3.91772 3.94865 3.98095 4.01467 4.04987 4.08661 4.12497 4.16501 4.20683 4.25055 4.2963 4.3443 4.39478 4.44811 4.50474 4.56531 4.63071 4.70211 4.78118 4.87025 4.97263 5.09319 5.23924 5.42225
3.73328 3.75708 3.78194 3.80792 3.83507 3.86346 3.89316 3.9242 3.95667 3.99061 4.02609 4.06316 4.10191 4.14239 4.1847 4.22896 4.2753 4.32393 4.37508 4.42909 4.48644 4.54775 4.61388 4.68601 4.76577 4.85546 4.95833 5.07911 5.22486 5.40657
3.71003 3.73373 3.75852 3.78447 3.81163 3.84007 3.86986 3.90106 3.93372 3.96792 4.0037 4.04113 4.08027 4.1212 4.16401 4.20879 4.25568 4.30487 4.35658 4.41114 4.46899 4.53072 4.59715 4.6694 4.74901 4.83811 4.93972 5.05813 5.19965 5.37379
3.68785 3.71147 3.73622 3.76216 3.78936 3.81788 3.8478 3.87918 3.91207 3.94655 3.98267 4.02048 4.06005 4.10145 4.14475 4.19005 4.23747 4.28716 4.33934 4.3943 4.45245 4.51431 4.58064 4.65245 4.73112 4.81853 4.9173 5.03109 5.16508 5.32674
3.66671 3.69028 3.715 3.74097 3.76823 3.79687 3.82696 3.85855 3.89171 3.92651 3.963 4.00123 4.04127 4.08316 4.12698 4.1728 4.22072 4.27088 4.32346 4.37871 4.43698 4.49873 4.5646 4.63547 4.71252 4.79732 4.89201 4.99948 5.12364 5.26982
3.64657 3.67012 3.69486 3.72087 3.74824 3.77702 3.80731 3.83916 3.87264 3.9078 3.9447 3.9834 4.02394 4.06637 4.11073 4.1571 4.20554 4.25615 4.30908 4.36453 4.42278 4.4842 4.54934 4.61888 4.69379 4.77529 4.86503 4.96511 5.07823 5.20779
3.62745 3.65099 3.67577 3.70186 3.72936 3.75834 3.78886 3.82101 3.85485 3.89043 3.92781 3.96703 4.00813 4.05114 4.09611 4.14305 4.19203 4.2431 4.29636 4.35196 4.41009 4.47105 4.53523 4.60317 4.67556 4.75332 4.83761 4.92981 5.03162 5.14488
3.60932 3.63288 3.65773 3.68394 3.71161 3.74081 3.77163 3.80413 3.83838 3.87444 3.91235 3.95216 3.99389 4.03756 4.08319 4.13077 4.18034 4.2319 4.28551 4.34123 4.3992 4.4596 4.52269 4.58883 4.6585 4.7323 4.81095 4.89527 4.98613 5.08431
3.59218 3.61579 3.64074 3.6671 3.69498 3.72445 3.75561 3.78852 3.82325 3.85986 3.89839 3.93887 3.98132 4.02573 4.0721 4.12041 4.17064 4.22275 4.27674 4.33261 4.39041 4.4502 4.51213 4.57639 4.64324 4.71302 4.78609 4.86283 4.94352 5.02825
3.57603 3.59973 3.62481 3.65136 3.67949 3.70929 3.74084 3.77423 3.80951 3.84675 3.88599 3.92724 3.9705 4.01577 4.06299 4.11213 4.16311 4.21586 4.2703 4.32637 4.38401 4.44321 4.50396 4.56632 4.63036 4.69619 4.76389 4.83353 4.905 4.97798
3.5609 3.58471 3.60995 3.63674 3.66517 3.69534 3.72736 3.76129 3.79721 3.83518 3.87522 3.91736 3.96156 4.00781 4.05602 4.10611 4.15797 4.21147 4.26646 4.3228 4.38035 4.43898 4.49859 4.55907 4.62036 4.68237 4.74501 4.80809 4.87131 4.93414
3.54679 3.57074 3.59619 3.62325 3.65203 3.68265 3.7152 3.74976 3.78642 3.82522 3.8662 3.90934 3.95463 4.00201 4.05136 4.10256 4.15545 4.20984 4.2655 4.32222 4.37976 4.43789 4.49639 4.55506 4.61368 4.67206 4.72993 4.787 4.84284 4.8969
