-0.27573 -0.273011 -0.269416 -0.265943 -0.263285 -0.260904 -0.258598 -0.256312 -0.254025 -0.251732 -0.249428 -0.247114 -0.244789 -0.242452 -0.240105 -0.237747 -0.23538 -0.233004 -0.230618 -0.228225 -0.225824 -0.223415 -0.221 -0.218579 -0.216151 -0.213718 -0.21128 -0.208837 -0.20639 -0.203938
-0.276442 -0.273667 -0.270578 -0.267514 -0.264766 -0.26226 -0.259872 -0.257534 -0.255214 -0.252899 -0.250581 -0.248256 -0.245922 -0.243579 -0.241227 -0.238865 -0.236494 -0.234114 -0.231725 -0.229329 -0.226924 -0.224513 -0.222094 -0.219669 -0.217238 -0.214801 -0.212359 -0.209912 -0.20746 -0.205004
-0.277256 -0.274552 -0.27171 -0.268874 -0.266172 -0.263622 -0.261176 -0.258791 -0.256437 -0.254096 -0.251759 -0.24942 -0.247075 -0.244724 -0.242364 -0.239996 -0.23762 -0.235236 -0.232843 -0.230443 -0.228035 -0.22562 -0.223198 -0.220769 -0.218334 -0.215893 -0.213447 -0.210996 -0.208539 -0.206078
-0.278166 -0.275537 -0.272836 -0.270134 -0.267496 -0.264947 -0.262476 -0.260059 -0.257676 -0.255311 -0.252955 -0.250601 -0.248244 -0.245882 -0.243515 -0.241141 -0.238759 -0.236369 -0.233972 -0.231567 -0.229155 -0.226736 -0.22431 -0.221877 -0.219439 -0.216994 -0.214543 -0.212087 -0.209626 -0.20716
-0.279141 -0.276572 -0.273961 -0.271345 -0.268763 -0.266232 -0.263755 -0.261322 -0.258919 -0.256535 -0.254162 -0.251793 -0.249424 -0.247053 -0.244677 -0.242295 -0.239907 -0.237512 -0.23511 -0.232701 -0.230284 -0.227861 -0.225431 -0.222994 -0.220551 -0.218102 -0.215647 -0.213186 -0.210721 -0.20825
-0.280158 -0.277637 -0.275086 -0.27253 -0.269992 -0.267484 -0.265012 -0.262572 -0.260157 -0.257759 -0.255373 -0.252992 -0.250612 -0.248232 -0.245848 -0.243459 -0.241065 -0.238664 -0.236257 -0.233843 -0.231422 -0.228995 -0.22656 -0.224119 -0.221672 -0.219218 -0.216759 -0.214294 -0.211823 -0.209347
-0.281204 -0.278719 -0.276213 -0.2737 -0.271196 -0.26871 -0.266248 -0.263808 -0.261387 -0.258981 -0.256585 -0.254194 -0.251806 -0.249417 -0.247026 -0.24463 -0.24223 -0.239824 -0.237412 -0.234993 -0.232568 -0.230136 -0.227697 -0.225252 -0.222801 -0.220343 -0.217879 -0.215409 -0.212933 -0.210452
-0.28227 -0.279814 -0.277341 -0.274861 -0.272384 -0.269918 -0.267467 -0.265031 -0.262609 -0.260198 -0.257795 -0.255398 -0.253002 -0.250606 -0.248208 -0.245807 -0.243401 -0.24099 -0.238573 -0.23615 -0.23372 -0.231284 -0.228842 -0.226392 -0.223937 -0.221474 -0.219006 -0.216531 -0.214051 -0.211565
-0.283351 -0.280917 -0.27847 -0.276016 -0.273561 -0.271112 -0.268672 -0.266242 -0.263821 -0.261409 -0.259003 -0.2566 -0.254199 -0.251798 -0.249395 -0.246988 -0.244577 -0.242162 -0.239741 -0.237313 -0.23488 -0.232439 -0.229993 -0.227539 -0.22508 -0.222613 -0.22014 -0.217661 -0.215176 -0.212685
-0.284441 -0.282026 -0.2796 -0.277166 -0.27473 -0.272296 -0.269867 -0.267443 -0.265026 -0.262614 -0.260206 -0.257801 -0.255396 -0.252991 -0.250583 -0.248173 -0.245758 -0.243338 -0.240913 -0.238482 -0.236045 -0.233601 -0.23115 -0.228693 -0.226229 -0.223759 -0.221282 -0.218798 -0.216309 -0.213813
-0.285539 -0.28314 -0.28073 -0.278314 -0.275893 -0.273472 -0.271053 -0.268636 -0.266223 -0.263813 -0.261405 -0.258998 -0.256592 -0.254184 -0.251773 -0.249359 -0.246941 -0.244518 -0.24209 -0.239655 -0.237215 -0.234768 -0.232314 -0.229853 -0.227386 -0.224911 -0.22243 -0.219943 -0.217448 -0.214948
-0.286642 -0.284257 -0.281861 -0.279459 -0.277051 -0.274642 -0.272232 -0.269822 -0.267414 -0.265007 -0.2626 -0.260194 -0.257786 -0.255376 -0.252964 -0.250548 -0.248127 -0.245702 -0.24327 -0.240833 -0.23839 -0.235939 -0.233482 -0.231018 -0.228548 -0.22607 -0.223585 -0.221093 -0.218595 -0.216089
-0.287749 -0.285375 -0.282992 -0.280602 -0.278206 -0.275806 -0.273405 -0.271003 -0.2686 -0.266196 -0.263792 -0.261386 -0.258978 -0.256568 -0.254155 -0.251737 -0.249315 -0.246887 -0.244454 -0.242014 -0.239568 -0.237116 -0.234656 -0.232189 -0.229715 -0.227234 -0.224746 -0.22225 -0.219748 -0.217238
-0.288859 -0.286495 -0.284122 -0.281742 -0.279357 -0.276967 -0.274573 -0.272178 -0.26978 -0.267381 -0.264979 -0.262575 -0.260169 -0.257759 -0.255345 -0.252927 -0.250504 -0.248075 -0.24564 -0.243199 -0.240751 -0.238296 -0.235834 -0.233365 -0.230888 -0.228404 -0.225913 -0.223414 -0.220907 -0.218394
-0.289969 -0.287615 -0.285251 -0.282881 -0.280505 -0.278123 -0.275737 -0.273348 -0.270956 -0.268561 -0.266163 -0.263762 -0.261357 -0.258948 -0.256535 -0.254117 -0.251693 -0.249264 -0.246828 -0.244386 -0.241937 -0.23948 -0.237017 -0.234545 -0.232066 -0.22958 -0.227085 -0.224583 -0.222073 -0.219556
-0.29108 -0.288734 -0.286379 -0.284017 -0.281649 -0.279276 -0.276897 -0.274514 -0.272128 -0.269737 -0.267343 -0.264945 -0.262543 -0.260136 -0.257724 -0.255306 -0.252883 -0.250454 -0.248018 -0.245575 -0.243125 -0.240668 -0.238203 -0.23573 -0.233249 -0.23076 -0.228263 -0.225758 -0.223245 -0.220724
-0.292191 -0.289852 -0.287505 -0.285151 -0.282791 -0.280424 -0.278053 -0.275676 -0.273295 -0.27091 -0.26852 -0.266125 -0.263726 -0.261321 -0.258911 -0.256495 -0.254073 -0.251645 -0.249209 -0.246766 -0.244316 -0.241858 -0.239392 -0.236918 -0.234435 -0.231945 -0.229446 -0.226938 -0.224422 -0.221898
-0.2933 -0.290968 -0.288628 -0.286282 -0.283928 -0.281569 -0.279204 -0.276834 -0.274459 -0.272079 -0.269693 -0.267302 -0.264906 -0.262505 -0.260097 -0.257683 -0.255263 -0.252835 -0.250401 -0.247958 -0.245508 -0.24305 -0.240584 -0.238109 -0.235626 -0.233134 -0.230633 -0.228124 -0.225605 -0.223078
-0.294406 -0.292081 -0.289748 -0.287409 -0.285063 -0.28271 -0.280352 -0.277988 -0.275618 -0.273243 -0.270862 -0.268476 -0.266084 -0.263686 -0.261281 -0.25887 -0.256452 -0.254026 -0.251593 -0.249152 -0.246702 -0.244245 -0.241778 -0.239303 -0.236819 -0.234327 -0.231825 -0.229313 -0.226793 -0.224264
-0.29551 -0.293191 -0.290865 -0.288532 -0.286192 -0.283847 -0.281495 -0.279137 -0.276773 -0.274404 -0.272028 -0.269646 -0.267259 -0.264864 -0.262463 -0.260055 -0.257639 -0.255216 -0.252785 -0.250345 -0.247897 -0.245441 -0.242975 -0.2405 -0.238016 -0.235523 -0.23302 -0.230508 -0.227986 -0.225455
-0.29661 -0.294297 -0.291977 -0.289651 -0.287318 -0.284978 -0.282633 -0.280281 -0.277923 -0.275559 -0.273189 -0.270813 -0.26843 -0.266039 -0.263642 -0.261238 -0.258825 -0.256405 -0.253976 -0.251539 -0.249093 -0.246638 -0.244173 -0.241699 -0.239216 -0.236722 -0.234219 -0.231706 -0.229183 -0.22665
-0.297706 -0.295399 -0.293085 -0.290765 -0.288438 -0.286105 -0.283766 -0.28142 -0.279069 -0.276711 -0.274346 -0.271975 -0.269597 -0.267211 -0.264819 -0.262418 -0.260009 -0.257592 -0.255167 -0.252732 -0.250289 -0.247835 -0.245373 -0.2429 -0.240417 -0.237925 -0.235422 -0.232908 -0.230385 -0.227851
-0.298797 -0.296495 -0.294187 -0.291873 -0.289552 -0.287226 -0.284893 -0.282554 -0.280209 -0.277857 -0.275498 -0.273133 -0.27076 -0.26838 -0.265992 -0.263596 -0.261191 -0.258778 -0.256356 -0.253925 -0.251484 -0.249033 -0.246573 -0.244102 -0.241621 -0.239129 -0.236627 -0.234114 -0.23159 -0.229055
-0.299882 -0.297585 -0.295283 -0.292975 -0.290661 -0.28834 -0.286014 -0.283682 -0.281343 -0.278997 -0.276645 -0.274285 -0.271919 -0.269544 -0.267161 -0.26477 -0.262371 -0.259962 -0.257544 -0.255116 -0.252679 -0.250231 -0.247773 -0.245305 -0.242826 -0.240336 -0.237834 -0.235322 -0.232798 -0.230263
-0.30096 -0.298669 -0.296372 -0.29407 -0.291762 -0.289448 -0.287129 -0.284803 -0.282471 -0.280132 -0.277786 -0.275433 -0.273072 -0.270704 -0.268327 -0.265941 -0.263547 -0.261143 -0.258729 -0.256306 -0.253873 -0.251429 -0.248974 -0.246508 -0.244031 -0.241543 -0.239044 -0.236533 -0.23401 -0.231475
-0.302031 -0.299745 -0.297454 -0.295157 -0.292856 -0.290549 -0.288236 -0.285917 -0.283592 -0.28126 -0.278921 -0.276575 -0.27422 -0.271858 -0.269487 -0.267108 -0.264719 -0.262321 -0.259912 -0.257494 -0.255065 -0.252625 -0.250174 -0.247711 -0.245238 -0.242752 -0.240255 -0.237745 -0.235224 -0.23269
-0.303094 -0.300813 -0.298527 -0.296237 -0.293942 -0.291641 -0.289336 -0.287024 -0.284706 -0.282381 -0.280049 -0.27771 -0.275363 -0.273008 -0.270643 -0.26827 -0.265887 -0.263495 -0.261092 -0.258679 -0.256254 -0.253819 -0.251372 -0.248914 -0.246444 -0.243961 -0.241466 -0.238959 -0.236439 -0.233907
-0.304147 -0.301871 -0.299591 -0.297307 -0.295019 -0.292725 -0.290427 -0.288123 -0.285812 -0.283495 -0.281171 -0.278839 -0.276499 -0.274151 -0.271794 -0.269427 -0.267051 -0.264665 -0.262268 -0.25986 -0.257442 -0.255011 -0.252569 -0.250115 -0.247649 -0.24517 -0.242679 -0.240174 -0.237657 -0.235126
-0.305191 -0.30292 -0.300646 -0.298368 -0.296086 -0.2938 -0.291509 -0.289213 -0.28691 -0.284601 -0.282285 -0.279961 -0.277629 -0.275288 -0.272938 -0.270579 -0.26821 -0.26583 -0.26344 -0.261039 -0.258626 -0.256201 -0.253764 -0.251315 -0.248853 -0.246378 -0.243891 -0.241389 -0.238875 -0.236347
-0.306223 -0.303957 -0.301689 -0.299418 -0.297144 -0.294865 -0.292582 -0.290294 -0.287999 -0.285698 -0.28339 -0.281075 -0.278751 -0.276418 -0.274076 -0.271725 -0.269363 -0.266991 -0.264607 -0.262212 -0.259806 -0.257387 -0.254956 -0.252512 -0.250056 -0.247585 -0.245102 -0.242605 -0.240093 -0.237568
