0
0
2
7
5
7
4
3
1
0
6
10
3
5
6
11
17
14
4
1
4
10
3
0
0
1
2
1
0
0
0
0
3
6
2
5
3
5
6
2
8
13
8
3
4
7
10
11
7
6
7
11
5
0
0
0
0
0
0
0
0
0
2
5
0
0
0
5
10
9
10
14
13
4
1
0
2
8
10
9
4
4
0
0
0
0
0
0
2
1
1
1
2
5
2
1
0
4
10
12
13
15
17
7
4
0
0
2
8
7
0
0
0
0
0
2
3
4
4
1
5
2
0
1
1
5
3
4
10
14
14
14
16
13
12
6
1
3
5
3
0
1
0
0
1
4
3
2
0
0
7
2
0
0
0
6
5
2
5
11
12
9
12
15
15
14
9
8
7
4
0
0
0
0
0
3
3
0
0
0
10
4
0
0
0
4
8
4
4
10
9
8
9
11
13
17
18
17
12
8
4
0
0
0
1
2
2
1
1
7
13
6
0
0
0
4
11
9
6
12
10
8
13
8
9
15
21
20
16
11
8
4
2
0
0
0
0
0
4
13
8
13
3
0
0
0
0
0
2
5
6
10
12
22
21
18
22
26
22
17
10
10
7
0
0
1
1
2
10
18
4
10
3
0
1
2
1
2
3
6
6
9
14
28
30
25
22
24
25
19
11
11
8
2
1
6
7
13
21
16
3
7
4
1
5
7
5
4
5
7
7
10
14
28
35
32
26
27
30
26
17
17
14
8
4
8
9
13
18
14
6
6
3
4
8
7
4
3
4
7
8
11
17
28
37
38
35
33
32
26
16
20
16
8
4
7
5
5
8
9
11
7
6
7
9
5
2
0
1
5
10
16
23
33
43
51
54
49
37
24
15
17
16
9
4
8
8
6
5
6
13
8
7
10
8
5
1
0
1
6
11
20
27
34
47
65
76
72
54
34
22
18
16
8
6
9
10
5
4
3
9
5
7
10
5
3
0
0
1
7
11
20
25
29
50
76
94
93
77
52
32
23
21
10
4
7
7
2
0
2
4
1
6
11
4
1
0
0
1
6
12
17
21
29
56
86
104
105
91
62
36
28
23
13
5
6
6
2
0
1
0
1
4
10
15
6
0
4
7
2
6
17
20
28
56
95
113
110
95
72
48
31
17
15
9
4
10
8
2
1
0
0
2
4
8
8
4
7
9
4
5
18
25
30
57
92
112
110
97
80
60
36
21
16
7
4
9
7
2
3
1
2
1
1
3
3
3
9
11
7
7
19
27
32
49
75
93
99
94
82
63
42
29
22
13
8
12
8
2
6
0
2
3
5
5
0
1
10
16
14
13
17
24
28
33
45
62
75
77
68
52
42
34
28
18
12
11
3
0
7
1
5
8
7
4
0
4
10
18
20
15
12
16
20
22
30
43
54
59
55
43
38
32
27
17
12
10
0
0
4
5
8
12
9
3
5
6
6
10
15
9
4
7
12
17
27
38
43
43
45
41
33
31
23
13
11
10
2
4
3
8
9
12
11
6
6
6
2
4
10
4
0
6
7
10
18
27
29
29
32
31
27
26
19
9
9
9
1
4
3
6
3
6
9
5
5
6
1
2
9
7
4
11
8
4
7
13
18
20
21
17
16
19
14
7
10
7
0
0
1
10
9
4
3
4
0
0
0
0
6
10
9
7
9
8
11
16
14
13
12
8
9
19
20
13
9
8
8
5
0
8
6
3
3
3
13
9
5
1
5
9
10
10
15
12
13
16
15
13
11
4
11
10
12
7
5
4
7
4
8
5
4
3
2
2
12
8
3
0
1
7
12
14
15
16
21
20
12
8
13
14
16
5
4
2
0
0
6
5
11
4
2
2
1
1
5
2
0
0
0
4
7
10
11
13
20
20
12
9
17
20
18
7
6
4
0
1
13
12
9
6
3
1
0
2
6
7
6
1
0
1
2
4
9
4
7
12
16
17
18
13
16
11
12
7
0
7
20
17
5
12
6
1
1
4
11
11
9
4
1
0
1
2
7
3
7
12
14
15
17
15
11
11
12
5
0
4
15
11
4
