109.381847968
109.381825133
109.381802298
109.381779463
109.381756628
109.381733793
109.381710957
109.381688122
109.381665287
109.381642452
109.381619617
109.381596781
109.381573946
109.381551111
109.381528276
109.381505441
109.381482606
109.38145977
109.381436935
109.3814141
109.381391265
109.38136843
109.381345595
109.381322759
109.381299924
109.381277089
109.381254254
109.381231419
109.381208583
109.381185748
109.381162913
109.381140078
109.381117243
109.381094408
109.381071572
109.381048737
109.381025902
109.381003067
109.380980232
109.380957397
109.380934561
109.380911726
109.380888891
109.380866056
109.380843221
109.380820385
109.38079755
109.380774715
109.38075188
109.380729045
109.38070621
109.380683374
109.380660539
109.380637704
109.380614869
109.380592034
109.380569199
109.380546363
109.380523528
109.380500693
109.380477858
109.380455023
109.380432188
109.380409352
109.380386517
109.380363682
109.380340847
109.380318012
109.380295176
109.380272341
