-0.494847 -0.493851 -0.492853 -0.491855 -0.490857 -0.489859 -0.488859 -0.48786 -0.48686 -0.485861 -0.48486 -0.483859 -0.482858 -0.481857 -0.480856 -0.479854 -0.478852 -0.477851 -0.476848 -0.475846 -0.474844 -0.473842 -0.47284 -0.471837 -0.470835 -0.469833 -0.46883 -0.467828 -0.466826 -0.465824
-0.495147 -0.494151 -0.493152 -0.492153 -0.491154 -0.490155 -0.489154 -0.488154 -0.487153 -0.486153 -0.485151 -0.484149 -0.483147 -0.482145 -0.481142 -0.480139 -0.479136 -0.478134 -0.47713 -0.476127 -0.475123 -0.47412 -0.473117 -0.472113 -0.47111 -0.470106 -0.469103 -0.468099 -0.467096 -0.466093
-0.495451 -0.494454 -0.493454 -0.492453 -0.491453 -0.490453 -0.489452 -0.48845 -0.487448 -0.486446 -0.485443 -0.48444 -0.483436 -0.482433 -0.481429 -0.480425 -0.479421 -0.478416 -0.477412 -0.476407 -0.475402 -0.474397 -0.473393 -0.472388 -0.471383 -0.470378 -0.469373 -0.468369 -0.467364 -0.466359
-0.495755 -0.494756 -0.493755 -0.492754 -0.491753 -0.490752 -0.489749 -0.488746 -0.487743 -0.486739 -0.485735 -0.48473 -0.483726 -0.482721 -0.481716 -0.48071 -0.479705 -0.478699 -0.477693 -0.476687 -0.475681 -0.474675 -0.473669 -0.472662 -0.471656 -0.47065 -0.469644 -0.468638 -0.467632 -0.466626
-0.496059 -0.495059 -0.494057 -0.493055 -0.492052 -0.49105 -0.490046 -0.489042 -0.488037 -0.487033 -0.486027 -0.485021 -0.484015 -0.483009 -0.482003 -0.480996 -0.479989 -0.478982 -0.477974 -0.476967 -0.47596 -0.474952 -0.473945 -0.472937 -0.47193 -0.470922 -0.469915 -0.468908 -0.4679 -0.466893
-0.496363 -0.495362 -0.494359 -0.493355 -0.492352 -0.491349 -0.490343 -0.489337 -0.488332 -0.487326 -0.486319 -0.485312 -0.484305 -0.483298 -0.482289 -0.481281 -0.480273 -0.479265 -0.478256 -0.477247 -0.476238 -0.47523 -0.474221 -0.473212 -0.472203 -0.471194 -0.470186 -0.469177 -0.468169 -0.46716
-0.496671 -0.495669 -0.494664 -0.493659 -0.492654 -0.491649 -0.490642 -0.489635 -0.488628 -0.487621 -0.486612 -0.485604 -0.484595 -0.483586 -0.482577 -0.481567 -0.480557 -0.479547 -0.478537 -0.477527 -0.476516 -0.475506 -0.474495 -0.473485 -0.472475 -0.471464 -0.470454 -0.469444 -0.468434 -0.467424
-0.496979 -0.495975 -0.494969 -0.493963 -0.492957 -0.49195 -0.490942 -0.489933 -0.488925 -0.487916 -0.486906 -0.485896 -0.484885 -0.483875 -0.482864 -0.481852 -0.480841 -0.47983 -0.478818 -0.477806 -0.476794 -0.475782 -0.47477 -0.473758 -0.472746 -0.471734 -0.470723 -0.469712 -0.4687 -0.467689
-0.497287 -0.496282 -0.495274 -0.494267 -0.493259 -0.492251 -0.491241 -0.490231 -0.489221 -0.488211 -0.487199 -0.486187 -0.485176 -0.484164 -0.483151 -0.482138 -0.481125 -0.480112 -0.479099 -0.478085 -0.477072 -0.476059 -0.475045 -0.474032 -0.473018 -0.472005 -0.470992 -0.469979 -0.468966 -0.467953
-0.497594 -0.496588 -0.495579 -0.49457 -0.493561 -0.492552 -0.49154 -0.490529 -0.489517 -0.488506 -0.487493 -0.486479 -0.485466 -0.484453 -0.483438 -0.482424 -0.481409 -0.480395 -0.47938 -0.478365 -0.47735 -0.476335 -0.47532 -0.474305 -0.47329 -0.472275 -0.471261 -0.470246 -0.469232 -0.468217
-0.497907 -0.496899 -0.495888 -0.494877 -0.493866 -0.492855 -0.491842 -0.490829 -0.489816 -0.488802 -0.487787 -0.486772 -0.485757 -0.484742 -0.483726 -0.48271 -0.481693 -0.480677 -0.47966 -0.478644 -0.477627 -0.47661 -0.475593 -0.474577 -0.47356 -0.472543 -0.471527 -0.470511 -0.469495 -0.468479
-0.498219 -0.497209 -0.496197 -0.495184 -0.494172 -0.493159 -0.492144 -0.491129 -0.490114 -0.489099 -0.488082 -0.487065 -0.486048 -0.485032 -0.484014 -0.482996 -0.481978 -0.48096 -0.479941 -0.478922 -0.477904 -0.476885 -0.475867 -0.474848 -0.47383 -0.472811 -0.471793 -0.470776 -0.469758 -0.46874
-0.498531 -0.49752 -0.496506 -0.495491 -0.494477 -0.493463 -0.492446 -0.491429 -0.490412 -0.489395 -0.488377 -0.487358 -0.48634 -0.485321 -0.484301 -0.483281 -0.482262 -0.481242 -0.480222 -0.479201 -0.478181 -0.477161 -0.47614 -0.47512 -0.4741 -0.473079 -0.47206 -0.47104 -0.470021 -0.469001
-0.498843 -0.497831 -0.496814 -0.495798 -0.494782 -0.493766 -0.492748 -0.491729 -0.490711 -0.489692 -0.488672 -0.487651 -0.486631 -0.48561 -0.484589 -0.483567 -0.482546 -0.481524 -0.480502 -0.47948 -0.478458 -0.477436 -0.476414 -0.475392 -0.47437 -0.473348 -0.472326 -0.471305 -0.470284 -0.469262
-0.49916 -0.498145 -0.497127 -0.496109 -0.495091 -0.494073 -0.493052 -0.492031 -0.491011 -0.48999 -0.488968 -0.487945 -0.486923 -0.485901 -0.484877 -0.483853 -0.48283 -0.481806 -0.480782 -0.479758 -0.478734 -0.47771 -0.476686 -0.475662 -0.474638 -0.473614 -0.47259 -0.471567 -0.470544 -0.46952
-0.499477 -0.49846 -0.49744 -0.496419 -0.495399 -0.494379 -0.493356 -0.492334 -0.491311 -0.490288 -0.489264 -0.48824 -0.487215 -0.486191 -0.485165 -0.484139 -0.483114 -0.482088 -0.481062 -0.480036 -0.47901 -0.477984 -0.476958 -0.475932 -0.474905 -0.473879 -0.472854 -0.471829 -0.470804 -0.469778
-0.499793 -0.498774 -0.497752 -0.49673 -0.495708 -0.494685 -0.493661 -0.492636 -0.491611 -0.490587 -0.48956 -0.488534 -0.487507 -0.486481 -0.485453 -0.484425 -0.483398 -0.48237 -0.481342 -0.480314 -0.479286 -0.478258 -0.47723 -0.476202 -0.475174 -0.474145 -0.473118 -0.472091 -0.471064 -0.470036
-0.50011 -0.499089 -0.498065 -0.49704 -0.496016 -0.494992 -0.493965 -0.492938 -0.491912 -0.490885 -0.489856 -0.488828 -0.487799 -0.486771 -0.485741 -0.484712 -0.483682 -0.482652 -0.481622 -0.480592 -0.479562 -0.478532 -0.477502 -0.476471 -0.475441 -0.474411 -0.473382 -0.472353 -0.471324 -0.470294
-0.500431 -0.499407 -0.498381 -0.497354 -0.496327 -0.495301 -0.494272 -0.493243 -0.492214 -0.491185 -0.490154 -0.489123 -0.488092 -0.487062 -0.48603 -0.484998 -0.483966 -0.482934 -0.481901 -0.480869 -0.479837 -0.478804 -0.477772 -0.47674 -0.475707 -0.474675 -0.473643 -0.472612 -0.47158 -0.470549
-0.500752 -0.499726 -0.498697 -0.497668 -0.496639 -0.49561 -0.494578 -0.493547 -0.492516 -0.491484 -0.490451 -0.489418 -0.488385 -0.487352 -0.486318 -0.485284 -0.48425 -0.483216 -0.482181 -0.481146 -0.480112 -0.479077 -0.478042 -0.477008 -0.475973 -0.474939 -0.473905 -0.472871 -0.471837 -0.470803
-0.501073 -0.500044 -0.499013 -0.497981 -0.49695 -0.495919 -0.494885 -0.493851 -0.492818 -0.491784 -0.490749 -0.489713 -0.488678 -0.487643 -0.486606 -0.48557 -0.484534 -0.483497 -0.48246 -0.481423 -0.480386 -0.479349 -0.478313 -0.477276 -0.476239 -0.475202 -0.474166 -0.47313 -0.472094 -0.471058
-0.501393 -0.500362 -0.499329 -0.498295 -0.497261 -0.496227 -0.495192 -0.494156 -0.49312 -0.492084 -0.491046 -0.490009 -0.488971 -0.487934 -0.486895 -0.485856 -0.484818 -0.483779 -0.48274 -0.4817 -0.480661 -0.479622 -0.478583 -0.477544 -0.476505 -0.475466 -0.474427 -0.473389 -0.472351 -0.471312
-0.501718 -0.500684 -0.499647 -0.498611 -0.497575 -0.496539 -0.4955 -0.494462 -0.493423 -0.492385 -0.491345 -0.490305 -0.489265 -0.488225 -0.487183 -0.486142 -0.485101 -0.48406 -0.483018 -0.481977 -0.480935 -0.479893 -0.478852 -0.47781 -0.476769 -0.475727 -0.474686 -0.473645 -0.472605 -0.471564
-0.502042 -0.501005 -0.499966 -0.498928 -0.497889 -0.49685 -0.495809 -0.494768 -0.493727 -0.492686 -0.491643 -0.490601 -0.489558 -0.488516 -0.487472 -0.486428 -0.485385 -0.484341 -0.483297 -0.482253 -0.481209 -0.480165 -0.479121 -0.478077 -0.477032 -0.475988 -0.474945 -0.473902 -0.472858 -0.471815
-0.502366 -0.501327 -0.500285 -0.499244 -0.498202 -0.497161 -0.496117 -0.495074 -0.49403 -0.492987 -0.491942 -0.490897 -0.489852 -0.488807 -0.487761 -0.486715 -0.485668 -0.484622 -0.483576 -0.482529 -0.481483 -0.480436 -0.479389 -0.478343 -0.477296 -0.47625 -0.475204 -0.474158 -0.473112 -0.472066
-0.50269 -0.501648 -0.500604 -0.49956 -0.498516 -0.497472 -0.496426 -0.49538 -0.494334 -0.493288 -0.492241 -0.491193 -0.490145 -0.489098 -0.488049 -0.487001 -0.485952 -0.484904 -0.483855 -0.482805 -0.481756 -0.480707 -0.479658 -0.478609 -0.47756 -0.476511 -0.475463 -0.474414 -0.473366 -0.472317
-0.503017 -0.501972 -0.500926 -0.499879 -0.498832 -0.497785 -0.496736 -0.495688 -0.494639 -0.49359 -0.49254 -0.49149 -0.490439 -0.489389 -0.488338 -0.487287 -0.486235 -0.485184 -0.484132 -0.483081 -0.482029 -0.480977 -0.479925 -0.478874 -0.477822 -0.47677 -0.475719 -0.474668 -0.473617 -0.472566
-0.503344 -0.502296 -0.501247 -0.500197 -0.499148 -0.498098 -0.497046 -0.495995 -0.494944 -0.493892 -0.492839 -0.491786 -0.490733 -0.489681 -0.488627 -0.487573 -0.486519 -0.485465 -0.48441 -0.483356 -0.482302 -0.481247 -0.480193 -0.479138 -0.478084 -0.477029 -0.475976 -0.474922 -0.473868 -0.472814
-0.503671 -0.50262 -0.501568 -0.500516 -0.499463 -0.498411 -0.497357 -0.496303 -0.495248 -0.494194 -0.493139 -0.492083 -0.491028 -0.489972 -0.488915 -0.487859 -0.486802 -0.485746 -0.484688 -0.483631 -0.482574 -0.481517 -0.48046 -0.479403 -0.478346 -0.477289 -0.476232 -0.475175 -0.474119 -0.473062
-0.503998 -0.502944 -0.501889 -0.500834 -0.499779 -0.498724 -0.497667 -0.49661 -0.495553 -0.494496 -0.493438 -0.49238 -0.491322 -0.490263 -0.489204 -0.488145 -0.487085 -0.486026 -0.484966 -0.483907 -0.482847 -0.481787 -0.480727 -0.479667 -0.478608 -0.477548 -0.476488 -0.475429 -0.47437 -0.47331
