0.171422 0.172183 0.172858 0.1731 0.173341 0.173948 0.174475 0.174636 0.174797 0.175244 0.175616 0.1757 0.175785 0.176073 0.176288 0.1763 0.176312 0.176444 0.176507 0.17645 0.176393 0.176376 0.176293 0.17617 0.176048 0.175892 0.175675 0.17549 0.175306 0.17503
0.17076 0.171619 0.172373 0.172653 0.172933 0.173606 0.174185 0.17437 0.174556 0.175046 0.17545 0.175548 0.175646 0.175959 0.17619 0.176207 0.176224 0.176364 0.176427 0.176366 0.176306 0.176281 0.176182 0.176047 0.175912 0.175733 0.175482 0.175276 0.175069 0.174751
0.170208 0.17116 0.171988 0.172306 0.172623 0.173359 0.173986 0.174196 0.174405 0.174936 0.175368 0.17548 0.175592 0.175927 0.176171 0.176192 0.176214 0.176361 0.176422 0.176358 0.176294 0.176261 0.176145 0.175998 0.175851 0.175647 0.175361 0.175131 0.174902 0.174539
0.170663 0.171651 0.172515 0.172833 0.17315 0.17391 0.174561 0.174771 0.17498 0.175526 0.175974 0.176086 0.176198 0.17654 0.176792 0.176814 0.176836 0.176985 0.177047 0.176983 0.176919 0.176881 0.17676 0.176613 0.176466 0.17625 0.175951 0.175722 0.175492 0.175108
0.171118 0.172142 0.173042 0.173359 0.173677 0.174461 0.175136 0.175346 0.175555 0.176116 0.176579 0.176691 0.176803 0.177154 0.177414 0.177436 0.177458 0.177608 0.177672 0.177608 0.177544 0.177502 0.177376 0.177228 0.177081 0.176853 0.176542 0.176312 0.176082 0.175677
0.170842 0.171943 0.172906 0.173251 0.173596 0.174431 0.175148 0.175374 0.1756 0.176193 0.176681 0.176802 0.176923 0.17729 0.177561 0.177584 0.177608 0.177762 0.177823 0.177754 0.177685 0.177633 0.177489 0.17733 0.17717 0.176916 0.176571 0.17632 0.176068 0.175619
0.170718 0.171885 0.172899 0.173271 0.173644 0.174522 0.175271 0.175514 0.175757 0.176377 0.176883 0.177013 0.177143 0.177525 0.177802 0.177828 0.177853 0.178009 0.178065 0.177992 0.177918 0.177855 0.177694 0.177522 0.17735 0.177073 0.176694 0.176421 0.176147 0.175657
0.171326 0.172517 0.173554 0.173926 0.174299 0.175192 0.175957 0.176201 0.176444 0.177074 0.17759 0.17772 0.17785 0.178236 0.178518 0.178544 0.17857 0.178726 0.178782 0.178709 0.178635 0.178567 0.178401 0.178229 0.178056 0.177768 0.177378 0.177104 0.176831 0.176321
0.171934 0.173148 0.174209 0.174581 0.174953 0.175863 0.176644 0.176887 0.177131 0.17777 0.178297 0.178426 0.178556 0.178948 0.179235 0.179261 0.179286 0.179443 0.179499 0.179425 0.179352 0.179279 0.179107 0.178935 0.178763 0.178463 0.178061 0.177788 0.177514 0.176985
0.172158 0.173414 0.17451 0.174893 0.175277 0.176214 0.177018 0.177268 0.177518 0.178174 0.178714 0.178846 0.178979 0.179378 0.179669 0.179694 0.179718 0.179873 0.179925 0.179846 0.179766 0.179683 0.179496 0.179313 0.17913 0.178808 0.178378 0.178087 0.177796 0.17723
0.172561 0.173842 0.174956 0.175352 0.175747 0.176701 0.177517 0.177774 0.17803 0.178697 0.179243 0.179378 0.179514 0.179917 0.180209 0.180232 0.180256 0.180409 0.180454 0.180369 0.180285 0.180192 0.17999 0.179797 0.179603 0.179262 0.178807 0.178499 0.17819 0.177593
0.173349 0.174636 0.175757 0.176153 0.176548 0.177507 0.178328 0.178585 0.178842 0.179513 0.180062 0.180197 0.180333 0.180738 0.181031 0.181055 0.181078 0.18123 0.181274 0.181189 0.181105 0.181008 0.180802 0.180609 0.180415 0.180067 0.179603 0.179295 0.178986 0.178376
0.174136 0.17543 0.176558 0.176954 0.177349 0.178314 0.17914 0.179397 0.179654 0.180328 0.180881 0.181017 0.181152 0.181559 0.181853 0.181877 0.1819 0.182051 0.182094 0.18201 0.181925 0.181824 0.181614 0.181421 0.181227 0.180871 0.180399 0.180091 0.179782 0.179158
0.174915 0.176206 0.177335 0.177725 0.178114 0.179078 0.179906 0.180159 0.180412 0.181086 0.181639 0.181771 0.181903 0.182307 0.1826 0.182619 0.182639 0.182785 0.182822 0.182733 0.182643 0.182533 0.182313 0.182112 0.181912 0.18154 0.181051 0.180733 0.180415 0.179768
0.175876 0.177148 0.178261 0.178645 0.179028 0.179982 0.1808 0.181049 0.181298 0.181966 0.182513 0.182641 0.18277 0.18317 0.183457 0.183473 0.183488 0.183629 0.18366 0.183566 0.183471 0.183354 0.183125 0.182918 0.182711 0.182329 0.181827 0.181499 0.181172 0.180511
0.176845 0.178107 0.179211 0.179594 0.179978 0.180926 0.181741 0.181989 0.182238 0.182903 0.183448 0.183577 0.183705 0.184104 0.184389 0.184405 0.184421 0.184561 0.18459 0.184496 0.184401 0.184282 0.184051 0.183844 0.183637 0.183252 0.182747 0.18242 0.182092 0.181426
0.177813 0.179066 0.18016 0.180544 0.180927 0.181871 0.182681 0.182929 0.183178 0.183841 0.184383 0.184512 0.18464 0.185038 0.185322 0.185338 0.185354 0.185492 0.18552 0.185426 0.185331 0.18521 0.184977 0.18477 0.184563 0.184175 0.183667 0.18334 0.183012 0.182342
0.179125 0.180334 0.181397 0.18176 0.182122 0.18304 0.183831 0.184066 0.184301 0.184948 0.18548 0.185599 0.185719 0.186106 0.186384 0.186394 0.186404 0.186535 0.186558 0.18646 0.186362 0.186236 0.185998 0.185789 0.185579 0.185187 0.184675 0.184347 0.184019 0.183344
0.180595 0.181749 0.18277 0.183111 0.183452 0.184337 0.185102 0.185324 0.185546 0.186172 0.186688 0.186799 0.18691 0.187285 0.187554 0.187558 0.187563 0.187687 0.187706 0.187604 0.187502 0.187373 0.187134 0.186922 0.186711 0.186319 0.185809 0.18548 0.185152 0.184481
0.181722 0.182855 0.183856 0.184196 0.184537 0.18541 0.186163 0.186385 0.186607 0.187227 0.187736 0.187847 0.187958 0.18833 0.188595 0.1886 0.188604 0.188728 0.188745 0.188643 0.188542 0.188413 0.188175 0.187963 0.187752 0.187362 0.186855 0.186526 0.186197 0.185532
0.18285 0.183962 0.184941 0.185282 0.185623 0.186483 0.187224 0.187446 0.187667 0.188281 0.188784 0.188895 0.189006 0.189374 0.189637 0.189641 0.189645 0.189768 0.189785 0.189683 0.189581 0.189453 0.189215 0.189004 0.188793 0.188405 0.1879 0.187572 0.187243 0.186583
0.184601 0.185643 0.18657 0.186879 0.187189 0.188006 0.188715 0.188917 0.189119 0.189706 0.19019 0.190289 0.190388 0.190742 0.190994 0.190992 0.19099 0.191105 0.191119 0.191015 0.190911 0.190782 0.190547 0.190338 0.190129 0.189747 0.189252 0.188932 0.188611 0.187963
0.186472 0.18744 0.18831 0.188588 0.188867 0.189638 0.190312 0.190494 0.190676 0.191235 0.191699 0.191786 0.191872 0.19221 0.192453 0.192444 0.192435 0.192544 0.192556 0.19245 0.192344 0.192216 0.191988 0.191781 0.191575 0.191201 0.190722 0.190409 0.190096 0.189468
0.187719 0.188662 0.189507 0.189785 0.190064 0.190819 0.191478 0.19166 0.191843 0.192393 0.192848 0.192935 0.193022 0.193356 0.193595 0.193587 0.193578 0.193687 0.193699 0.193593 0.193487 0.193362 0.193137 0.19293 0.192724 0.192357 0.191885 0.191571 0.191258 0.190642
0.188967 0.189884 0.190703 0.190982 0.191261 0.192001 0.192644 0.192827 0.193009 0.193551 0.193998 0.194085 0.194172 0.194503 0.194738 0.194729 0.194721 0.19483 0.194841 0.194736 0.19463 0.194508 0.194286 0.19408 0.193873 0.193514 0.193047 0.192734 0.192421 0.191817
0.191024 0.191864 0.192623 0.192868 0.193112 0.193803 0.194409 0.194569 0.194729 0.195241 0.195667 0.19574 0.195814 0.196128 0.196354 0.196339 0.196324 0.196427 0.196439 0.196333 0.196227 0.196109 0.195896 0.195695 0.195495 0.195148 0.194702 0.194403 0.194103 0.193524
0.193158 0.193923 0.194626 0.194836 0.195046 0.195688 0.196259 0.196397 0.196535 0.197018 0.197423 0.197483 0.197544 0.197843 0.19806 0.198039 0.198018 0.198116 0.198129 0.198023 0.197917 0.197804 0.197602 0.197408 0.197213 0.196882 0.196459 0.196173 0.195887 0.195336
0.194482 0.195225 0.195905 0.196115 0.196325 0.196954 0.197511 0.197649 0.197787 0.198262 0.19866 0.19872 0.198781 0.199077 0.199292 0.199271 0.19925 0.19935 0.199365 0.199259 0.199153 0.199044 0.198848 0.198654 0.198459 0.198137 0.197723 0.197437 0.197151 0.196616
0.195807 0.196527 0.197184 0.197394 0.197604 0.198219 0.198762 0.1989 0.199039 0.199507 0.199897 0.199958 0.200018 0.200312 0.200524 0.200503 0.200482 0.200584 0.2006 0.200494 0.200388 0.200285 0.200094 0.1999 0.199705 0.199392 0.198988 0.198702 0.198416 0.197895
0.198031 0.198683 0.199286 0.199465 0.199643 0.200213 0.200722 0.200839 0.200957 0.201397 0.201768 0.201817 0.201866 0.202145 0.20235 0.202324 0.202298 0.202397 0.202416 0.202312 0.202207 0.202111 0.201933 0.201747 0.20156 0.201265 0.200886 0.200615 0.200345 0.199855
