0.414877817782 0.414423611016 0.41717233119 0.416896073637 0.417190048106 0.415442263675 0.420300233874 0.422279062618 0.424502555055 0.426849676029 0.429222653884 0.4271682884 0.429976832556 0.432887069694 0.435842686029 0.438805600402 0.441760955684 0.466460203166 0.468593612051 0.470496991076 0.472219753827 0.473791799484 0.475222810622 0.476504977761 0.491743364715 0.489775789847 0.487527968661 0.485208076151 0.483857612413 0.481874847757 0.480732037393 0.480831084809 0.482488262748 0.485892021489 0.494256051536 0.502770624171 0.512673965293 0.523372803987 0.534285810166 0.544926909183
0.418564954948 0.416865271374 0.415818081957 0.41552064044 0.415958634153 0.417016230457 0.419322215118 0.421628433871 0.424164673283 0.42677476814 0.4293434039 0.435067336762 0.438793956766 0.432179391788 0.435171103278 0.462580059536 0.465653496973 0.468282105648 0.470530035347 0.472458274994 0.474117351367 0.475543995719 0.476761141019 0.496259378901 0.49430311449 0.491975678792 0.489404783012 0.486809189958 0.484476473873 0.483399571954 0.482308833897 0.482529271638 0.484373252171 0.48801410901 0.496837887304 0.505393497279 0.515277743457 0.525922786246 0.53678761414 0.547425883883
0.417934793035 0.415909592087 0.414666807795 0.414341748636 0.414920995073 0.416256004466 0.418121278092 0.421315991222 0.424167790892 0.427042113027 0.429807124907 0.436057825212 0.440169915051 0.44412727314 0.460461928124 0.464340584862 0.467649767663 0.470434591081 0.472752702157 0.474663103519 0.476219538205 0.477467700672 0.478445418852 0.499740892867 0.497547921221 0.495013405018 0.492270931819 0.489540212478 0.487108231347 0.486446828793 0.485551601912 0.485994563877 0.488069248312 0.491922127548 0.501369358132 0.509746615343 0.519330396277 0.52960080415 0.540078910496 0.550375728392
0.41789438576 0.415577917575 0.414148897634 0.413785034086 0.414479967989 0.416058243737 0.418246961603 0.421610965482 0.4247366441 0.427832931725 0.430755081888 0.437604844324 0.442134341536 0.457715830274 0.46249326955 0.466629969519 0.470128847209 0.473025104953 0.475370881862 0.477224632327 0.47864494009 0.479687898996 0.505776555837 0.503868754273 0.501599030487 0.499026116568 0.496282172528 0.493578199468 0.491188903951 0.489412632159 0.490537249502 0.491280627657 0.49359927665 0.497602799285 0.507659905376 0.515626608639 0.524631643832 0.53422088881 0.543992055461 0.553624565647
0.418805487774 0.416277445063 0.414695574569 0.414282829113 0.415049012131 0.416802815367 0.419233762074 0.427569603858 0.433217523882 0.439113408269 0.445023126261 0.456688006854 0.462560515604 0.467823636081 0.465212065996 0.469558222006 0.473200671372 0.476165186195 0.478499242504 0.480261821654 0.48151740916 0.48233322885 0.510541146757 0.508673652539 0.506490853662 0.504054119394 0.501488062549 0.498986116145 0.496798965063 0.502643160134 0.501806642551 0.502590501175 0.505130904761 0.509395346438 0.523501424726 0.532536414577 0.542506158232 0.552846055181 0.563033886332 0.572621813468
0.420970575739 0.418361012518 0.416694396815 0.41623622074 0.417020909883 0.418855853466 0.425763751767 0.431118507687 0.4370443535 0.443203953099 0.449358749945 0.460676004782 0.466651252567 0.472037733515 0.481143806083 0.473227011108 0.476969324025 0.479962169838 0.482248952524 0.483889835671 0.484955718241 0.517198275775 0.515786775824 0.514099877354 0.512159579753 0.51002728181 0.507815533646 0.505692989128 0.503875816356 0.511969562276 0.511552617899 0.512551052802 0.515058575928 0.519019646064 0.534595105272 0.542725586496 0.551562288523 0.560643535784 0.569548279788 0.577912019046
0.429860077297 0.425870907787 0.420457179939 0.419983093092 0.42073741329 0.427711233427 0.43112257158 0.436524772793 0.442478276213 0.448659811967 0.454844330182 0.465730338669 0.471660329919 0.480520341273 0.485594984715 0.489894037556 0.493385079703 0.484507479088 0.486715404999 0.488207232919 0.515680347481 0.522569443763 0.521391476941 0.520006062285 0.51844414271 0.516765981564 0.515069421003 0.513493382548 0.523183538528 0.522228005768 0.522274304333 0.523480895801 0.525897663108 0.529453790709 0.546347584604 0.553411233018 0.560985481657 0.568721434454 0.576299986913 0.583435174931
0.436876940604 0.43328695534 0.430890379831 0.430973457904 0.432473286172 0.435622454849 0.440126289881 0.443812663838 0.449504657905 0.455439288996 0.461422493562 0.471746179358 0.480280962769 0.485807247733 0.490676269722 0.494811522676 0.498163733024 0.500711176669 0.516050890864 0.518592615072 0.52041556551 0.521615606041 0.527169297027 0.526178505944 0.525102389957 0.524000268133 0.522954445178 0.522071498516 0.53314296832 0.532903745388 0.533451745723 0.534876551364 0.537183084884 0.540289944685 0.558223251499 0.564151227949 0.570437483043 0.576846941443 0.583157779197 0.589155535287
0.445539460251 0.442606786869 0.440588042117 0.441168631709 0.442693065449 0.445586152251 0.449622644745 0.454500285034 0.457890465765 0.463319295586 0.468888746191 0.480777955506 0.486433154535 0.49164490539 0.496285825914 0.500251077433 0.503465533069 0.505887699361 0.521056331795 0.523508417254 0.52534058664 0.526669705368 0.527603485041 0.532356467683 0.531841545891 0.531405884868 0.531116742356 0.542987433032 0.543013227925 0.543538770929 0.544632552478 0.54631156665 0.548533591714 0.55120699932 0.569772300062 0.57457906495 0.579635681812 0.584816745596 0.589991323306 0.595010079856
0.455443981523 0.453377971868 0.451919818754 0.453069493792 0.454552282536 0.457030830356 0.460383486649 0.46443741872 0.469029788903 0.471913915984 0.476909965993 0.487752396882 0.492952340892 0.497849733431 0.50228027942 0.506099805543 0.509198814483 0.511510638518 0.526211593459 0.528507941969 0.530285693828 0.531686995519 0.532842256983 0.533866839266 0.538357319869 0.538649723144 0.539195588064 0.551483958132 0.552446230979 0.55378063569 0.55547286349 0.55746531122 0.559665707903 0.561969301608 0.580630829179 0.584393107201 0.588335448302 0.5924358897 0.596648682984 0.60088528271
0.466099925586 0.465034287162 0.464266222901 0.465961949628 0.467298670086 0.469209754886 0.471704761383 0.474768828394 0.478381133125 0.482513257343 0.490074290053 0.49479394197 0.499573091917 0.504207516167 0.508484659916 0.512210933332 0.515235062315 0.517461268447 0.531335946364 0.533408016124 0.535060191766 0.536465165699 0.53778255159 0.539150488225 0.540679548296 0.545433710037 0.557664525284 0.559283728154 0.561211320038 0.563396371638 0.565742771739 0.56811809224 0.570378004125 0.572401144924 0.590506955785 0.593340041914 0.596314622657 0.599505728283 0.602948770564 0.60661389079
0.476973001591 0.476954437564 0.476930131046 0.486664869807 0.487105564699 0.48793004416 0.48922151168 0.491070282689 0.493547654306 0.49668284726 0.500443797836 0.501583462178 0.506030976636 0.5104952021 0.514705510576 0.518410228282 0.52141053737 0.538860455596 0.549408704113 0.549911260604 0.550434508213 0.551058574578 0.551871008204 0.552959961277 0.554404660674 0.556263831477 0.569591882465 0.572548239676 0.575761341041 0.579131207743 0.582521670746 0.585782256933 0.588787541462 0.591482513899 0.599169578688 0.601206748604 0.603371086203 0.605828514393 0.608693149524 0.611993399221
0.487524008755 0.488511497836 0.489201593912 0.49844037073 0.498589758842 0.498745904801 0.499126047155 0.499974620347 0.501497441233 0.503818541842 0.513376478158 0.519600242791 0.521885907005 0.526903332146 0.531630433118 0.53582559748 0.53936958824 0.542279580975 0.544693779545 0.551318972475 0.552009461963 0.55289892895 0.554107747584 0.555750111323 0.557918506347 0.569723822061 0.574702661536 0.57856231071 0.582720950408 0.586885493733 0.590852278038 0.594421155289 0.597446599812 0.599890718869 0.606448150134 0.607825886303 0.609335578261 0.611227880208 0.61369384088 0.616820413925
0.497246675832 0.499117247951 0.507909063276 0.508273397948 0.508168532262 0.507769326959 0.507400988189 0.507434036307 0.508188033055 0.516299839433 0.51914259157 0.525024448216 0.52937098795 0.531362645489 0.535823253537 0.539692565808 0.542833065485 0.545269824489 0.547170185575 0.552255270314 0.553020817811 0.554089604592 0.555621314284 0.55776157741 0.569719332102 0.573175794835 0.579189405596 0.583725345594 0.588646679777 0.593532454407 0.597988645302 0.601779336898 0.604754283951 0.606904693822 0.60839193076 0.613093543299 0.614095816374 0.615579145211 0.617809017661 0.620930648195
0.505704680575 0.508266036191 0.515554576894 0.51596757858 0.515658817318 0.514843408076 0.513921119317 0.513353081502 0.519674915384 0.521346343061 0.523883095894 0.529573429744 0.533724283531 0.537805177827 0.539422588905 0.543008563916 0.545775150199 0.547760912209 0.54916557886 0.552755370584 0.553515111785 0.554686625461 0.556474036429 0.567580930077 0.571423762151 0.575823431634 0.582839885303 0.588329867762 0.593753606317 0.599136596439 0.603974743967 0.607884763093 0.610730113083 0.612544049046 0.61355155221 0.616992826447 0.617624661769 0.618841114655 0.620977161581 0.62423394122
0.512567582625 0.51988469156 0.521131667859 0.521544683034 0.521091455357 0.52000996423 0.518738821835 0.523091385816 0.523760365466 0.525284425612 0.527685424855 0.533315678344 0.537337828555 0.54122156701 0.544604393162 0.545704693011 0.548129144101 0.557042973618 0.557153752088 0.558076168368 0.560019115923 0.554809885912 0.563918725795 0.56786366293 0.57253521139 0.577829377599 0.585793406594 0.59213784851 0.598255270733 0.603839194302 0.60882119028 0.612742879827 0.615387703393 0.616841653951 0.617393048061 0.617504933518 0.620002789789 0.621079988077 0.623240695538 0.626735948711
0.524312021247 0.523536988115 0.524805013998 0.525182409107 0.524649668965 0.523450730758 0.525892208825 0.525999509842 0.526758500833 0.528321496092 0.530708206011 0.53637848469 0.540291905338 0.543956567356 0.547023577757 0.549297710511 0.556002502351 0.555189450508 0.555008551876 0.555796106466 0.557780128828 0.56106815726 0.563268162779 0.56788059561 0.573304187855 0.579384279568 0.588192125373 0.595230083548 0.601852647644 0.60773016388 0.612579277083 0.616331796235 0.618733225152 0.619842940194 0.620005703954 0.619736205413 0.624373539586 0.622474354427 0.637058671669 0.642362331455
0.52620744642 0.526944635627 0.526849122896 0.527173215638 0.526626707875 0.527514516563 0.527545315853 0.527975972041 0.528997337286 0.530720198035 0.533150474764 0.538927229369 0.542709801146 0.546103679305 0.548797481667 0.55635872148 0.554909274779 0.553734746084 0.553313082704 0.554019385612 0.556089523371 0.559610215156 0.564530295936 0.567987558228 0.574018033076 0.595801793131 0.590175791684 0.597676295681 0.604564234649 0.610509577088 0.615264716447 0.622669122275 0.622760757513 0.622711896327 0.623025764086 0.624125803885 0.626327179499 0.631606233129 0.636544905358 0.642350941875
0.527293383588 0.527629704103 0.527856731004 0.527888592107 0.527966551833 0.528151096034 0.528611684702 0.529475759035 0.530843171234 0.532765567767 0.535227723468 0.541154011799 0.544761072356 0.547828906287 0.55010273339 0.556224652031 0.554450417431 0.553011704132 0.552441623588 0.553143989881 0.555347394456 0.559099393886 0.569986762254 0.578636271845 0.587749214585 0.596576095253 0.604479749068 0.611009348025 0.615938239614 0.612238342636 0.622180416614 0.622725776923 0.622602383479 0.622387913418 0.622614874347 0.623716142005 0.625994602985 0.631346707722 0.636556637564 0.642651586167
0.528127140116 0.528029624288 0.527961432157 0.528265708174 0.52820534551 0.528744340074 0.52965861583 0.530963527143 0.532660032726 0.553203682857 0.557289787227 0.559931375401 0.560982816782 0.560557449206 0.559009781762 0.556886301556 0.554941494697 0.55338428314 0.552787563502 0.55356850936 0.555931861551 0.559870686681 0.571383961702 0.580188338849 0.589328690073 0.598063032316 0.605786467766 0.612086809413 0.616769745972 0.619860548313 0.622512138293 0.622945375968 0.622753750637 0.622532117289 0.622818988683 0.624033068077 0.626442542226 0.636029895785 0.643171960431 0.65102272698
0.529281628675 0.528801752729 0.530216497704 0.529869466015 0.530712142817 0.529912397377 0.531211389619 0.545244385009 0.550800752926 0.555825336875 0.559769147232 0.562275280779 0.563211534111 0.562683879415 0.561029206238 0.55877388555 0.556682580498 0.555181145012 0.554685614612 0.55560681043 0.558111687982 0.56707141108 0.574706226078 0.583292647391 0.592069518466 0.600351437524 0.607600202294 0.613459920153 0.617771634398 0.620574703488 0.622091177973 0.623536363536 0.623433725123 0.623362540149 0.623840583469 0.625248494126 0.627801889632 0.638403918916 0.645344938043 0.652861178719
0.535598561139 0.534611471389 0.533313618932 0.533024540795 0.533889266078 0.535811614458 0.544410137062 0.549572988915 0.554798895416 0.559478066455 0.563131209603 0.565449343584 0.56631440137 0.565812355406 0.564236376593 0.562064366451 0.559908967495 0.558638388922 0.558351280584 0.559430704458 0.561999019777 0.572660646173 0.579897121082 0.587887263541 0.595945702353 0.603480392327 0.610037608698 0.615320862227 0.619200309673 0.621717012185 0.623075625678 0.624758177348 0.624880634153 0.625080350141 0.625828689611 0.627449690186 0.636579342262 0.642133020698 0.648593627965 0.655494392074
0.539488497169 0.539148669704 0.538058705638 0.537862459751 0.538692159212 0.546645242442 0.550707275159 0.555348933589 0.559999704055 0.56415284422 0.567416269557 0.569534282657 0.570400623936 0.570072250373 0.568780308973 0.566923384371 0.565020796187 0.563877318101 0.563865872025 0.565068153404 0.574850042216 0.580179633367 0.58668116895 0.593756079232 0.600834490931 0.60743549237 0.613190805418 0.617855108009 0.621315733802 0.623601818754 0.624884662687 0.625456645408 0.627312470866 0.627842970599 0.628868052165 0.630646955329 0.641902457643 0.646928329178 0.652680025416 0.658767642419
0.544675102141 0.543749532508 0.544494751667 0.544415647531 0.545139322186 0.555000975634 0.558450894212 0.562346697021 0.566245432082 0.569761286604 0.572593871685 0.574538928611 0.575498364732 0.575495087069 0.574688228196 0.573376380028 0.571969656582 0.570913127028 0.571198626073 0.572441213018 0.584560886842 0.58914742699 0.594646290632 0.60059084411 0.606546633666 0.612144525904 0.617091735091 0.621180700607 0.624302697047 0.626462258128 0.627783431661 0.628496802464 0.630891816706 0.631749025115 0.632986392411 0.644638893843 0.648088915283 0.652409537632 0.657309190156 0.662489408997
0.551111517948 0.550927424456 0.552573182577 0.552624618301 0.562559551448 0.564580142741 0.567238390114 0.570240430959 0.57329078082 0.576128957703 0.578542587823 0.580373574747 0.581528273615 0.581993173353 0.58185111657 0.581288792596 0.580582021432 0.580045533732 0.580228405431 0.592700109665 0.595356117467 0.598992565717 0.603324339061 0.608040398759 0.61284455518 0.617469823508 0.621685010861 0.625306839135 0.628218827651 0.630390166069 0.631885726752 0.632858886897 0.633520553057 0.63682583414 0.638159742705 0.651824287666 0.654666382519 0.65818367506 0.662183131217 0.666459124737
0.55866964567 0.559408997156 0.559980296037 0.56231844248 0.573473507571 0.574826945201 0.576591365421 0.578634638776 0.580815359418 0.582995056612 0.58504264611 0.586840377203 0.58829565654 0.58935697575 0.590028739802 0.590378837673 0.590532368117 0.590645816445 0.590731918343 0.60463514466 0.606556534508 0.60913300369 0.612242716011 0.615736745195 0.619450010664 0.623204827668 0.626818611393 0.630121324369 0.632979365644 0.635317509956 0.637130832821 0.638481693697 0.639480138309 0.643006119533 0.657433146492 0.659020759575 0.66119330595 0.663892451094 0.667027236984 0.670477995466
0.567140030407 0.568926274706 0.570249371213 0.584032747663 0.584510823121 0.585150963337 0.586000306164 0.587094764091 0.588445282848 0.59002955105 0.591791479083 0.59364877878 0.595506640823 0.597273133024 0.598871239552 0.60024453216 0.601357274338 0.602192668924 0.615955356754 0.616384449101 0.617517832989 0.619024849884 0.620953318742 0.623311814866 0.626055895504 0.629085778546 0.632257641484 0.635406544758 0.638374226584 0.641032730607 0.643297187258 0.645126742237 0.646517791624 0.647495150997 0.664656176344 0.665784545939 0.667296310482 0.669233062137 0.671600469722 0.674354671077
0.576226524264 0.579103635158 0.581175625654 0.592619351728 0.595026578042 0.594980526973 0.594967536599 0.595185396458 0.595790929676 0.596872407398 0.59844431875 0.600456201648 0.6028074417 0.605361388893 0.607954264712 0.610399454437 0.612495593488 0.614051120606 0.627196422243 0.627298046519 0.627676446219 0.628192796686 0.629055579458 0.630420054339 0.632352456432 0.634822878786 0.637719904391 0.640877901572 0.644107357568 0.64721924492 0.65003883185 0.652412354173 0.654216337713 0.668005500468 0.671080412477 0.671769429414 0.672687258115 0.673968054568 0.675703735712 0.677915949406
0.585538564215 0.589454672061 0.600798976252 0.602214501573 0.604452294779 0.603811263626 0.603051618203 0.602516012525 0.602496695933 0.603187292746 0.604670003366 0.606923312509 0.609836440145 0.61322166757 0.616821098173 0.620312834895 0.623332288971 0.636095540081 0.636884110685 0.63714764224 0.636580641736 0.636254667179 0.636222036544 0.636769546661 0.638065245672 0.640144148118 0.642923634522 0.646233114546 0.649845606063 0.653502721212 0.656931347062 0.659860095833 0.662049307999 0.673854628001 0.67426656096 0.676741671485 0.677172523214 0.677934295779 0.67919216356 0.681023834616
0.594587856328 0.599389629739 0.609147133714 0.610487024592 0.610743801679 0.611251056333 0.609910093469 0.608785719268 0.608289499237 0.608713306105 0.610203972599 0.612765781057 0.61627246269 0.620477778463 0.62502290009 0.629450487707 0.633246770692 0.643914568832 0.644759176676 0.644799239243 0.64391538832 0.642943927574 0.642223911104 0.642153411476 0.642992544385 0.6448374626 0.647632108699 0.651197474298 0.65526344512 0.659495540041 0.663518230375 0.666946852372 0.677832380585 0.67858869145 0.678862690114 0.680587614765 0.680659793459 0.681052262046 0.681988568254 0.68359333643
0.602803714979 0.613350400914 0.616046467606 0.617203518342 0.617054137242 0.617058757261 0.615334406038 0.61381669461 0.613012298802 0.613298854286 0.614881808664 0.617786561454 0.621865530337 0.62680794035 0.632152579464 0.637317598851 0.648110479274 0.649927615158 0.650744041419 0.650576289748 0.649696005463 0.648127953144 0.646949897333 0.646470950808 0.647029394929 0.648777004888 0.651681722487 0.655553191449 0.660074421955 0.664832883353 0.669355713018 0.673162530311 0.681454211121 0.682168365356 0.682290541523 0.682013583526 0.683161156638 0.683331749565 0.684092160682 0.685603894028
0.609587739748 0.618639611381 0.621281211054 0.622200365722 0.621689710802 0.62027691561 0.619270879601 0.61756961762 0.616635136882 0.616909878042 0.618646150141 0.621883298566 0.626447652202 0.631963513823 0.637877221999 0.643509688819 0.652322677078 0.65416146271 0.65489080359 0.654555545779 0.653452792378 0.651817295707 0.650412678238 0.649732251299 0.650171616976 0.651927960163 0.65498878418 0.659150496413 0.664050095471 0.669204172793 0.674060995235 0.682683714044 0.684011908023 0.6846346222 0.684615548992 0.684173414466 0.684787332835 0.68486847381 0.685577037525 0.687099485609
0.616691287392 0.621496440448 0.624704013354 0.625398245612 0.624636068087 0.624776741425 0.623774785501 0.62320321718 0.619242720127 0.619613511092 0.621530386116 0.625037089866 0.629932740285 0.63578654834 0.649104862338 0.652357988972 0.654993958771 0.656737587878 0.657356798668 0.656919310387 0.656857507213 0.656088001011 0.655654977422 0.652044637477 0.652500121467 0.654331820688 0.65753984838 0.661907902227 0.667035614237 0.679589393097 0.682071781168 0.684066768022 0.68557629439 0.686092335265 0.685970336213 0.68621271808 0.686108628743 0.686369670044 0.686576381462 0.688175217847
0.618738471215 0.623474927486 0.626157516953 0.626845118479 0.626492985713 0.625629478284 0.624733067883 0.62427101373 0.624672415975 0.626244814211 0.623628658033 0.627293976888 0.643698446918 0.647291490443 0.650767842265 0.653871121186 0.656321448677 0.657873935009 0.658395090698 0.658207653181 0.657659567632 0.657096923523 0.656882349227 0.657356325078 0.658769300998 0.65607972465 0.659374932174 0.674927448968 0.677902715552 0.680673638381 0.683085270453 0.684974424459 0.686200478712 0.686702556094 0.686689758581 0.686567440967 0.686586020001 0.686992489526 0.688016628417 0.689825383388
0.618946695775 0.623493371692 0.62605277409 0.626874850576 0.626523531721 0.625813125204 0.625113715291 0.624844608836 0.62539212225 0.627035699652 0.642682076445 0.646397718097 0.644876761731 0.648328379796 0.651563895382 0.654372375048 0.656538867633 0.65788751678 0.658520482543 0.658269977151 0.657929196985 0.657649285662 0.657723090126 0.658426127568 0.659963960732 0.674509785338 0.677665008431 0.675643947223 0.67854314433 0.681175601006 0.683411275443 0.685124596613 0.686216902303 0.686789731517 0.686722679395 0.686714418274 0.68689837729 0.687480014262 0.688648523029 0.690541285818
0.617577196812 0.621847148313 0.625743670977 0.626180210342 0.626028301748 0.625587653289 0.625137750805 0.625101184297 0.63591128356 0.639306245059 0.642922441345 0.646513960524 0.649840776791 0.652701404988 0.651782873017 0.654216831701 0.656056212399 0.658804102813 0.658800405922 0.659033017316 0.6580643562 0.658087416671 0.658454760413 0.668637196512 0.671871469497 0.675081543724 0.678069894738 0.680682301796 0.682816879414 0.681264991602 0.683259335184 0.684761388792 0.686962255811 0.686977940735 0.687133074302 0.686895923686 0.687255843253 0.68800383843 0.694209305591 0.697004641615
0.616785955493 0.622696141304 0.624269632939 0.624938837574 0.625058192725 0.62500661286 0.631529577651 0.633800798467 0.636620274816 0.639840448128 0.643261798319 0.646658636572 0.649809157966 0.652526519022 0.654686408293 0.65624566077 0.659253203816 0.659319852022 0.659427248726 0.65977217464 0.660487575268 0.664613288514 0.667095873326 0.669939007415 0.672933168019 0.675880714387 0.678612482842 0.680997320943 0.682948814276 0.684430420365 0.685457562173 0.687094357965 0.687262697328 0.687387033146 0.687652435218 0.688209224363 0.690900802886 0.692759105655 0.695022450943 0.697577176867
0.613753565879 0.620695443441 0.622406615525 0.623335177675 0.623775168347 0.631029205064 0.632638718308 0.634802514024 0.637457218821 0.64047590822 0.643681918651 0.646870901026 0.649839218202 0.652414596686 0.65448323164 0.656007408144 0.660031862193 0.660229069401 0.660473919385 0.660935591928 0.66171960025 0.666789293719 0.669053985212 0.671608854063 0.674277343346 0.67689604037 0.67932462051 0.681452526478 0.683205507199 0.684551619589 0.685504362296 0.6861199116 0.687795229639 0.688051973357 0.688438624279 0.689078349243 0.692339596045 0.69402379972 0.696035321672 0.698278567304
0.610673807749 0.613834071436 0.620442112527 0.621592972573 0.622332304571 0.632125938017 0.6337033826 0.635770369122 0.638280216742 0.641127743167 0.644158081967 0.647185834266 0.650022698028 0.652508287537 0.654536963057 0.65607420732 0.657158020647 0.661610637081 0.661990639856 0.662541973962 0.667754175304 0.669354993522 0.671325257303 0.673530041605 0.675831950151 0.678101864142 0.680224705206 0.682105575449 0.683677570628 0.684909279626 0.685808955342 0.686422580028 0.688608257039 0.688992912906 0.689481615855 0.692835962978 0.693966719481 0.695422551341 0.697136465054 0.699034536957
0.608016122693 0.610869224486 0.618636168641 0.61992380872 0.631768337374 0.632920104198 0.634498294436 0.636520371408 0.638954548656 0.641713946613 0.644661380335 0.647626304042 0.650431840748 0.652925548795 0.655005623247 0.656635731954 0.657844857216 0.663509615509 0.66399914154 0.664589335023 0.670768521341 0.672110125887 0.673744533479 0.675579308982 0.677516688053 0.67945824643 0.681308954904 0.682984283022 0.684419852347 0.685580466795 0.686465132117 0.687105745851 0.687558337199 0.690213653908 0.690761991437 0.694681291138 0.695629099546 0.696826756899 0.698228651344 0.699782283033
