37.7442399141
37.7442561901
37.7442724661
37.7442887422
37.7443050182
37.7443212943
37.7443375703
37.7443538464
37.7443701224
37.7443863984
37.7444026745
37.7444189505
37.7444352266
37.7444515026
37.7444677786
37.7444840547
37.7445003307
37.7445166068
37.7445328828
37.7445491589
37.7445654349
37.7445817109
37.744597987
37.744614263
37.7446305391
37.7446468151
37.7446630911
37.7446793672
37.7446956432
37.7447119193
37.7447281953
37.7447444714
37.7447607474
37.7447770234
37.7447932995
37.7448095755
37.7448258516
37.7448421276
37.7448584036
37.7448746797
