109.376735544
109.376714968
109.376694391
109.376673815
109.376653238
109.376632662
109.376612085
109.376591509
109.376570932
109.376550356
109.376529779
109.376509203
109.376488626
109.37646805
109.376447473
109.376426897
109.37640632
109.376385744
109.376365168
109.376344591
109.376324015
109.376303438
109.376282862
109.376262285
109.376241709
109.376221132
109.376200556
109.376179979
109.376159403
109.376138826
109.37611825
109.376097673
109.376077097
109.37605652
109.376035944
109.376015367
109.375994791
109.375974214
109.375953638
109.375933061
