109.391486839
109.391490487
109.391494136
109.391497784
109.391501432
109.39150508
109.391508728
109.391512376
109.391516025
109.391519673
109.391523321
109.391526969
109.391530617
109.391534266
109.391537914
109.391541562
109.39154521
109.391548858
109.391552506
109.391556155
109.391559803
109.391563451
109.391567099
109.391570747
109.391574395
109.391578044
109.391581692
109.39158534
109.391588988
109.391592636
109.391596284
109.391599933
109.391603581
109.391607229
109.391610877
109.391614525
109.391618173
109.391621822
109.39162547
109.391629118
109.391469657
109.391473305
109.391476953
109.391480601
109.39148425
109.391487898
109.391491546
109.391495194
109.391498842
109.39150249
109.391506139
109.391509787
109.391513435
109.391517083
109.391520731
109.391524379
109.391528028
109.391531676
109.391535324
109.391538972
109.39154262
109.391546268
109.391549917
109.391553565
109.391557213
109.391560861
109.391564509
109.391568157
109.391571806
109.391575454
109.391579102
109.39158275
109.391586398
109.391590046
109.391593695
109.391597343
109.391600991
109.391604639
109.391608287
109.391611936
109.391452474
109.391456123
109.391459771
109.391463419
109.391467067
109.391470715
109.391474363
109.391478012
109.39148166
109.391485308
109.391488956
109.391492604
109.391496252
109.391499901
109.391503549
109.391507197
109.391510845
109.391514493
109.391518141
109.39152179
109.391525438
109.391529086
109.391532734
109.391536382
109.391540031
109.391543679
109.391547327
109.391550975
109.391554623
109.391558271
109.39156192
109.391565568
109.391569216
109.391572864
109.391576512
109.39158016
109.391583809
109.391587457
109.391591105
109.391594753
109.391435292
109.39143894
109.391442588
109.391446236
109.391449885
109.391453533
109.391457181
109.391460829
109.391464477
109.391468126
109.391471774
109.391475422
109.39147907
109.391482718
109.391486366
109.391490015
109.391493663
109.391497311
109.391500959
109.391504607
109.391508255
109.391511904
109.391515552
109.3915192
109.391522848
109.391526496
109.391530144
109.391533793
109.391537441
109.391541089
109.391544737
109.391548385
109.391552033
109.391555682
109.39155933
109.391562978
109.391566626
109.391570274
109.391573922
109.391577571
109.39141811
109.391421758
109.391425406
109.391429054
109.391432702
109.39143635
109.391439999
109.391443647
109.391447295
109.391450943
109.391454591
109.391458239
109.391461888
109.391465536
109.391469184
109.391472832
109.39147648
109.391480128
109.391483777
109.391487425
109.391491073
109.391494721
109.391498369
109.391502017
109.391505666
109.391509314
109.391512962
109.39151661
109.391520258
109.391523906
109.391527555
109.391531203
109.391534851
109.391538499
109.391542147
109.391545796
109.391549444
109.391553092
109.39155674
109.391560388
109.391400927
109.391404575
109.391408223
109.391411872
109.39141552
109.391419168
109.391422816
109.391426464
109.391430112
109.391433761
109.391437409
109.391441057
109.391444705
109.391448353
109.391452001
109.39145565
109.391459298
109.391462946
109.391466594
109.391470242
109.391473891
109.391477539
109.391481187
109.391484835
109.391488483
109.391492131
109.39149578
109.391499428
109.391503076
109.391506724
109.391510372
109.39151402
109.391517669
109.391521317
109.391524965
109.391528613
109.391532261
109.391535909
109.391539558
109.391543206
109.391383745
109.391387393
109.391391041
109.391394689
109.391398337
109.391401986
109.391405634
109.391409282
109.39141293
109.391416578
109.391420226
109.391423875
109.391427523
109.391431171
109.391434819
109.391438467
109.391442115
109.391445764
109.391449412
109.39145306
109.391456708
109.391460356
109.391464004
109.391467653
109.391471301
109.391474949
109.391478597
109.391482245
109.391485893
109.391489542
109.39149319
109.391496838
109.391500486
109.391504134
109.391507782
109.391511431
109.391515079
109.391518727
109.391522375
109.391526023
109.391366562
109.39137021
109.391373859
109.391377507
109.391381155
109.391384803
109.391388451
109.391392099
109.391395748
109.391399396
109.391403044
109.391406692
109.39141034
109.391413988
109.391417637
109.391421285
109.391424933
109.391428581
109.391432229
109.391435877
109.391439526
109.391443174
109.391446822
109.39145047
109.391454118
109.391457766
109.391461415
109.391465063
109.391468711
109.391472359
109.391476007
109.391479656
109.391483304
109.391486952
109.3914906
109.391494248
109.391497896
109.391501545
109.391505193
109.391508841
109.39134938
109.391353028
109.391356676
109.391360324
109.391363972
109.391367621
109.391371269
109.391374917
109.391378565
109.391382213
109.391385861
109.39138951
109.391393158
109.391396806
109.391400454
109.391404102
109.391407751
109.391411399
109.391415047
109.391418695
109.391422343
109.391425991
109.39142964
109.391433288
109.391436936
109.391440584
109.391444232
109.39144788
109.391451529
109.391455177
109.391458825
109.391462473
109.391466121
109.391469769
109.391473418
109.391477066
109.391480714
109.391484362
109.39148801
109.391491658
109.391332197
109.391335846
109.391339494
109.391343142
109.39134679
109.391350438
109.391354086
109.391357735
109.391361383
109.391365031
109.391368679
109.391372327
109.391375975
109.391379624
109.391383272
109.39138692
109.391390568
109.391394216
109.391397864
109.391401513
109.391405161
109.391408809
109.391412457
109.391416105
109.391419753
109.391423402
109.39142705
109.391430698
109.391434346
109.391437994
109.391441642
109.391445291
109.391448939
109.391452587
109.391456235
109.391459883
109.391463531
109.39146718
109.391470828
109.391474476
109.391315015
109.391318663
109.391322311
109.391325959
109.391329608
109.391333256
109.391336904
109.391340552
109.3913442
109.391347848
109.391351497
109.391355145
109.391358793
109.391362441
109.391366089
109.391369737
109.391373386
109.391377034
109.391380682
109.39138433
109.391387978
109.391391626
109.391395275
109.391398923
109.391402571
109.391406219
109.391409867
109.391413516
109.391417164
109.391420812
109.39142446
109.391428108
109.391431756
109.391435405
109.391439053
109.391442701
109.391446349
109.391449997
109.391453645
109.391457294
109.391297832
109.391301481
109.391305129
109.391308777
109.391312425
109.391316073
109.391319721
109.39132337
109.391327018
109.391330666
109.391334314
109.391337962
109.391341611
109.391345259
109.391348907
109.391352555
109.391356203
109.391359851
109.3913635
109.391367148
109.391370796
109.391374444
109.391378092
109.39138174
109.391385389
109.391389037
109.391392685
109.391396333
109.391399981
109.391403629
109.391407278
109.391410926
109.391414574
109.391418222
109.39142187
109.391425518
109.391429167
109.391432815
109.391436463
109.391440111
109.39128065
109.391284298
109.391287946
109.391291595
109.391295243
109.391298891
109.391302539
109.391306187
109.391309835
109.391313484
109.391317132
109.39132078
109.391324428
109.391328076
109.391331724
109.391335373
109.391339021
109.391342669
109.391346317
109.391349965
109.391353613
109.391357262
109.39136091
109.391364558
109.391368206
109.391371854
109.391375502
109.391379151
109.391382799
109.391386447
109.391390095
109.391393743
109.391397391
109.39140104
109.391404688
109.391408336
109.391411984
109.391415632
109.391419281
109.391422929
109.391263468
109.391267116
109.391270764
109.391274412
109.39127806
109.391281708
109.391285357
109.391289005
109.391292653
109.391296301
109.391299949
109.391303597
109.391307246
109.391310894
109.391314542
109.39131819
109.391321838
109.391325486
109.391329135
109.391332783
109.391336431
109.391340079
109.391343727
109.391347376
109.391351024
109.391354672
109.39135832
109.391361968
109.391365616
109.391369265
109.391372913
109.391376561
109.391380209
109.391383857
109.391387505
109.391391154
109.391394802
109.39139845
109.391402098
109.391405746
109.391246285
109.391249933
109.391253581
109.39125723
109.391260878
109.391264526
109.391268174
109.391271822
109.391275471
109.391279119
109.391282767
109.391286415
109.391290063
109.391293711
109.39129736
109.391301008
109.391304656
109.391308304
109.391311952
109.3913156
109.391319249
109.391322897
109.391326545
109.391330193
109.391333841
109.391337489
109.391341138
109.391344786
109.391348434
109.391352082
109.39135573
109.391359378
109.391363027
109.391366675
109.391370323
109.391373971
109.391377619
109.391381267
109.391384916
109.391388564
109.391229103
109.391232751
109.391236399
109.391240047
109.391243695
109.391247344
109.391250992
109.39125464
109.391258288
109.391261936
109.391265584
109.391269233
109.391272881
109.391276529
109.391280177
109.391283825
109.391287473
109.391291122
109.39129477
109.391298418
109.391302066
109.391305714
109.391309362
109.391313011
109.391316659
109.391320307
109.391323955
109.391327603
109.391331251
109.3913349
109.391338548
109.391342196
109.391345844
109.391349492
109.391353141
109.391356789
109.391360437
109.391364085
109.391367733
109.391371381
109.39121192
109.391215568
109.391219217
109.391222865
109.391226513
109.391230161
109.391233809
109.391237457
109.391241106
109.391244754
109.391248402
109.39125205
109.391255698
109.391259346
109.391262995
109.391266643
109.391270291
109.391273939
109.391277587
109.391281236
109.391284884
109.391288532
109.39129218
109.391295828
109.391299476
109.391303125
109.391306773
109.391310421
109.391314069
109.391317717
109.391321365
109.391325014
109.391328662
109.39133231
109.391335958
109.391339606
109.391343254
109.391346903
109.391350551
109.391354199
109.391194738
109.391198386
109.391202034
109.391205682
109.391209331
109.391212979
109.391216627
109.391220275
109.391223923
109.391227571
109.39123122
109.391234868
109.391238516
109.391242164
109.391245812
109.39124946
109.391253109
109.391256757
109.391260405
109.391264053
109.391267701
109.391271349
109.391274998
109.391278646
109.391282294
109.391285942
109.39128959
109.391293238
109.391296887
109.391300535
109.391304183
109.391307831
109.391311479
109.391315127
109.391318776
109.391322424
109.391326072
109.39132972
109.391333368
109.391337016
109.391177555
109.391181204
109.391184852
109.3911885
109.391192148
109.391195796
109.391199444
109.391203093
109.391206741
109.391210389
109.391214037
109.391217685
109.391221333
109.391224982
109.39122863
109.391232278
109.391235926
109.391239574
109.391243222
109.391246871
109.391250519
109.391254167
109.391257815
109.391261463
109.391265111
109.39126876
109.391272408
109.391276056
109.391279704
109.391283352
109.391287001
109.391290649
109.391294297
109.391297945
109.391301593
109.391305241
109.39130889
109.391312538
109.391316186
109.391319834
109.391160373
109.391164021
109.391167669
109.391171317
109.391174966
109.391178614
109.391182262
109.39118591
109.391189558
109.391193206
109.391196855
109.391200503
109.391204151
109.391207799
109.391211447
109.391215096
109.391218744
109.391222392
109.39122604
109.391229688
109.391233336
109.391236985
109.391240633
109.391244281
109.391247929
109.391251577
109.391255225
109.391258874
109.391262522
109.39126617
109.391269818
109.391273466
109.391277114
109.391280763
109.391284411
109.391288059
109.391291707
109.391295355
109.391299003
109.391302652
109.391143191
109.391146839
109.391150487
109.391154135
109.391157783
109.391161431
109.39116508
109.391168728
109.391172376
109.391176024
109.391179672
109.39118332
109.391186969
109.391190617
109.391194265
109.391197913
109.391201561
109.391205209
109.391208858
109.391212506
109.391216154
109.391219802
109.39122345
109.391227098
109.391230747
109.391234395
109.391238043
109.391241691
109.391245339
109.391248987
109.391252636
109.391256284
109.391259932
109.39126358
109.391267228
109.391270876
109.391274525
109.391278173
109.391281821
109.391285469
109.391126008
109.391129656
109.391133304
109.391136953
109.391140601
109.391144249
109.391147897
109.391151545
109.391155193
109.391158842
109.39116249
109.391166138
109.391169786
109.391173434
109.391177082
109.391180731
109.391184379
109.391188027
109.391191675
109.391195323
109.391198971
109.39120262
109.391206268
109.391209916
109.391213564
109.391217212
109.391220861
109.391224509
109.391228157
109.391231805
109.391235453
109.391239101
109.39124275
109.391246398
109.391250046
109.391253694
109.391257342
109.39126099
109.391264639
109.391268287
109.391108826
109.391112474
109.391116122
109.39111977
109.391123418
109.391127066
109.391130715
109.391134363
109.391138011
109.391141659
109.391145307
109.391148956
109.391152604
109.391156252
109.3911599
109.391163548
109.391167196
109.391170845
109.391174493
109.391178141
109.391181789
109.391185437
109.391189085
109.391192734
109.391196382
109.39120003
109.391203678
109.391207326
109.391210974
109.391214623
109.391218271
109.391221919
109.391225567
109.391229215
109.391232863
109.391236512
109.39124016
109.391243808
109.391247456
109.391251104
109.391091643
109.391095291
109.39109894
109.391102588
109.391106236
109.391109884
109.391113532
109.39111718
109.391120829
109.391124477
109.391128125
109.391131773
109.391135421
109.391139069
109.391142718
109.391146366
109.391150014
109.391153662
109.39115731
109.391160958
109.391164607
109.391168255
109.391171903
109.391175551
109.391179199
109.391182847
109.391186496
109.391190144
109.391193792
109.39119744
109.391201088
109.391204736
109.391208385
109.391212033
109.391215681
109.391219329
109.391222977
109.391226626
109.391230274
109.391233922
109.391074461
109.391078109
109.391081757
109.391085405
109.391089053
109.391092702
109.39109635
109.391099998
109.391103646
109.391107294
109.391110942
109.391114591
109.391118239
109.391121887
109.391125535
109.391129183
109.391132831
109.39113648
109.391140128
109.391143776
109.391147424
109.391151072
109.391154721
109.391158369
109.391162017
109.391165665
109.391169313
109.391172961
109.39117661
109.391180258
109.391183906
109.391187554
109.391191202
109.39119485
109.391198499
109.391202147
109.391205795
109.391209443
109.391213091
109.391216739
109.391057278
109.391060926
109.391064575
109.391068223
109.391071871
109.391075519
109.391079167
109.391082815
109.391086464
109.391090112
109.39109376
109.391097408
109.391101056
109.391104705
109.391108353
109.391112001
109.391115649
109.391119297
109.391122945
109.391126594
109.391130242
109.39113389
109.391137538
109.391141186
109.391144834
109.391148483
109.391152131
109.391155779
109.391159427
109.391163075
109.391166723
109.391170372
109.39117402
109.391177668
109.391181316
109.391184964
109.391188612
109.391192261
109.391195909
109.391199557
109.391040096
109.391043744
109.391047392
109.39105104
109.391054689
109.391058337
109.391061985
109.391065633
109.391069281
109.391072929
109.391076578
109.391080226
109.391083874
109.391087522
109.39109117
109.391094818
109.391098467
109.391102115
109.391105763
109.391109411
109.391113059
109.391116707
109.391120356
109.391124004
109.391127652
109.3911313
109.391134948
109.391138596
109.391142245
109.391145893
109.391149541
109.391153189
109.391156837
109.391160486
109.391164134
109.391167782
109.39117143
109.391175078
109.391178726
109.391182375
109.391022913
109.391026562
109.39103021
109.391033858
109.391037506
109.391041154
109.391044802
109.391048451
109.391052099
109.391055747
109.391059395
109.391063043
109.391066691
109.39107034
109.391073988
109.391077636
109.391081284
109.391084932
109.391088581
109.391092229
109.391095877
109.391099525
109.391103173
109.391106821
109.39111047
109.391114118
109.391117766
109.391121414
109.391125062
109.39112871
109.391132359
109.391136007
109.391139655
109.391143303
109.391146951
109.391150599
109.391154248
109.391157896
109.391161544
109.391165192
109.391005731
109.391009379
109.391013027
109.391016675
109.391020324
109.391023972
109.39102762
109.391031268
109.391034916
109.391038565
109.391042213
109.391045861
109.391049509
109.391053157
109.391056805
109.391060454
109.391064102
109.39106775
109.391071398
109.391075046
109.391078694
109.391082343
109.391085991
109.391089639
109.391093287
109.391096935
109.391100583
109.391104232
109.39110788
109.391111528
109.391115176
109.391118824
109.391122472
109.391126121
109.391129769
109.391133417
109.391137065
109.391140713
109.391144361
109.39114801
109.390988549
109.390992197
109.390995845
109.390999493
109.391003141
109.391006789
109.391010438
109.391014086
109.391017734
109.391021382
109.39102503
109.391028678
109.391032327
109.391035975
109.391039623
109.391043271
109.391046919
109.391050567
109.391054216
109.391057864
109.391061512
109.39106516
109.391068808
109.391072456
109.391076105
109.391079753
109.391083401
109.391087049
109.391090697
109.391094346
109.391097994
109.391101642
109.39110529
109.391108938
109.391112586
109.391116235
109.391119883
109.391123531
109.391127179
109.391130827
109.390971366
109.390975014
109.390978662
109.390982311
109.390985959
109.390989607
109.390993255
109.390996903
109.391000551
109.3910042
109.391007848
109.391011496
109.391015144
109.391018792
109.39102244
109.391026089
109.391029737
109.391033385
109.391037033
109.391040681
109.39104433
109.391047978
109.391051626
109.391055274
109.391058922
109.39106257
109.391066219
109.391069867
109.391073515
109.391077163
109.391080811
109.391084459
109.391088108
109.391091756
109.391095404
109.391099052
109.3911027
109.391106348
109.391109997
109.391113645
109.390954184
109.390957832
109.39096148
109.390965128
109.390968776
109.390972425
109.390976073
109.390979721
109.390983369
109.390987017
109.390990665
109.390994314
109.390997962
109.39100161
109.391005258
109.391008906
109.391012554
109.391016203
109.391019851
109.391023499
109.391027147
109.391030795
109.391034443
109.391038092
109.39104174
109.391045388
109.391049036
109.391052684
109.391056332
109.391059981
109.391063629
109.391067277
109.391070925
109.391074573
109.391078221
109.39108187
109.391085518
109.391089166
109.391092814
109.391096462
109.390937001
109.390940649
109.390944298
109.390947946
109.390951594
109.390955242
109.39095889
109.390962538
109.390966187
109.390969835
109.390973483
109.390977131
109.390980779
109.390984427
109.390988076
109.390991724
109.390995372
109.39099902
109.391002668
109.391006316
109.391009965
109.391013613
109.391017261
109.391020909
109.391024557
109.391028205
109.391031854
109.391035502
109.39103915
109.391042798
109.391046446
109.391050095
109.391053743
109.391057391
109.391061039
109.391064687
109.391068335
109.391071984
109.391075632
109.39107928
109.390919819
109.390923467
109.390927115
109.390930763
109.390934411
109.39093806
109.390941708
109.390945356
109.390949004
109.390952652
109.3909563
109.390959949
109.390963597
109.390967245
109.390970893
109.390974541
109.39097819
109.390981838
109.390985486
109.390989134
109.390992782
109.39099643
109.391000079
109.391003727
109.391007375
109.391011023
109.391014671
109.391018319
109.391021968
109.391025616
109.391029264
109.391032912
109.39103656
109.391040208
109.391043857
109.391047505
109.391051153
109.391054801
109.391058449
109.391062097
109.390902636
109.390906285
109.390909933
109.390913581
109.390917229
109.390920877
109.390924525
109.390928174
109.390931822
109.39093547
109.390939118
109.390942766
109.390946414
109.390950063
109.390953711
109.390957359
109.390961007
109.390964655
109.390968303
109.390971952
109.3909756
109.390979248
109.390982896
109.390986544
109.390990192
109.390993841
109.390997489
109.391001137
109.391004785
109.391008433
109.391012081
109.39101573
109.391019378
109.391023026
109.391026674
109.391030322
109.391033971
109.391037619
109.391041267
109.391044915
109.390885454
109.390889102
109.39089275
109.390896398
109.390900047
109.390903695
109.390907343
109.390910991
109.390914639
109.390918287
109.390921936
109.390925584
109.390929232
109.39093288
109.390936528
109.390940176
109.390943825
109.390947473
109.390951121
109.390954769
109.390958417
109.390962065
109.390965714
109.390969362
109.39097301
109.390976658
109.390980306
109.390983955
109.390987603
109.390991251
109.390994899
109.390998547
109.391002195
109.391005844
109.391009492
109.39101314
109.391016788
109.391020436
109.391024084
109.391027733
109.390868271
109.39087192
109.390875568
109.390879216
109.390882864
109.390886512
109.39089016
109.390893809
109.390897457
109.390901105
109.390904753
109.390908401
109.39091205
109.390915698
109.390919346
109.390922994
109.390926642
109.39093029
109.390933939
109.390937587
109.390941235
109.390944883
109.390948531
109.390952179
109.390955828
109.390959476
109.390963124
109.390966772
109.39097042
109.390974068
109.390977717
109.390981365
109.390985013
109.390988661
109.390992309
109.390995957
109.390999606
109.391003254
109.391006902
109.39101055
109.390851089
109.390854737
109.390858385
109.390862034
109.390865682
109.39086933
109.390872978
109.390876626
109.390880274
109.390883923
109.390887571
109.390891219
109.390894867
109.390898515
109.390902163
109.390905812
109.39090946
109.390913108
109.390916756
109.390920404
109.390924052
109.390927701
109.390931349
109.390934997
109.390938645
109.390942293
109.390945941
109.39094959
109.390953238
109.390956886
109.390960534
109.390964182
109.39096783
109.390971479
109.390975127
109.390978775
109.390982423
109.390986071
109.39098972
109.390993368
109.390833907
109.390837555
109.390841203
109.390844851
109.390848499
109.390852147
109.390855796
109.390859444
109.390863092
109.39086674
109.390870388
109.390874036
109.390877685
109.390881333
109.390884981
109.390888629
109.390892277
109.390895925
109.390899574
109.390903222
109.39090687
109.390910518
109.390914166
109.390917815
109.390921463
109.390925111
109.390928759
109.390932407
109.390936055
109.390939704
109.390943352
109.390947
109.390950648
109.390954296
109.390957944
109.390961593
109.390965241
109.390968889
109.390972537
109.390976185
109.390816724
109.390820372
109.39082402
109.390827669
109.390831317
109.390834965
109.390838613
109.390842261
109.39084591
109.390849558
109.390853206
109.390856854
109.390860502
109.39086415
109.390867799
109.390871447
109.390875095
109.390878743
109.390882391
109.390886039
109.390889688
109.390893336
109.390896984
109.390900632
109.39090428
109.390907928
109.390911577
109.390915225
109.390918873
109.390922521
109.390926169
109.390929817
109.390933466
109.390937114
109.390940762
109.39094441
109.390948058
109.390951706
109.390955355
109.390959003
