0.552451 0.551453 0.550457 0.550007 0.549557 0.54857 0.547587 0.547139 0.546692 0.545717 0.544745 0.544301 0.543856 0.542893 0.541932 0.54149 0.541048 0.540096 0.539145 0.538706 0.538267 0.537325 0.536385 0.535949 0.535513 0.534581 0.533651 0.533217 0.532784 0.531861
0.552993 0.551995 0.550999 0.550548 0.550097 0.549111 0.548127 0.547679 0.547231 0.546256 0.545284 0.544839 0.544394 0.54343 0.542468 0.542026 0.541584 0.540631 0.53968 0.539241 0.538801 0.537858 0.536918 0.536481 0.536045 0.535112 0.534182 0.533748 0.533313 0.532391
0.553134 0.552136 0.551141 0.55069 0.550239 0.549253 0.548269 0.547821 0.547373 0.546399 0.545427 0.544982 0.544536 0.543573 0.542612 0.54217 0.541727 0.540775 0.539824 0.539385 0.538945 0.538003 0.537063 0.536626 0.536189 0.535257 0.534327 0.533893 0.533459 0.532536
0.553275 0.552277 0.551282 0.550831 0.550381 0.549395 0.548411 0.547964 0.547516 0.546541 0.545569 0.545124 0.544679 0.543716 0.542755 0.542313 0.541871 0.540918 0.539968 0.539529 0.539089 0.538147 0.537208 0.536771 0.536334 0.535402 0.534472 0.534038 0.533604 0.532681
0.553807 0.552809 0.551814 0.551363 0.550911 0.549925 0.548942 0.548494 0.548045 0.547071 0.546099 0.545653 0.545208 0.544244 0.543283 0.54284 0.542398 0.541445 0.540495 0.540055 0.539615 0.538672 0.537732 0.537295 0.536858 0.535925 0.534995 0.534561 0.534126 0.533203
0.554342 0.553344 0.552348 0.551897 0.551445 0.550459 0.549475 0.549026 0.548578 0.547603 0.546631 0.546185 0.545739 0.544775 0.543814 0.54337 0.542927 0.541974 0.541024 0.540583 0.540142 0.5392 0.53826 0.537822 0.537384 0.536451 0.535521 0.535086 0.53465 0.533727
0.554486 0.553488 0.552493 0.552041 0.55159 0.550604 0.54962 0.549172 0.548723 0.547748 0.546776 0.54633 0.545884 0.544921 0.54396 0.543517 0.543073 0.542121 0.54117 0.54073 0.540289 0.539347 0.538407 0.537969 0.537531 0.536599 0.535669 0.535233 0.534798 0.533875
0.55463 0.553632 0.552638 0.552186 0.551734 0.550748 0.549765 0.549317 0.548868 0.547894 0.546922 0.546476 0.54603 0.545067 0.544106 0.543663 0.54322 0.542267 0.541317 0.540877 0.540436 0.539494 0.538554 0.538116 0.537678 0.536746 0.535816 0.535381 0.534945 0.534023
0.555155 0.554158 0.553163 0.552711 0.552258 0.551273 0.55029 0.54984 0.549391 0.548417 0.547445 0.546999 0.546552 0.545589 0.544628 0.544184 0.543741 0.542788 0.541838 0.541397 0.540956 0.540013 0.539073 0.538635 0.538196 0.537264 0.536334 0.535898 0.535462 0.53454
0.555683 0.554686 0.55369 0.553238 0.552786 0.5518 0.550816 0.550367 0.549917 0.548943 0.547971 0.547524 0.547077 0.546113 0.545152 0.544708 0.544264 0.543311 0.542361 0.541919 0.541478 0.540535 0.539595 0.539156 0.538717 0.537784 0.536854 0.536418 0.535982 0.535059
0.55583 0.554833 0.553838 0.553385 0.552933 0.551947 0.550964 0.550515 0.550065 0.549091 0.548119 0.547672 0.547225 0.546262 0.545301 0.544857 0.544413 0.54346 0.54251 0.542069 0.541627 0.540685 0.539745 0.539306 0.538867 0.537934 0.537004 0.536568 0.536132 0.535209
0.555977 0.55498 0.553985 0.553533 0.55308 0.552095 0.551112 0.550663 0.550213 0.549239 0.548268 0.547821 0.547374 0.546411 0.54545 0.545006 0.544562 0.543609 0.54266 0.542218 0.541777 0.540834 0.539895 0.539456 0.539017 0.538084 0.537155 0.536718 0.536282 0.535359
0.556496 0.555498 0.554504 0.554051 0.553598 0.552613 0.55163 0.55118 0.55073 0.549756 0.548784 0.548337 0.54789 0.546927 0.545966 0.545522 0.545077 0.544124 0.543174 0.542732 0.542291 0.541348 0.540408 0.539969 0.53953 0.538597 0.537667 0.53723 0.536794 0.53587
0.557017 0.55602 0.555025 0.554572 0.554119 0.553133 0.552151 0.5517 0.55125 0.550276 0.549304 0.548856 0.548409 0.547445 0.546485 0.54604 0.545595 0.544642 0.543692 0.543249 0.542807 0.541864 0.540924 0.540485 0.540045 0.539112 0.538182 0.537745 0.537308 0.536384
0.557167 0.55617 0.555175 0.554722 0.554269 0.553284 0.552301 0.551851 0.551401 0.550426 0.549455 0.549008 0.54856 0.547597 0.546636 0.546191 0.545746 0.544794 0.543844 0.543402 0.542959 0.542017 0.541077 0.540637 0.540197 0.539265 0.538335 0.537898 0.53746 0.536537
0.557316 0.55632 0.555326 0.554872 0.554419 0.553434 0.552452 0.552002 0.551551 0.550577 0.549606 0.549159 0.548711 0.547748 0.546788 0.546343 0.545898 0.544946 0.543996 0.543554 0.543111 0.542169 0.541229 0.54079 0.54035 0.539417 0.538487 0.53805 0.537613 0.53669
0.557829 0.556832 0.555838 0.555384 0.554931 0.553946 0.552964 0.552513 0.552062 0.551088 0.550117 0.549669 0.549221 0.548258 0.547298 0.546853 0.546407 0.545455 0.544505 0.544062 0.54362 0.542677 0.541737 0.541297 0.540857 0.539925 0.538994 0.538557 0.53812 0.537196
0.558344 0.557347 0.556353 0.555899 0.555445 0.55446 0.553478 0.553027 0.552576 0.551602 0.550631 0.550182 0.549734 0.548771 0.547811 0.547365 0.546919 0.545967 0.545017 0.544574 0.544131 0.543188 0.542248 0.541808 0.541367 0.540434 0.539504 0.539066 0.538629 0.537705
0.558496 0.5575 0.556506 0.556052 0.555598 0.554613 0.553631 0.55318 0.552729 0.551756 0.550785 0.550336 0.549888 0.548925 0.547965 0.547519 0.547074 0.546121 0.545171 0.544728 0.544285 0.543343 0.542403 0.541963 0.541522 0.54059 0.539659 0.539222 0.538784 0.53786
0.558649 0.557652 0.556659 0.556205 0.555751 0.554767 0.553785 0.553334 0.552883 0.551909 0.550938 0.55049 0.550042 0.549079 0.548119 0.547674 0.547228 0.546276 0.545326 0.544883 0.54444 0.543498 0.542558 0.542118 0.541677 0.540745 0.539815 0.539377 0.538939 0.538016
0.559155 0.558158 0.557165 0.556711 0.556257 0.555272 0.55429 0.553839 0.553388 0.552414 0.551443 0.550995 0.550546 0.549584 0.548624 0.548178 0.547732 0.546779 0.54583 0.545386 0.544943 0.544001 0.543061 0.54262 0.54218 0.541247 0.540317 0.539879 0.539441 0.538517
0.559663 0.558667 0.557673 0.557219 0.556765 0.55578 0.554799 0.554347 0.553895 0.552922 0.551951 0.551502 0.551053 0.550091 0.54913 0.548684 0.548238 0.547286 0.546336 0.545892 0.545449 0.544506 0.543566 0.543125 0.542684 0.541752 0.540821 0.540383 0.539945 0.539021
0.559818 0.558822 0.557829 0.557375 0.556921 0.555936 0.554955 0.554503 0.554052 0.553078 0.552108 0.551659 0.55121 0.550247 0.549287 0.548841 0.548395 0.547443 0.546493 0.54605 0.545606 0.544664 0.543724 0.543283 0.542842 0.541909 0.540979 0.540541 0.540102 0.539179
0.559973 0.558978 0.557985 0.55753 0.557076 0.556092 0.555111 0.554659 0.554208 0.553235 0.552264 0.551815 0.551367 0.550404 0.549444 0.548998 0.548552 0.5476 0.54665 0.546207 0.545763 0.544821 0.543881 0.543441 0.543 0.542067 0.541137 0.540698 0.54026 0.539337
0.560473 0.559478 0.558485 0.55803 0.557576 0.556592 0.55561 0.555159 0.554707 0.553734 0.552764 0.552314 0.551865 0.550903 0.549943 0.549497 0.54905 0.548098 0.547149 0.546705 0.546261 0.545319 0.544379 0.543938 0.543497 0.542564 0.541634 0.541195 0.540757 0.539833
0.560976 0.55998 0.558987 0.558533 0.558078 0.557094 0.556113 0.555661 0.555209 0.554236 0.553265 0.552816 0.552367 0.551404 0.550444 0.549998 0.549551 0.548599 0.547649 0.547205 0.546761 0.545819 0.544879 0.544438 0.543996 0.543063 0.542133 0.541694 0.541256 0.540332
0.561134 0.560138 0.559146 0.558691 0.558236 0.557253 0.556271 0.555819 0.555367 0.554395 0.553425 0.552975 0.552526 0.551564 0.550604 0.550157 0.549711 0.548759 0.547809 0.547365 0.546921 0.545979 0.545039 0.544598 0.544157 0.543224 0.542293 0.541855 0.541416 0.540492
0.561291 0.560296 0.559304 0.558849 0.558395 0.557411 0.55643 0.555978 0.555526 0.554554 0.553584 0.553135 0.552685 0.551723 0.550764 0.550317 0.54987 0.548919 0.547969 0.547525 0.547081 0.546139 0.5452 0.544758 0.544317 0.543384 0.542454 0.542015 0.541577 0.540653
0.561785 0.56079 0.559798 0.559343 0.558888 0.557905 0.556924 0.556472 0.55602 0.555047 0.554077 0.553628 0.553178 0.552216 0.551257 0.55081 0.550363 0.549411 0.548462 0.548018 0.547574 0.546631 0.545692 0.54525 0.544809 0.543876 0.542946 0.542507 0.542068 0.541144
0.562282 0.561287 0.560295 0.55984 0.559385 0.558401 0.557421 0.556968 0.556516 0.555543 0.554574 0.554124 0.553674 0.552712 0.551753 0.551306 0.550859 0.549907 0.548957 0.548513 0.548069 0.547126 0.546187 0.545745 0.545303 0.54437 0.54344 0.543001 0.542562 0.541638
