206.889410407
206.88933891
206.889267413
206.889195916
206.889124419
206.889052922
206.888981425
206.888909929
206.888838432
206.888766935
206.888695438
206.888623941
206.888552444
206.888480947
206.88840945
206.888337954
206.888266457
206.88819496
206.888123463
206.888051966
206.887980469
206.887908972
206.887837476
206.887765979
206.887694482
206.887622985
206.887551488
206.887479991
206.887408494
206.887336997
206.887265501
206.887194004
206.887122507
206.88705101
206.886979513
206.886908016
206.886836519
206.886765023
206.886693526
206.886622029
206.886550532
206.886479035
206.886407538
206.886336041
206.886264545
206.886193048
206.886121551
206.886050054
206.885978557
206.88590706
206.885835563
206.885764066
206.88569257
206.885621073
206.885549576
206.885478079
206.885406582
206.885335085
206.885263588
206.885192092
206.885120595
206.885049098
206.884977601
206.884906104
206.884834607
206.88476311
206.884691613
206.884620117
206.88454862
206.884477123
206.884405626
206.884334129
206.884262632
206.884191135
206.884119639
206.884048142
206.883976645
206.883905148
206.883833651
206.883762154
206.883690657
206.88361916
206.883547664
206.883476167
206.88340467
206.883333173
206.883261676
206.883190179
206.883118682
206.883047186
206.882975689
206.882904192
206.882832695
206.882761198
206.882689701
206.882618204
206.882546708
206.882475211
206.882403714
206.882332217
206.88226072
206.882189223
206.882117726
206.882046229
206.881974733
206.881903236
206.881831739
206.881760242
206.881688745
206.881617248
206.881545751
206.881474255
206.881402758
206.881331261
206.881259764
206.881188267
206.88111677
206.881045273
206.880973776
206.88090228
