-0.726369878618 -0.727052952381 -0.727302118144 -0.728004368031 -0.73284876979 -0.733127373853 -0.735439340093 -0.736019996062 -0.735529162398 -0.735870265421 -0.736222430623 -0.735575172927 -0.739611255143 -0.738600479396 -0.738949735259 -0.740560682687 -0.740873226861 -0.743309248264 -0.743443722487 -0.743244719757 -0.74178945889 -0.743629451438 -0.743679493932 -0.743931310365 -0.741034517544 -0.737864648821 -0.738314104952 -0.738266505615 -0.742207817788 -0.74510701397
-0.722274297147 -0.724257859303 -0.724865597666 -0.728678179173 -0.729202666009 -0.729586651762 -0.733445939888 -0.733258813027 -0.733634687049 -0.734021623251 -0.734419621632 -0.733863142319 -0.736396253892 -0.736805973774 -0.737185391963 -0.739279733643 -0.735455490458 -0.741703758846 -0.741841104982 -0.740353626439 -0.744026764236 -0.740782530783 -0.74075130275 -0.741068716168 -0.743906993163 -0.735681039479 -0.735741541189 -0.736508803343 -0.735138702506 -0.734454280993
-0.719986223852 -0.720193601456 -0.720938330462 -0.723808219501 -0.72576809219 -0.726257459634 -0.731009009066 -0.731281731873 -0.731703439074 -0.732136208455 -0.732580040015 -0.732121788509 -0.734543565265 -0.734983447473 -0.735393027987 -0.735772306808 -0.733729306517 -0.739988068103 -0.740128286152 -0.740299020116 -0.742109658351 -0.741227576793 -0.738741004991 -0.743157342352 -0.741539236109 -0.737190053962 -0.733131668588 -0.734653487936 -0.734999584771 -0.731637877833
-0.710356986557 -0.716580443779 -0.717715182043 -0.722737279615 -0.722545048334 -0.728440191837 -0.729019971383 -0.729588024871 -0.729735418474 -0.730214021034 -0.730703685773 -0.730351111496 -0.732662855958 -0.733132900491 -0.73357264333 -0.733982084476 -0.731992151628 -0.738162176035 -0.738305265998 -0.737243365709 -0.740078289425 -0.739803751279 -0.739790674045 -0.741739582606 -0.742386576937 -0.742752449097 -0.730799671012 -0.733340962017 -0.732804106915 -0.731543062886
-0.70662043484 -0.713012542746 -0.714220570033 -0.715468990368 -0.727451732954 -0.72638604911 -0.726992135612 -0.727586496056 -0.727730625249 -0.728255060988 -0.728790558906 -0.72855111128 -0.73075412597 -0.731254332828 -0.731724237993 -0.732163841464 -0.730244025791 -0.732803437292 -0.735587097958 -0.737539565462 -0.738157162784 -0.738002905637 -0.737940127297 -0.740090514586 -0.740643458571 -0.740905365638 -0.733880475526 -0.731732516698 -0.728688252866 -0.728394793408
-0.716073190913 -0.717713420852 -0.711005849041 -0.727785032623 -0.72552262254 -0.725614536613 -0.725785306012 -0.72559214359 -0.725689059398 -0.726259328316 -0.726840659414 -0.727642574836 -0.728817375302 -0.729347744486 -0.729847811975 -0.730317577772 -0.728017137679 -0.728751163612 -0.733583674466 -0.735841879621 -0.736347885317 -0.736028312348 -0.735915832901 -0.7262657679 -0.725465556448 -0.734049563475 -0.731313107519 -0.727290309663 -0.72640716802 -0.72080326234
-0.714069533881 -0.715321546959 -0.726220112459 -0.725463125967 -0.72349220774 -0.723657068091 -0.723841398191 -0.723897742869 -0.724697126635 -0.724795919787 -0.724919006126 -0.725698757406 -0.726339343595 -0.727413135462 -0.728196386312 -0.728544267646 -0.726409696894 -0.72710010109 -0.731501223303 -0.733935319725 -0.734329733796 -0.733879971412 -0.733055239261 -0.724873371678 -0.723498642196 -0.72056405317 -0.734821477564 -0.731628604662 -0.724904541181 -0.718265584334
-0.716486377534 -0.724358293054 -0.723583934566 -0.722965320809 -0.721360488554 -0.721598346251 -0.72185476396 -0.72212834652 -0.722913117442 -0.723120131194 -0.723351438133 -0.72360703826 -0.725135783366 -0.725420027346 -0.726090301357 -0.72649317254 -0.72477305301 -0.725419835468 -0.727130218697 -0.731819885775 -0.730016713455 -0.730423796009 -0.723722472987 -0.731718266821 -0.71885671972 -0.71890067932 -0.716007674064 -0.732101350416 -0.72292291637 -0.717462041905
-0.724146172735 -0.722531482792 -0.720215475234 -0.720291617148 -0.719127464983 -0.719438371092 -0.719766876412 -0.720112546582 -0.720984243832 -0.721299478183 -0.721639005722 -0.722769350172 -0.72335601712 -0.723807530946 -0.724218514285 -0.726716816937 -0.724988904589 -0.725322607812 -0.727602317916 -0.72796028466 -0.727953260613 -0.736938035414 -0.721537734276 -0.729640375735 -0.727042088841 -0.727469743387 -0.725909685455 -0.740774466552 -0.740596183547 -0.715425068542
-0.722202434598 -0.719762085826 -0.714845616391 -0.717176867551 -0.716793137025 -0.71717723495 -0.717577735546 -0.718515519007 -0.718644516674 -0.718837566771 -0.720354544311 -0.720972965156 -0.721544335592 -0.72207517554 -0.722565485001 -0.725591428956 -0.72607720589 -0.723129225765 -0.725476910747 -0.724877023847 -0.730725898167 -0.725617482307 -0.725707779596 -0.717350876841 -0.726138026129 -0.725686769704 -0.729263868176 -0.728503735867 -0.738019982691 -0.738968743741
-0.71912746813 -0.716897779752 -0.714697409245 -0.712335698736 -0.717899342177 -0.714919955711 -0.71561119339 -0.715793637535 -0.716040134111 -0.716350683117 -0.718287799369 -0.718962098498 -0.719612795056 -0.720222961127 -0.729509771291 -0.730175808098 -0.724626419505 -0.72301819583 -0.729712327548 -0.729453785161 -0.729875107823 -0.724655050683 -0.724263871409 -0.724524263421 -0.724793957125 -0.717298291434 -0.721411609156 -0.719604863693 -0.717381555138 -0.728835338461
-0.717122819029 -0.716144420771 -0.713641439174 -0.709385463587 -0.71265433622 -0.715553591612 -0.716078991422 -0.71304624938 -0.713410244865 -0.713838292779 -0.716079238917 -0.724497462431 -0.717561395514 -0.718250887707 -0.72855871282 -0.729248612043 -0.727847263181 -0.728549823587 -0.727928335804 -0.727854572393 -0.723293664638 -0.723534643865 -0.722916525337 -0.723219677568 -0.7209510514 -0.717794624807 -0.707022784863 -0.717115185065 -0.715245014469 -0.723269074887
-0.705243471991 -0.704956195906 -0.708771408582 -0.709203047088 -0.710160315 -0.712461367721 -0.713652243535 -0.714092101339 -0.714400797425 -0.711300395758 -0.713728862955 -0.722588762397 -0.723371478802 -0.716158955281 -0.726497934233 -0.727211695874 -0.725853362365 -0.726284910968 -0.725242015554 -0.721020907524 -0.721267224469 -0.72072527154 -0.719761541626 -0.719461696839 -0.716527261765 -0.715029627514 -0.717947068954 -0.716650567398 -0.715075796532 -0.720162131504
-0.701768014258 -0.701543435424 -0.701545018541 -0.706875454195 -0.709296038337 -0.709258715014 -0.710047611305 -0.710534903908 -0.712017642796 -0.712540451806 -0.719403540534 -0.719669391291 -0.720413599914 -0.721141751675 -0.723327435533 -0.72406505959 -0.725531004903 -0.726191427065 -0.718196945044 -0.718448599706 -0.718685936857 -0.717492133769 -0.717418154099 -0.715321638141 -0.714340319897 -0.712999158406 -0.71687216515 -0.715871063323 -0.711730451156 -0.710910102344
-0.698339034764 -0.698177153183 -0.698241433552 -0.698831375345 -0.70641599263 -0.706539724084 -0.706485120859 -0.707855940791 -0.708592603025 -0.710202115963 -0.717200404266 -0.717707009985 -0.717931485829 -0.72360919903 -0.723724606429 -0.720679553632 -0.72378913751 -0.71467432814 -0.715078769578 -0.714793797819 -0.714573690933 -0.714753777725 -0.711369929447 -0.710369219651 -0.710478107961 -0.710853308719 -0.708925811595 -0.708415406417 -0.711590360641 -0.710337761434
-0.697670757689 -0.697457005878 -0.697268143673 -0.696165530457 -0.702450625506 -0.702914931207 -0.704345398742 -0.705979966319 -0.707085778727 -0.7080681131 -0.704001685852 -0.714899337307 -0.715103404937 -0.716125487056 -0.718961803178 -0.718574523487 -0.712275169019 -0.706877944334 -0.711331485981 -0.711537024486 -0.709317638169 -0.708479021704 -0.707545253506 -0.707742607086 -0.707891417348 -0.707711135496 -0.704756649348 -0.704370976984 -0.705677178173 -0.710097879479
-0.694772628299 -0.695186955068 -0.693546548386 -0.696009252775 -0.696837661591 -0.698343834212 -0.699461767947 -0.700065488803 -0.699589172397 -0.702517534665 -0.700730679642 -0.703879698376 -0.709062505356 -0.709219456425 -0.712183397416 -0.71421953422 -0.709421097194 -0.702049132294 -0.708237940473 -0.708009170674 -0.70556895205 -0.705890484186 -0.70483886758 -0.705076143113 -0.705264875329 -0.705174434016 -0.702752231532 -0.701125321643 -0.70405019561 -0.707127476633
-0.690457195262 -0.691053314369 -0.691118842564 -0.695160856737 -0.69801113091 -0.695987768201 -0.694565158866 -0.694606267051 -0.692634843653 -0.69648238775 -0.69704398331 -0.700691935944 -0.705201532996 -0.701347685523 -0.701565273065 -0.695024239784 -0.694660894886 -0.709226144285 -0.697884589034 -0.70913901811 -0.702656365908 -0.699694535784 -0.702468618815 -0.702820811352 -0.704191095275 -0.702106897473 -0.700184981523 -0.700440143728 -0.704457414333 -0.704763450012
-0.687291921731 -0.687642585927 -0.688648597582 -0.692429340042 -0.69533317528 -0.695854426774 -0.696950226652 -0.694402442002 -0.687274646782 -0.685184569436 -0.693339340987 -0.683485123968 -0.684298211038 -0.692264567674 -0.691195484924 -0.691405189186 -0.697054677239 -0.69424808059 -0.694969054386 -0.695131537151 -0.694109916886 -0.688226081788 -0.697348609023 -0.697720130792 -0.69894000981 -0.69942642798 -0.692576985924 -0.692422976267 -0.691964882518 -0.692119596693
-0.684982543695 -0.68552308169 -0.68615112567 -0.688721267784 -0.689594711006 -0.690444986647 -0.691710587798 -0.690465115756 -0.688539489622 -0.681725290616 -0.683029451869 -0.680228592095 -0.681845658985 -0.680736377006 -0.681439325496 -0.690245663072 -0.691101040553 -0.68856173312 -0.692363418668 -0.689792656383 -0.689656303467 -0.689629543993 -0.690967561651 -0.689841827637 -0.690105735506 -0.691636462712 -0.689473458326 -0.689323156263 -0.689016938024 -0.689330851735
-0.68181422376 -0.682228800566 -0.682544893209 -0.686701091232 -0.686637676881 -0.68718919474 -0.687570318056 -0.68732659078 -0.685390842063 -0.684968097338 -0.686324718371 -0.690611907076 -0.690221868037 -0.693384411879 -0.684015666937 -0.684886627918 -0.683089161299 -0.685818795839 -0.686816749044 -0.685310236207 -0.685405111349 -0.687505160836 -0.687586333966 -0.689070806313 -0.689342307014 -0.68872738682 -0.686486261131 -0.688730707 -0.686194460752 -0.686656005383
-0.678156783032 -0.679175148381 -0.68072894876 -0.682808075436 -0.682035147869 -0.687646391065 -0.685573931851 -0.688038527706 -0.685626574641 -0.684150162184 -0.684228296404 -0.690073619538 -0.693133462038 -0.690331006802 -0.687424180413 -0.686569954539 -0.696378027265 -0.67437925316 -0.678944609374 -0.681468422436 -0.683675010659 -0.683993903529 -0.684386811329 -0.68485373406 -0.686404234149 -0.686014158928 -0.68590562971 -0.68596506196 -0.686027394064 -0.686453109543
-0.670950783898 -0.674341958069 -0.676764851623 -0.676916261614 -0.679310571955 -0.68195119689 -0.682234598865 -0.683560794607 -0.684382419305 -0.683157919305 -0.682356910126 -0.691740605834 -0.689862198078 -0.689705223156 -0.690487827164 -0.690766870497 -0.686859631615 -0.686999859441 -0.688757253671 -0.689515114805 -0.679974691084 -0.680570592257 -0.68124050836 -0.679259786434 -0.683339682648 -0.691019646621 -0.69166590389 -0.689698081449 -0.690011489092 -0.689224248942
-0.668068365544 -0.670549208747 -0.673894511876 -0.676432606855 -0.676853972862 -0.678143852141 -0.675664675785 -0.682386545951 -0.68509517376 -0.685309162437 -0.683296410777 -0.684738107304 -0.684150991815 -0.686651426307 -0.686783805997 -0.684844195164 -0.683610838928 -0.683661355908 -0.683254827469 -0.686549823531 -0.686845489901 -0.681971612149 -0.681398374463 -0.682135892249 -0.685917639579 -0.686242408114 -0.685392809668 -0.686151978637 -0.686560933129 -0.687028134989
-0.668823816365 -0.670191814222 -0.674918206589 -0.672338244013 -0.673894410449 -0.674009563914 -0.674532607402 -0.672401194246 -0.679125338672 -0.671811189803 -0.672377355455 -0.673787105663 -0.673894273734 -0.677071326097 -0.678045261627 -0.677153094724 -0.678146282559 -0.679068266732 -0.679602594997 -0.680299001779 -0.675891396783 -0.676326971918 -0.682315322105 -0.682951171992 -0.685025585857 -0.685514917168 -0.684470701523 -0.683854911371 -0.684214179412 -0.685528133217
-0.662561532948 -0.666403704118 -0.6694770789 -0.668917492248 -0.670559744274 -0.671167743283 -0.670561924027 -0.672101281996 -0.676900410813 -0.676280429847 -0.674734275941 -0.664465941008 -0.664443706335 -0.665910647478 -0.665639660006 -0.668867601601 -0.669197010682 -0.669450229859 -0.671168401596 -0.671812576726 -0.672824390191 -0.673534271786 -0.674233795935 -0.675987019902 -0.676189970439 -0.675478686753 -0.681967892975 -0.681185706551 -0.682020122471 -0.68590168148
-0.667265425008 -0.668658614354 -0.670434119603 -0.665454522675 -0.668375329155 -0.668952418326 -0.667854477584 -0.672591159297 -0.673022713787 -0.673678370547 -0.669687241546 -0.660911189188 -0.659078697427 -0.660833504061 -0.653485516839 -0.649309430674 -0.648713107418 -0.648165207202 -0.659777302536 -0.667835741177 -0.669652748828 -0.670512575929 -0.670850619924 -0.672574602949 -0.668365791332 -0.668802065016 -0.669457619197 -0.674106206187 -0.675931818567 -0.67691958375
-0.665012563192 -0.666640463149 -0.665850781068 -0.663238176012 -0.665577983886 -0.667039572649 -0.667566111583 -0.655802756263 -0.669002552103 -0.658457697067 -0.659506623168 -0.659585347519 -0.655367466881 -0.656991169701 -0.649905624613 -0.646390657891 -0.644478471707 -0.644386141425 -0.644956390787 -0.644547805911 -0.64578777243 -0.659081071123 -0.66684354584 -0.664380346835 -0.664864953712 -0.665455514787 -0.666391133662 -0.672259859391 -0.673200199665 -0.674476284726
-0.662880360474 -0.665333530106 -0.667393948307 -0.668977615153 -0.663676757956 -0.654159283215 -0.652681847024 -0.652930403697 -0.655872553371 -0.655731078424 -0.656716945035 -0.657576792183 -0.656698502164 -0.654668248692 -0.651408534199 -0.64178456212 -0.641244945097 -0.641015275683 -0.643563979255 -0.643623294135 -0.644344314693 -0.648299471802 -0.648548146191 -0.650999051175 -0.651460249472 -0.654962812733 -0.66289165091 -0.662188987233 -0.662732591474 -0.668294568502
-0.656984668127 -0.662434931667 -0.662460507999 -0.663935411584 -0.665431149548 -0.664576916472 -0.66531745208 -0.660690957134 -0.660093964401 -0.660267360927 -0.659161093557 -0.660171270345 -0.651525555301 -0.649386852343 -0.64852094465 -0.646318080265 -0.645675935701 -0.640635257875 -0.640725743208 -0.638939001033 -0.640771529988 -0.640653968727 -0.640623412942 -0.656075338451 -0.65628417212 -0.657765159982 -0.659470207767 -0.658656349986 -0.659336738297 -0.661198018363
