0.312896960611 0.315329907995 0.313299850387 0.313489083523 0.313350074 0.315964119783 0.317100007664 0.317158977931 0.319059247046 0.318928391196 0.318594173134 0.312914695917 0.314342344873 0.319964996604 0.319346660828 0.31947596828 0.320449497851 0.320676368299 0.321580299486 0.32164005211 0.331565807318 0.340538582384 0.343311667195 0.346141439826 0.349027900278 0.351971048551 0.325204585903 0.325636769862 0.403110520078 0.412629294085
0.316521495154 0.309691948365 0.311606862373 0.310859270988 0.315743838367 0.318937712817 0.315228077875 0.31812494552 0.322616265899 0.320208048378 0.324637199929 0.317613263428 0.318252651282 0.316875441595 0.317377875878 0.317839196496 0.319208866249 0.319532981432 0.320179731512 0.323308252065 0.32149541854 0.321996309286 0.322486997874 0.322967484306 0.323437768582 0.323897850701 0.324347730664 0.330567718043 0.364623849951 0.370422201839
0.315406891783 0.306799189606 0.311655520827 0.311690318781 0.317806961491 0.318501447355 0.319012608126 0.317866732312 0.319305105136 0.320632233252 0.316638731709 0.316956276395 0.317233558515 0.317319556866 0.31742355801 0.317798652146 0.318154358267 0.319036501564 0.319458150796 0.319517925579 0.319726285042 0.321108237845 0.321606420281 0.322094400561 0.325145993494 0.326748517038 0.328481693928 0.326427226036 0.327897996513 0.329470041871
0.306240143109 0.307430347679 0.310048637681 0.310565621749 0.316576651577 0.317298763415 0.316846996281 0.317839840191 0.317982518422 0.317717894975 0.314782088604 0.314899011764 0.315189198681 0.316157565478 0.316421917301 0.316319532773 0.317181168449 0.318104699366 0.318438535349 0.318721119288 0.318952451183 0.319114864216 0.320041846321 0.321071432579 0.322203622989 0.323438417551 0.324775816266 0.326313049662 0.327851785544 0.329491796306
0.305493751426 0.307409257396 0.309275766408 0.314242127516 0.315116161485 0.31776964632 0.314358512215 0.315338834669 0.315908315469 0.316338407544 0.31295694897 0.313311969382 0.314487705169 0.31477010584 0.314784380631 0.316295220894 0.316853224159 0.315707372023 0.316305631524 0.317006495177 0.317809962983 0.318716034941 0.319724711052 0.320835991315 0.32204987573 0.323366364298 0.324785457019 0.326206942261 0.327813643546 0.329521619712
0.303272760831 0.307405070477 0.309283317714 0.313201712704 0.313566349459 0.315281156046 0.313156753438 0.314021855428 0.312471296527 0.311325530325 0.311573318156 0.312143055469 0.313387041638 0.313712601841 0.313198955553 0.313590529824 0.314407290917 0.314984640271 0.315664593777 0.316447151436 0.317332313247 0.31832007921 0.319410449327 0.320603423595 0.321899002016 0.32329718459 0.318539677724 0.31932478068 0.320171494949 0.32107982053
0.303009266456 0.305127389051 0.304582996058 0.311423099324 0.31010097896 0.313382416271 0.311239512945 0.312675444252 0.310638298631 0.309143735751 0.309729363068 0.31077347974 0.311446555251 0.312838952081 0.313027645027 0.312833296724 0.312852688989 0.313319699047 0.313902666033 0.314442779261 0.315292301067 0.316255212622 0.317331513924 0.318521204975 0.319824285774 0.321240756321 0.318626975133 0.319516927822 0.325029587666 0.326765326065
0.300916454925 0.302613690116 0.306120978141 0.308341177399 0.311543274026 0.312190996143 0.309933257513 0.309825465252 0.309120770703 0.308075104098 0.308598246478 0.309928800173 0.311173996807 0.311579793771 0.311433844499 0.311844476421 0.312316887559 0.312851077912 0.313447047481 0.314104796266 0.314824324267 0.315605631483 0.316780971221 0.318047782771 0.319427984069 0.320921575116 0.324293999894 0.326104393068 0.328021138013 0.330044234728
0.29988480255 0.301294188289 0.298612570255 0.3094007183 0.310334306951 0.311014738876 0.308403034484 0.309028076827 0.3081374239 0.308564808561 0.307496491245 0.30945232272 0.309976633005 0.309972697147 0.310404846977 0.310898776024 0.311454484286 0.312071971763 0.312751238456 0.313492284365 0.31429510949 0.31515971383 0.316086097386 0.317074260157 0.318124202145 0.32301102653 0.324833788811 0.326765163832 0.328805151594 0.330953752096
0.298791666731 0.297369121476 0.301947082272 0.306016236989 0.309044864861 0.309990214749 0.307321971903 0.307807870274 0.307096518011 0.309001259394 0.308696254853 0.308656715975 0.309337816642 0.309870700318 0.31043028373 0.310996175661 0.311568376111 0.312146885081 0.312654037053 0.31352238278 0.314448423298 0.315432158605 0.316473588702 0.31757271359 0.318729533268 0.322637021597 0.324508962341 0.326489515827 0.328578682052 0.330776461018
0.295230110461 0.296185080702 0.300219268451 0.304857035124 0.307893151118 0.305407118582 0.306825137647 0.30503933781 0.3057238843 0.307994944699 0.307772247796 0.308280179391 0.308226932581 0.308883876711 0.30954712936 0.310216690528 0.310892560215 0.311164662286 0.312051956774 0.312996946053 0.313999630121 0.31506000898 0.316178082629 0.317353851068 0.318587314297 0.322290420229 0.324211539438 0.326241271387 0.328379616077 0.330626573506
0.294728173251 0.296461176663 0.305560149662 0.303140581602 0.300654752925 0.304061707682 0.304834132844 0.306012877494 0.306600698789 0.30611754285 0.306787503748 0.307424937767 0.307140346556 0.307900959923 0.308667881808 0.309441112213 0.309599490079 0.310505733328 0.311469671368 0.312491304198 0.313570631818 0.314707654228 0.315902371428 0.317154783419 0.318464890199 0.321971222428 0.3239415201 0.326020430513 0.328207953667 0.330504089561
0.292619565672 0.294567075177 0.301212334965 0.301731028737 0.299274013224 0.30014754697 0.304855320097 0.306872658081 0.305438972635 0.304942559387 0.305742022708 0.30631513197 0.308111836653 0.306921949953 0.307792541076 0.308669440717 0.308883712443 0.309866599244 0.310907180835 0.312005457216 0.313161428387 0.314375094349 0.315646455101 0.316975510643 0.318362260975 0.321679428192 0.323698904329 0.325826993206 0.328063694823 0.331962201088
0.292940669225 0.293523941357 0.301522543791 0.300617973612 0.301399433855 0.299677787428 0.301955780323 0.303439421832 0.304227286892 0.304944007383 0.303435141925 0.30625253114 0.307139839412 0.30789847572 0.308528440065 0.307185894118 0.30818772968 0.309247260032 0.310364485175 0.311539405107 0.31277201983 0.314062329343 0.315410333646 0.316816032739 0.318988454853 0.32067985008 0.322444357888 0.324281978277 0.32931925081 0.331837270255
0.291698027933 0.292771682921 0.297384499744 0.299291559917 0.300198393569 0.302029254395 0.30056585495 0.300310054203 0.301264002753 0.302189136104 0.30432245784 0.305050035773 0.306105578132 0.307032448527 0.307830646958 0.308500173426 0.308024781466 0.309199277707 0.310407793258 0.311650328118 0.312926882286 0.314237455764 0.315582048551 0.316960660647 0.31897383818 0.320746969112 0.322593212626 0.327887138172 0.330187804863 0.332568143793
0.290426627068 0.295086331037 0.293351460897 0.297072461425 0.30129917219 0.300826094724 0.298653911265 0.296937584321 0.299984041673 0.301011376465 0.301449033741 0.301999828142 0.305009052811 0.306104157293 0.307070589811 0.307908350366 0.307349096502 0.30862933613 0.309943595067 0.311291873312 0.312674170867 0.314090487731 0.315540823904 0.317025179386 0.318980586394 0.320835453031 0.325454025627 0.327726156698 0.330077960008 0.332509435556
0.289126466628 0.288984045514 0.292110068426 0.294798000459 0.297989834663 0.295922447594 0.297339656202 0.295565157651 0.296829331171 0.299243425112 0.300156786606 0.300722896925 0.303850263451 0.30511360202 0.306248268624 0.307254263266 0.306862252266 0.308063878838 0.309483881161 0.310937902793 0.312425943734 0.313948003984 0.315504083544 0.317094182412 0.322365277644 0.324482572975 0.325243584427 0.327566852116 0.329969792044 0.33245240421
0.285064354889 0.287581321885 0.292673357502 0.293515256255 0.296892652292 0.297548690045 0.296204233527 0.294410828315 0.295424411237 0.297494183683 0.298858700504 0.299929251264 0.300540469221 0.304060782707 0.305363683398 0.306537912126 0.306138074393 0.307608013444 0.309028651541 0.310588416559 0.312182200887 0.313810004523 0.315354513364 0.31699262284 0.322083433146 0.324257721773 0.326483887086 0.328761929085 0.33109184777 0.333473643141
0.2834688087 0.284512296986 0.291817852203 0.294901564678 0.295777900957 0.294131435595 0.296931775306 0.29578066882 0.294019072175 0.296266195843 0.297356155881 0.298277821595 0.299539841522 0.30102265121 0.304416834132 0.305759296946 0.306973087798 0.306966631801 0.308559940609 0.310243414612 0.311783758291 0.313456623835 0.315158463176 0.319598494415 0.321777899652 0.324009181575 0.326292340184 0.328627375479 0.331014287461 0.333453076128
0.281660263256 0.284262140374 0.287102706982 0.293592174163 0.294645580656 0.293606240271 0.29450300987 0.295471703441 0.29508504002 0.295080202783 0.296285192195 0.297218764602 0.298497947991 0.29987633305 0.30145484236 0.303131877358 0.306300442665 0.30631391693 0.307944049772 0.309651671383 0.311388266791 0.313153835996 0.314948378998 0.319212278626 0.32144867716 0.323736952379 0.326077104285 0.328469132877 0.330913038154 0.333408820118
0.282843896422 0.285881245013 0.286783399132 0.289763983212 0.292531501511 0.292503812434 0.291882202358 0.292849178771 0.292853773264 0.294966997277 0.295256223289 0.296230850988 0.297608934324 0.298962104062 0.300352512612 0.302166850195 0.305208792293 0.306633643123 0.307349116959 0.309149442231 0.3109787413 0.312837014167 0.31472426083 0.318802373841 0.321095765671 0.323441034187 0.325838179389 0.328287201277 0.330788099851 0.333340875111
0.280880480202 0.284379081991 0.285265286383 0.288831290177 0.290082626875 0.291133967932 0.290592919198 0.291592037451 0.292137807014 0.29256127944 0.294269249164 0.295277486771 0.296754470053 0.298137505268 0.299701561897 0.301196657581 0.303043115654 0.305162729912 0.306740150156 0.308633179089 0.310555181819 0.312506158347 0.314486108671 0.318368780059 0.320719165185 0.323121426997 0.325575565495 0.32808158068 0.33063947255 0.333249241107
0.278882831734 0.279779713064 0.283782911249 0.285697980825 0.288388153807 0.290001542781 0.288996342471 0.290268199007 0.290698178069 0.290787335574 0.29206924769 0.294575758976 0.296204287237 0.297874546835 0.299586537769 0.300376942076 0.302063041564 0.303792967444 0.306661174259 0.308102881956 0.310117588348 0.312161268537 0.31534175501 0.317911497279 0.320318875702 0.32277813081 0.325289262605 0.327852271086 0.330467156253 0.333133918106
0.277084782569 0.277683447189 0.284464814718 0.284534218376 0.285117626425 0.286772590177 0.287801107655 0.287031525593 0.288882965758 0.289810304563 0.290654152966 0.293758037602 0.295495104523 0.297273902781 0.299094432374 0.299979382413 0.301315257284 0.303134585483 0.304997740077 0.307541708768 0.309665960886 0.311802344736 0.315109673492 0.31759371934 0.319894897222 0.322411145627 0.324979270718 0.327599272495 0.330271150958 0.332994906107
0.275216286114 0.276020613239 0.281399054144 0.283784104957 0.283906327095 0.285557751546 0.286604668116 0.28674524244 0.287352504868 0.289698209285 0.291186142875 0.291474513487 0.294827026415 0.296714363332 0.298643431586 0.300614231175 0.300550001911 0.302458732429 0.304411289341 0.306407672647 0.309478083567 0.312341604939 0.314866058926 0.317445741886 0.32008065382 0.322020471446 0.324645589833 0.327322584907 0.330051456667 0.332832205112
0.275149800407 0.274087586212 0.281829934831 0.282012028944 0.283128479866 0.286882359907 0.285407023855 0.286842999132 0.286668935592 0.288183886254 0.290943110606 0.290782224092 0.292659746066 0.29619592849 0.298233535403 0.300312873652 0.299378650407 0.301765408282 0.303807367513 0.305893153137 0.308022765155 0.311990820213 0.314610911312 0.317286231385 0.320016780431 0.322802558451 0.324288219952 0.327022208322 0.329808073378 0.33264581512
0.273257750526 0.272164450644 0.280852134362 0.281999161012 0.281984664785 0.284128541971 0.284634514197 0.285756369471 0.285534298925 0.288280235215 0.290066283224 0.291943613466 0.291360157791 0.294204397799 0.297864743826 0.300052620736 0.298525814799 0.300638513419 0.303185974591 0.305361162534 0.30758017687 0.310272779743 0.311658905232 0.317115187836 0.319941373994 0.322822789126 0.325759433232 0.32669814274 0.329541001092 0.332435736131
0.272467787607 0.272196674183 0.2799511211 0.281593584772 0.282860543655 0.281483140165 0.284717835207 0.284674412665 0.285846848457 0.287288627674 0.28917413483 0.291150924218 0.29066694844 0.292826769238 0.296113248908 0.298574665861 0.30217161933 0.299854176045 0.302547110576 0.304811700837 0.30795683767 0.310625792384 0.312555439231 0.313610970785 0.31682148242 0.322831486754 0.325863767971 0.328951278163 0.329250239809 0.332201968144
0.270499129285 0.271980723255 0.280444982562 0.279103409352 0.280234416384 0.280911024982 0.28511717214 0.285475866323 0.28478716155 0.28628169912 0.288266665422 0.290342913958 0.292510444726 0.292252412852 0.295833196394 0.298385962321 0.301072861816 0.299050459447 0.301391174751 0.304244768048 0.307463397972 0.310224233908 0.313056927775 0.312971611849 0.315729090995 0.318945634762 0.321728070677 0.329139716968 0.332378093245 0.327126085837
0.271712495638 0.270284736651 0.276000007112 0.278055665481 0.279181951578 0.281663525222 0.284019409081 0.285749228952 0.286018811843 0.285259449553 0.287343875002 0.289519582685 0.2917865726 0.291708019149 0.294182363081 0.297628946622 0.303728725886 0.306458726228 0.300655956386 0.304170863591 0.306951722817 0.309804439975 0.312729015063 0.313581126159 0.315119509718 0.318013265863 0.321203635642 0.324095143424 0.32322272215 0.326085750183
