109.392530146
109.39244784
109.392365534
109.392283228
109.392200922
109.392118616
109.392036311
109.391954005
109.391871699
109.391789393
109.391707087
109.391624781
109.391542475
109.391460169
109.391377863
109.391295557
109.391213251
109.391130945
109.391048639
109.390966333
109.390884027
109.390801721
109.390719415
109.390637109
109.390554803
109.390472497
109.390390191
109.390307885
109.390225579
109.390143273
109.390060967
109.389978661
109.389896355
109.389814049
109.389731743
109.389649437
109.389567131
109.389484825
109.389402519
109.389320213
