109.391303702
109.391283125
109.391262549
109.391241972
109.391221396
109.391200819
109.391180243
109.391159666
109.39113909
109.391118513
109.391097937
109.39107736
109.391056784
109.391036207
109.391015631
109.390995054
109.390974478
109.390953901
109.390933325
109.390912748
109.390892172
109.390871595
109.390851019
109.390830442
109.390809866
109.390789289
109.390768713
109.390748136
109.39072756
109.390706984
109.390686407
109.390665831
109.390645254
109.390624678
109.390604101
109.390583525
109.390562948
109.390542372
109.390521795
109.390501219
