52.869 11748.8 4.88127 4.2105 7.59801 13.914 24.5179 42.9534 78.7976 168.469 687.432 620.253 265.275 187.64 154.037 135.302 123.188 114.466 107.611 101.821 96.6512 91.8426 87.2522 82.8039 78.465 74.2298 70.1065 66.1108 62.2601 58.5712
48.2212 66.2776 10.3882 7.21528 8.6988 12.557 18.9034 28.6407 43.5797 67.3019 107.779 187.055 397.384 2296.52 882.808 425.78 300.835 241.623 206.18 181.781 163.302 148.32 135.582 124.396 114.372 105.276 96.9702 89.3645 82.3955 76.0142
77.4271 66.1299 17.7301 11.8288 11.7085 14.0762 18.4138 24.8849 33.9953 46.5768 63.9106 88.0237 122.345 173.276 254.578 402.718 757.723 2838.36 2072.41 811.302 517.055 382.418 303.288 250.125 211.363 181.567 157.827 138.435 122.311 108.728
135.753 79.6473 26.923 17.8316 15.9826 17.0283 19.944 24.5005 30.7424 38.8341 49.0017 61.5104 76.6642 94.8343 116.526 142.52 174.132 213.724 265.767 339.502 456.658 682.08 1331.8 39464.2 1378.64 660.764 425.777 308.742 238.63 191.987
259.051 95.6905 37.4885 24.9473 21.1918 20.8769 22.5261 25.6268 29.9831 35.5093 42.1481 49.8345 58.4844 67.9998 78.2894 89.2973 101.041 113.647 127.406 142.83 160.761 182.583 210.637 249.196 306.967 405.001 610.947 1329.34 5226.55 833.619
712.344 108.595 48.2904 32.613 26.9228 25.2101 25.6363 27.4716 30.3671 34.1168 38.5657 43.5729 49.0012 54.721 60.6206 66.6195 72.6809 78.8166 85.0952 91.6429 98.6548 106.404 115.273 125.808 138.823 155.599 178.313 211.026 262.361 354.532
1790.45 114.895 57.7905 40.0052 32.6303 29.5964 28.8645 29.5613 31.2397 33.6288 36.5352 39.8027 43.2981 46.91 50.5514 54.1634 57.7178 61.2171 64.6923 68.2008 71.8247 75.6709 79.8752 84.6091 90.0964 96.6396 104.665 114.807 128.066 146.135
438.102 114.396 64.7013 46.2759 37.738 33.6107 31.8626 31.5642 32.2198 33.5265 35.2768 37.3153 39.5208 41.7998 44.084 46.3301 48.5169 50.6441 52.729 54.8036 56.912 59.1094 61.4613 64.0463 66.9583 70.3142 74.2633 79.0046 84.8131 92.0892
257.918 109.218 68.5429 50.8547 41.8012 36.9189 34.3701 33.2561 33.0771 33.5246 34.3904 35.5252 36.8186 38.1895 39.5813 40.9578 42.3011 43.6079 44.8872 46.1574 47.4442 48.7793 50.1995 51.7474 53.4718 55.4303 57.6916 60.3424 63.4929 67.2906
185.727 101.84 69.6598 53.6046 44.6199 39.3449 36.2446 34.5147 33.6881 33.4699 33.6617 34.1232 34.7534 35.4798 36.2522 37.0384 37.8207 38.593 39.3584 40.1264 40.9122 41.7345 42.6157 43.5804 44.6569 45.8777 47.2798 48.908 50.8167 53.0747
146.712 94.006 68.8227 54.7528 46.2395 40.8793 37.462 35.3092 34.0088 33.2933 32.9803 32.9414 33.0843 33.3432 33.6724 34.0415 34.4324 34.8366 35.2526 35.6845 36.1403 36.631 37.1699 37.7722 38.4551 39.238 40.1429 41.1955 42.4262 43.8722
122.364 86.6428 66.8251 54.7047 46.867 41.635 38.0881 35.6765 34.0512 32.9785 32.2964 31.8893 31.674 31.5907 31.597 31.664 31.7733 31.9144 32.0828 32.2785 32.505 32.7681 33.0755 33.4364 33.8615 34.3627 34.9539 35.6506 36.4713 37.4376
105.843 80.1259 64.2828 53.879 46.7687 41.7851 38.238 35.6923 33.8595 32.5408 31.5952 30.9209 30.4435 30.1086 29.8774 29.7223 29.6247 29.573 29.5605 29.5846 29.6455 29.7456 29.8889 30.0807 30.3275 30.6368 31.0171 31.4784 32.0323 32.6922
94.0207 74.5402 61.6018 52.6201 46.1974 41.5101 38.0403 35.4459 33.4914 32.0101 30.8811 30.0153 29.3469 28.8271 28.42 28.0997 27.848 27.6523 27.5048 27.401 27.3389 27.3185 27.3414 27.4101 27.5284 27.7007 27.9325 28.23 28.6008 29.0533
85.2575 69.8402 59.0206 51.177 45.3584 40.9683 37.6134 35.0229 33.0053 31.4208 30.1664 29.1648 28.3579 27.7019 27.164 26.7199 26.3518 26.0471 25.7971 25.596 25.4404 25.3288 25.2608 25.2372 25.2598 25.3311 25.4542 25.6332 25.8728 26.1786
78.6119 65.9353 56.6662 49.7146 44.4026 40.2847 37.0551 34.497 32.4528 30.8053 29.4663 28.3687 27.4612 26.7044 26.0684 25.5306 25.0738 24.6855 24.3564 24.0802 23.8523 23.67 23.532 23.4374 23.387 23.3815 23.4228 23.5132 23.6557 23.8538
73.5064 62.7284 54.5976 48.3354 43.435 39.5513 36.4408 33.9262 31.8761 30.191 28.7949 27.6289 26.6476 25.8155 25.1053 24.4956 23.9704 23.517 23.1261 22.7908 22.5061 22.2682 22.075 21.9248 21.8172 21.7522 21.7303 21.7527 21.8212 21.9381
69.5702 60.1309 52.837 47.1001 42.5243 38.8327 35.8255 33.3545 31.3078 29.5997 28.1638 26.9479 25.9114 25.022 24.2545 23.589 23.0099 22.5051 22.0652 21.6829 21.3526 21.0703 20.8329 20.6383 20.4852 20.3729 20.3011 20.2703 20.2811 20.3351
66.5591 58.0702 51.3872 46.043 41.715 38.1731 35.2483 32.8137 30.772 29.0478 27.582 26.3279 25.2485 24.3141 23.5014 22.7914 22.1693 21.6232 21.1435 20.723 20.3558 20.0372 19.7639 19.5333 19.3433 19.1927 19.0809 19.0073 18.9724 18.9765
64.3077 56.4893 50.2436 45.183 41.0349 37.6016 34.7361 32.3264 30.2859 28.547 27.0561 25.7705 24.6558 23.6847 22.8349 22.0885 21.431 20.8508 20.3384 19.8863 19.4884 19.1399 18.8369 18.5763 18.356 18.1741 18.0294 17.9211 17.849 17.8131
62.7078 55.347 49.3995 44.5308 40.5021 37.1383 34.3074 31.9081 29.8617 28.1056 26.5903 25.276 24.1305 23.1276 22.2462 21.4688 20.7813 20.1723 19.6323 19.1536 18.7298 18.356 18.028 17.7423 17.4965 17.2884 17.1164 16.9794 16.8767 16.8079
61.69 54.6172 48.8512 44.0936 40.1288 36.7965 33.9747 31.5696 29.5073 27.7288 26.1873 24.8447 23.67 22.6381 21.7282 20.9234 20.2097 19.5756 19.0116 18.5098 18.0638 17.6682 17.3187 17.0117 16.7441 16.5138 16.3188 16.1576 16.0293 15.9331
61.2179 54.2872 48.5994 43.8789 39.9249 36.5862 33.7474 31.3185 29.2284 27.4203 25.8485 24.4757 23.2718 22.2118 21.2752 20.4451 19.7075 19.0509 18.4655 17.9433 17.4776 17.063 16.6947 16.369 16.0827 15.8332 15.6184 15.4366 15.2865 15.1672
61.2824 54.3597 48.6514 43.8957 39.8993 36.5159 33.6323 31.16 29.0287 27.182 25.5741 24.1681 22.9333 21.8449 20.8821 20.0278 19.2678 18.5902 17.9852 17.4445 16.9611 16.5294 16.1444 15.8022 15.4994 15.233 15.001 14.8013 14.6324 14.4933
61.9026 54.8527 49.0229 44.1569 40.0625 36.5933 33.6352 31.0982 28.9106 27.0149 25.3641 23.9203 22.6522 21.5341 20.5447 19.6664 18.8847 18.1871 17.5637 17.0057 16.5061 16.0587 15.6586 15.3015 14.9838 14.7026 14.4552 14.2398 14.0545 13.8981
63.1285 55.8027 49.7402 44.6807 40.4268 36.8268 33.7613 31.1361 28.8756 26.9192 25.2176 23.7308 22.4259 21.2761 20.2592 19.3566 18.5533 17.8363 17.1951 16.6207 16.1057 15.6439 15.2298 14.859 14.5278 14.233 13.972 13.7424 13.5426 13.3709
65.0485 57.2692 50.8419 45.4917 41.0076 37.2255 34.016 31.2763 28.9245 26.8946 25.1333 23.5975 22.252 21.0681 20.0222 19.0946 18.2694 17.5331 16.8745 16.2843 15.7546 15.279 14.8517 14.4682 14.1245 13.8173 13.5437 13.3014 13.0884 12.9031
67.8041 59.3425 52.3837 46.6232 41.8238 37.7996 34.404 31.5207 29.0573 26.9399 25.1095 23.5183 22.128 20.9072 19.8306 18.8771 18.0295 17.2737 16.5979 15.9921 15.4482 14.9592 14.5194 14.1239 13.7684 13.4496 13.1644 12.9103 12.6854 12.4877
71.6141 62.1546 54.4427 48.1181 42.8981 38.5603 34.9301 31.8703 29.2731 27.0534 25.1439 23.4907 22.0511 20.7907 19.6815 18.701 17.8305 17.055 16.3618 15.7406 15.1826 14.6807 14.2287 13.8216 13.4549 13.125 12.8289 12.5639 12.3278 12.1187
76.8193 65.8992 57.1239 50.031 44.257 39.5186 35.5974 32.3246 29.5699 27.2324 25.2335 23.5118 22.0187 20.7159 19.5724 18.5637 17.6696 16.874 16.1633 15.5266 14.9548 14.44 13.9762 13.5577 13.1802 12.8398 12.5333 12.2579 12.0113 11.7916
