#-------------------------------------------------------------------------------
# RA		 DEC	
 109.3888100	   37.7521300
#-------------------------------------------------------------------------------
# alpha_1,true	 alpha_2,true
  -0.0537064	    0.1340712
  -0.0535789	    0.1331785
  -0.0534518	    0.1322862
  -0.0533253	    0.1313942
  -0.0531996	    0.1305022
  -0.0530743	    0.1296109
  -0.0529498	    0.1287197
  -0.0528260	    0.1278288
  -0.0527028	    0.1269383
  -0.0525806	    0.1260479
  -0.0524589	    0.1251579
  -0.0523381	    0.1242683
  -0.0522182	    0.1233789
  -0.0520991	    0.1224898
  -0.0519809	    0.1216009
  -0.0518637	    0.1207125
  -0.0517474	    0.1198244
  -0.0516321	    0.1189365
  -0.0515179	    0.1180490
  -0.0514047	    0.1171619
  -0.0512927	    0.1162751
  -0.0511820	    0.1153886
  -0.0510724	    0.1145025
  -0.0509640	    0.1136169
  -0.0508572	    0.1127313
  -0.0507517	    0.1118460
  -0.0506478	    0.1109614
  -0.0505455	    0.1100771
  -0.0504447	    0.1091932
  -0.0503456	    0.1083096
  -0.0502484	    0.1074262
  -0.0501534	    0.1065428
  -0.0500602	    0.1056603
  -0.0499692	    0.1047783
  -0.0498805	    0.1038965
  -0.0497942	    0.1030147
  -0.0497101	    0.1021336
  -0.0496293	    0.1012524
  -0.0495511	    0.1003719
  -0.0494760	    0.0994918
  -0.0494041	    0.0986121
  -0.0493356	    0.0977319
  -0.0492708	    0.0968523
  -0.0492102	    0.0959729
  -0.0491538	    0.0950938
  -0.0491019	    0.0942150
  -0.0490545	    0.0933364
  -0.0490121	    0.0924569
  -0.0489759	    0.0915774
  -0.0489457	    0.0906976
  -0.0532170	    0.1338143
  -0.0530881	    0.1329215
  -0.0529596	    0.1320292
  -0.0528317	    0.1311372
  -0.0527046	    0.1302451
  -0.0525781	    0.1293534
  -0.0524521	    0.1284622
  -0.0523269	    0.1275712
  -0.0522023	    0.1266805
  -0.0520782	    0.1257902
  -0.0519549	    0.1249001
  -0.0518328	    0.1240100
  -0.0517112	    0.1231205
  -0.0515904	    0.1222313
  -0.0514705	    0.1213423
  -0.0513512	    0.1204542
  -0.0512331	    0.1195658
  -0.0511160	    0.1186778
  -0.0509999	    0.1177901
  -0.0508847	    0.1169029
  -0.0507706	    0.1160160
  -0.0506576	    0.1151296
  -0.0505460	    0.1142432
  -0.0504356	    0.1133573
  -0.0503264	    0.1124718
  -0.0502185	    0.1115866
  -0.0501122	    0.1107017
  -0.0500072	    0.1098176
  -0.0499038	    0.1089336
  -0.0498023	    0.1080497
  -0.0497024	    0.1071662
  -0.0496044	    0.1062831
  -0.0495082	    0.1054007
  -0.0494141	    0.1045188
  -0.0493223	    0.1036368
  -0.0492327	    0.1027553
  -0.0491455	    0.1018743
  -0.0490610	    0.1009935
  -0.0489793	    0.1001134
  -0.0489004	    0.0992340
  -0.0488248	    0.0983540
  -0.0487526	    0.0974743
  -0.0486835	    0.0965954
  -0.0486187	    0.0957170
  -0.0485581	    0.0948390
  -0.0485019	    0.0939608
  -0.0484502	    0.0930823
  -0.0484032	    0.0922043
  -0.0483621	    0.0913264
  -0.0483276	    0.0904485
  -0.0527277	    0.1335567
  -0.0525976	    0.1326638
  -0.0524678	    0.1317714
  -0.0523384	    0.1308793
  -0.0522099	    0.1299871
  -0.0520821	    0.1290952
  -0.0519546	    0.1282039
  -0.0518280	    0.1273125
  -0.0517019	    0.1264216
  -0.0515764	    0.1255311
  -0.0514516	    0.1246409
  -0.0513276	    0.1237509
  -0.0512043	    0.1228612
  -0.0510819	    0.1219717
  -0.0509601	    0.1210828
  -0.0508390	    0.1201943
  -0.0507191	    0.1193058
  -0.0506001	    0.1184177
  -0.0504820	    0.1175299
  -0.0503648	    0.1166424
  -0.0502487	    0.1157555
  -0.0501335	    0.1148688
  -0.0500196	    0.1139823
  -0.0499069	    0.1130962
  -0.0497954	    0.1122106
  -0.0496851	    0.1113254
  -0.0495761	    0.1104406
  -0.0494687	    0.1095558
  -0.0493627	    0.1086717
  -0.0492584	    0.1077877
  -0.0491558	    0.1069041
  -0.0490547	    0.1060212
  -0.0489554	    0.1051388
  -0.0488581	    0.1042567
  -0.0487631	    0.1033747
  -0.0486702	    0.1024932
  -0.0485795	    0.1016123
  -0.0484912	    0.1007319
  -0.0484058	    0.0998517
  -0.0483231	    0.0989719
  -0.0482435	    0.0980923
  -0.0481671	    0.0972132
  -0.0480939	    0.0963349
  -0.0480244	    0.0954569
  -0.0479593	    0.0945791
  -0.0478982	    0.0937014
  -0.0478418	    0.0928239
  -0.0477901	    0.0919469
  -0.0477438	    0.0910704
  -0.0477037	    0.0901942
  -0.0522387	    0.1332985
  -0.0521073	    0.1324053
  -0.0519761	    0.1315128
  -0.0518457	    0.1306203
  -0.0517158	    0.1297280
  -0.0515865	    0.1288360
  -0.0514576	    0.1279446
  -0.0513294	    0.1270529
  -0.0512016	    0.1261621
  -0.0510747	    0.1252712
  -0.0509485	    0.1243806
  -0.0508228	    0.1234905
  -0.0506978	    0.1226007
  -0.0505735	    0.1217112
  -0.0504500	    0.1208220
  -0.0503273	    0.1199330
  -0.0502055	    0.1190444
  -0.0500845	    0.1181560
  -0.0499644	    0.1172681
  -0.0498450	    0.1163807
  -0.0497268	    0.1154934
  -0.0496096	    0.1146063
  -0.0494935	    0.1137197
  -0.0493784	    0.1128333
  -0.0492645	    0.1119475
  -0.0491516	    0.1110622
  -0.0490402	    0.1101771
  -0.0489301	    0.1092922
  -0.0488214	    0.1084078
  -0.0487143	    0.1075237
  -0.0486086	    0.1066402
  -0.0485044	    0.1057572
  -0.0484023	    0.1048742
  -0.0483018	    0.1039918
  -0.0482033	    0.1031098
  -0.0481069	    0.1022283
  -0.0480126	    0.1013474
  -0.0479207	    0.1004668
  -0.0478313	    0.0995863
  -0.0477445	    0.0987064
  -0.0476606	    0.0978271
  -0.0475797	    0.0969485
  -0.0475021	    0.0960704
  -0.0474281	    0.0951923
  -0.0473576	    0.0943143
  -0.0472914	    0.0934374
  -0.0472298	    0.0925607
  -0.0471729	    0.0916847
  -0.0471210	    0.0908094
  -0.0470745	    0.0899334
  -0.0517502	    0.1330394
  -0.0516173	    0.1321462
  -0.0514851	    0.1312533
  -0.0513533	    0.1303605
  -0.0512221	    0.1294680
  -0.0510913	    0.1285759
  -0.0509609	    0.1276841
  -0.0508311	    0.1267926
  -0.0507021	    0.1259011
  -0.0505736	    0.1250102
  -0.0504457	    0.1241194
  -0.0503184	    0.1232290
  -0.0501917	    0.1223389
  -0.0500656	    0.1214493
  -0.0499404	    0.1205598
  -0.0498159	    0.1196706
  -0.0496922	    0.1187817
  -0.0495692	    0.1178931
  -0.0494469	    0.1170051
  -0.0493256	    0.1161172
  -0.0492054	    0.1152296
  -0.0490861	    0.1143422
  -0.0489677	    0.1134553
  -0.0488502	    0.1125687
  -0.0487337	    0.1116828
  -0.0486186	    0.1107969
  -0.0485046	    0.1099114
  -0.0483918	    0.1090265
  -0.0482802	    0.1081419
  -0.0481701	    0.1072576
  -0.0480614	    0.1063738
  -0.0479543	    0.1054902
  -0.0478489	    0.1046071
  -0.0477451	    0.1037244
  -0.0476432	    0.1028421
  -0.0475431	    0.1019604
  -0.0474449	    0.1010795
  -0.0473493	    0.1001984
  -0.0472559	    0.0993177
  -0.0471649	    0.0984377
  -0.0470765	    0.0975583
  -0.0469909	    0.0966798
  -0.0469084	    0.0958015
  -0.0468295	    0.0949232
  -0.0467540	    0.0940455
  -0.0466821	    0.0931687
  -0.0466147	    0.0922925
  -0.0465518	    0.0914171
  -0.0464939	    0.0905413
  -0.0464412	    0.0896658
  -0.0512621	    0.1327795
  -0.0511280	    0.1318862
  -0.0509945	    0.1309930
  -0.0508613	    0.1301001
  -0.0507287	    0.1292073
  -0.0505964	    0.1283150
  -0.0504646	    0.1274230
  -0.0503336	    0.1265311
  -0.0502029	    0.1256396
  -0.0500728	    0.1247482
  -0.0499433	    0.1238573
  -0.0498143	    0.1229667
  -0.0496860	    0.1220763
  -0.0495583	    0.1211863
  -0.0494312	    0.1202965
  -0.0493049	    0.1194070
  -0.0491791	    0.1185180
  -0.0490541	    0.1176292
  -0.0489301	    0.1167404
  -0.0488069	    0.1158522
  -0.0486843	    0.1149644
  -0.0485628	    0.1140767
  -0.0484420	    0.1131895
  -0.0483221	    0.1123029
  -0.0482034	    0.1114162
  -0.0480858	    0.1105299
  -0.0479691	    0.1096442
  -0.0478536	    0.1087588
  -0.0477392	    0.1078739
  -0.0476262	    0.1069892
  -0.0475146	    0.1061048
  -0.0474043	    0.1052209
  -0.0472955	    0.1043375
  -0.0471883	    0.1034545
  -0.0470828	    0.1025719
  -0.0469790	    0.1016898
  -0.0468773	    0.1008080
  -0.0467775	    0.0999267
  -0.0466799	    0.0990459
  -0.0465845	    0.0981656
  -0.0464914	    0.0972861
  -0.0464009	    0.0964071
  -0.0463136	    0.0955282
  -0.0462295	    0.0946497
  -0.0461485	    0.0937721
  -0.0460708	    0.0928953
  -0.0459972	    0.0920190
  -0.0459281	    0.0911428
  -0.0458634	    0.0902673
  -0.0458038	    0.0893924
  -0.0507747	    0.1325187
  -0.0506394	    0.1316251
  -0.0505044	    0.1307319
  -0.0503699	    0.1298388
  -0.0502358	    0.1289458
  -0.0501021	    0.1280533
  -0.0499690	    0.1271609
  -0.0498365	    0.1262688
  -0.0497042	    0.1253771
  -0.0495726	    0.1244854
  -0.0494414	    0.1235942
  -0.0493109	    0.1227031
  -0.0491809	    0.1218124
  -0.0490515	    0.1209221
  -0.0489226	    0.1200321
  -0.0487944	    0.1191422
  -0.0486666	    0.1182530
  -0.0485398	    0.1173636
  -0.0484139	    0.1164745
  -0.0482885	    0.1155859
  -0.0481637	    0.1146978
  -0.0480398	    0.1138099
  -0.0479166	    0.1129225
  -0.0477946	    0.1120351
  -0.0476735	    0.1111481
  -0.0475534	    0.1102613
  -0.0474340	    0.1093753
  -0.0473157	    0.1084895
  -0.0471985	    0.1076040
  -0.0470826	    0.1067187
  -0.0469680	    0.1058339
  -0.0468546	    0.1049495
  -0.0467425	    0.1040656
  -0.0466318	    0.1031821
  -0.0465227	    0.1022989
  -0.0464153	    0.1014160
  -0.0463096	    0.1005339
  -0.0462057	    0.0996520
  -0.0461037	    0.0987707
  -0.0460036	    0.0978902
  -0.0459060	    0.0970098
  -0.0458108	    0.0961299
  -0.0457182	    0.0952506
  -0.0456286	    0.0943717
  -0.0455417	    0.0934939
  -0.0454579	    0.0926169
  -0.0453781	    0.0917395
  -0.0453021	    0.0908629
  -0.0452304	    0.0899875
  -0.0451634	    0.0891126
  -0.0502878	    0.1322574
  -0.0501511	    0.1313635
  -0.0500148	    0.1304699
  -0.0498789	    0.1295766
  -0.0497434	    0.1286837
  -0.0496086	    0.1277905
  -0.0494740	    0.1268979
  -0.0493399	    0.1260055
  -0.0492062	    0.1251134
  -0.0490727	    0.1242218
  -0.0489400	    0.1233302
  -0.0488080	    0.1224387
  -0.0486764	    0.1215476
  -0.0485452	    0.1206569
  -0.0484144	    0.1197666
  -0.0482843	    0.1188764
  -0.0481551	    0.1179864
  -0.0480263	    0.1170968
  -0.0478982	    0.1162074
  -0.0477707	    0.1153184
  -0.0476439	    0.1144297
  -0.0475176	    0.1135416
  -0.0473925	    0.1126533
  -0.0472681	    0.1117655
  -0.0471444	    0.1108781
  -0.0470215	    0.1099910
  -0.0468995	    0.1091043
  -0.0467784	    0.1082182
  -0.0466587	    0.1073318
  -0.0465399	    0.1064460
  -0.0464220	    0.1055608
  -0.0463053	    0.1046759
  -0.0461897	    0.1037914
  -0.0460756	    0.1029072
  -0.0459632	    0.1020231
  -0.0458520	    0.1011396
  -0.0457422	    0.1002568
  -0.0456340	    0.0993743
  -0.0455275	    0.0984925
  -0.0454232	    0.0976107
  -0.0453210	    0.0967294
  -0.0452207	    0.0958487
  -0.0451227	    0.0949689
  -0.0450272	    0.0940895
  -0.0449341	    0.0932112
  -0.0448446	    0.0923325
  -0.0447582	    0.0914545
  -0.0446751	    0.0905775
  -0.0445957	    0.0897014
  -0.0445206	    0.0888263
  -0.0498013	    0.1319955
  -0.0496633	    0.1311014
  -0.0495257	    0.1302076
  -0.0493885	    0.1293139
  -0.0492519	    0.1284203
  -0.0491157	    0.1275269
  -0.0489796	    0.1266340
  -0.0488440	    0.1257413
  -0.0487086	    0.1248490
  -0.0485739	    0.1239569
  -0.0484398	    0.1230647
  -0.0483060	    0.1221731
  -0.0481725	    0.1212818
  -0.0480395	    0.1203907
  -0.0479070	    0.1195000
  -0.0477753	    0.1186093
  -0.0476441	    0.1177188
  -0.0475134	    0.1168287
  -0.0473831	    0.1159392
  -0.0472535	    0.1150498
  -0.0471244	    0.1141607
  -0.0469964	    0.1132716
  -0.0468690	    0.1123828
  -0.0467421	    0.1114946
  -0.0466160	    0.1106066
  -0.0464905	    0.1097190
  -0.0463659	    0.1088316
  -0.0462424	    0.1079444
  -0.0461197	    0.1070578
  -0.0459978	    0.1061714
  -0.0458768	    0.1052855
  -0.0457568	    0.1043999
  -0.0456383	    0.1035143
  -0.0455208	    0.1026293
  -0.0454045	    0.1017447
  -0.0452893	    0.1008605
  -0.0451755	    0.0999767
  -0.0450630	    0.0990935
  -0.0449525	    0.0982104
  -0.0448436	    0.0973277
  -0.0447364	    0.0964456
  -0.0446309	    0.0955640
  -0.0445274	    0.0946831
  -0.0444259	    0.0938031
  -0.0443273	    0.0929229
  -0.0442313	    0.0920432
  -0.0441380	    0.0911644
  -0.0440476	    0.0902863
  -0.0439605	    0.0894091
  -0.0438768	    0.0885329
  -0.0493155	    0.1317328
  -0.0491764	    0.1308382
  -0.0490374	    0.1299441
  -0.0488991	    0.1290501
  -0.0487611	    0.1281562
  -0.0486234	    0.1272627
  -0.0484858	    0.1263695
  -0.0483486	    0.1254765
  -0.0482121	    0.1245836
  -0.0480759	    0.1236911
  -0.0479401	    0.1227986
  -0.0478047	    0.1219065
  -0.0476693	    0.1210150
  -0.0475346	    0.1201235
  -0.0474006	    0.1192321
  -0.0472671	    0.1183410
  -0.0471340	    0.1174500
  -0.0470014	    0.1165595
  -0.0468690	    0.1156695
  -0.0467373	    0.1147794
  -0.0466065	    0.1138896
  -0.0464761	    0.1130001
  -0.0463464	    0.1121109
  -0.0462170	    0.1112223
  -0.0460883	    0.1103336
  -0.0459604	    0.1094453
  -0.0458335	    0.1085571
  -0.0457073	    0.1076691
  -0.0455816	    0.1067820
  -0.0454566	    0.1058949
  -0.0453325	    0.1050080
  -0.0452097	    0.1041214
  -0.0450879	    0.1032350
  -0.0449670	    0.1023491
  -0.0448469	    0.1014637
  -0.0447277	    0.1005788
  -0.0446096	    0.0996941
  -0.0444936	    0.0988093
  -0.0443787	    0.0979251
  -0.0442650	    0.0970416
  -0.0441527	    0.0961584
  -0.0440420	    0.0952757
  -0.0439329	    0.0943934
  -0.0438263	    0.0935112
  -0.0437216	    0.0926299
  -0.0436188	    0.0917491
  -0.0435184	    0.0908689
  -0.0434203	    0.0899896
  -0.0433253	    0.0891107
  -0.0432340	    0.0882319
  -0.0488305	    0.1314691
  -0.0486902	    0.1305743
  -0.0485501	    0.1296799
  -0.0484103	    0.1287857
  -0.0482708	    0.1278915
  -0.0481316	    0.1269977
  -0.0479927	    0.1261042
  -0.0478545	    0.1252105
  -0.0477164	    0.1243172
  -0.0475785	    0.1234243
  -0.0474411	    0.1225317
  -0.0473040	    0.1216391
  -0.0471672	    0.1207469
  -0.0470311	    0.1198548
  -0.0468953	    0.1189630
  -0.0467598	    0.1180715
  -0.0466248	    0.1171802
  -0.0464902	    0.1162891
  -0.0463560	    0.1153983
  -0.0462224	    0.1145080
  -0.0460893	    0.1136176
  -0.0459568	    0.1127274
  -0.0458246	    0.1118377
  -0.0456930	    0.1109483
  -0.0455621	    0.1100589
  -0.0454319	    0.1091698
  -0.0453023	    0.1082809
  -0.0451732	    0.1073923
  -0.0450447	    0.1065042
  -0.0449167	    0.1056165
  -0.0447900	    0.1047284
  -0.0446639	    0.1038410
  -0.0445387	    0.1029537
  -0.0444142	    0.1020667
  -0.0442905	    0.1011802
  -0.0441675	    0.1002942
  -0.0440460	    0.0994081
  -0.0439256	    0.0985223
  -0.0438062	    0.0976369
  -0.0436878	    0.0967522
  -0.0435706	    0.0958675
  -0.0434545	    0.0949836
  -0.0433406	    0.0940994
  -0.0432282	    0.0932157
  -0.0431172	    0.0923326
  -0.0430078	    0.0914504
  -0.0429002	    0.0905681
  -0.0427949	    0.0896866
  -0.0426925	    0.0888052
  -0.0425925	    0.0879245
  -0.0483461	    0.1312052
  -0.0482046	    0.1303100
  -0.0480634	    0.1294151
  -0.0479222	    0.1285206
  -0.0477813	    0.1276262
  -0.0476407	    0.1267319
  -0.0475007	    0.1258377
  -0.0473610	    0.1249438
  -0.0472214	    0.1240503
  -0.0470821	    0.1231569
  -0.0469429	    0.1222638
  -0.0468041	    0.1213709
  -0.0466661	    0.1204781
  -0.0465282	    0.1195856
  -0.0463907	    0.1186933
  -0.0462534	    0.1178012
  -0.0461164	    0.1169094
  -0.0459800	    0.1160177
  -0.0458440	    0.1151264
  -0.0457084	    0.1142354
  -0.0455734	    0.1133443
  -0.0454385	    0.1124535
  -0.0453040	    0.1115631
  -0.0451702	    0.1106730
  -0.0450372	    0.1097827
  -0.0449046	    0.1088928
  -0.0447723	    0.1080031
  -0.0446404	    0.1071138
  -0.0445089	    0.1062249
  -0.0443785	    0.1053359
  -0.0442491	    0.1044469
  -0.0441196	    0.1035586
  -0.0439910	    0.1026704
  -0.0438630	    0.1017824
  -0.0437355	    0.1008948
  -0.0436097	    0.1000069
  -0.0434841	    0.0991198
  -0.0433595	    0.0982325
  -0.0432356	    0.0973459
  -0.0431125	    0.0964595
  -0.0429905	    0.0955733
  -0.0428701	    0.0946873
  -0.0427506	    0.0938015
  -0.0426323	    0.0929160
  -0.0425150	    0.0920311
  -0.0423988	    0.0911468
  -0.0422849	    0.0902621
  -0.0421727	    0.0893780
  -0.0420621	    0.0884942
  -0.0419533	    0.0876109
  -0.0478627	    0.1309403
  -0.0477199	    0.1300448
  -0.0475773	    0.1291496
  -0.0474348	    0.1282548
  -0.0472928	    0.1273598
  -0.0471511	    0.1264652
  -0.0470096	    0.1255707
  -0.0468683	    0.1246764
  -0.0467272	    0.1237825
  -0.0465863	    0.1228888
  -0.0464459	    0.1219949
  -0.0463057	    0.1211016
  -0.0461659	    0.1202085
  -0.0460263	    0.1193155
  -0.0458870	    0.1184227
  -0.0457481	    0.1175297
  -0.0456094	    0.1166373
  -0.0454713	    0.1157451
  -0.0453334	    0.1148531
  -0.0451958	    0.1139614
  -0.0450586	    0.1130697
  -0.0449214	    0.1121784
  -0.0447851	    0.1112870
  -0.0446492	    0.1103959
  -0.0445137	    0.1095051
  -0.0443786	    0.1086143
  -0.0442437	    0.1077238
  -0.0441091	    0.1068336
  -0.0439754	    0.1059435
  -0.0438423	    0.1050535
  -0.0437097	    0.1041636
  -0.0435772	    0.1032742
  -0.0434451	    0.1023850
  -0.0433136	    0.1014957
  -0.0431835	    0.1006063
  -0.0430538	    0.0997173
  -0.0429243	    0.0988289
  -0.0427956	    0.0979402
  -0.0426671	    0.0970521
  -0.0425396	    0.0961640
  -0.0424135	    0.0952757
  -0.0422881	    0.0943879
  -0.0421634	    0.0935001
  -0.0420391	    0.0926126
  -0.0419154	    0.0917256
  -0.0417934	    0.0908385
  -0.0416732	    0.0899512
  -0.0415539	    0.0890646
  -0.0414352	    0.0881779
  -0.0413177	    0.0872916
  -0.0473800	    0.1306749
  -0.0472360	    0.1297791
  -0.0470922	    0.1288835
  -0.0469484	    0.1279881
  -0.0468052	    0.1270931
  -0.0466622	    0.1261978
  -0.0465192	    0.1253030
  -0.0463766	    0.1244083
  -0.0462341	    0.1235137
  -0.0460919	    0.1226194
  -0.0459500	    0.1217254
  -0.0458084	    0.1208314
  -0.0456668	    0.1199378
  -0.0455256	    0.1190442
  -0.0453846	    0.1181508
  -0.0452440	    0.1172575
  -0.0451038	    0.1163643
  -0.0449636	    0.1154716
  -0.0448238	    0.1145789
  -0.0446843	    0.1136863
  -0.0445449	    0.1127941
  -0.0444061	    0.1119019
  -0.0442677	    0.1110098
  -0.0441295	    0.1101178
  -0.0439917	    0.1092261
  -0.0438541	    0.1083345
  -0.0437167	    0.1074431
  -0.0435800	    0.1065518
  -0.0434436	    0.1056607
  -0.0433076	    0.1047696
  -0.0431720	    0.1038786
  -0.0430366	    0.1029878
  -0.0429014	    0.1020975
  -0.0427673	    0.1012067
  -0.0426335	    0.1003160
  -0.0425000	    0.0994257
  -0.0423668	    0.0985356
  -0.0422339	    0.0976457
  -0.0421017	    0.0967555
  -0.0419704	    0.0958652
  -0.0418396	    0.0949751
  -0.0417091	    0.0940853
  -0.0415791	    0.0931954
  -0.0414491	    0.0923060
  -0.0413204	    0.0914160
  -0.0411927	    0.0905259
  -0.0410656	    0.0896360
  -0.0409390	    0.0887463
  -0.0408128	    0.0878567
  -0.0406866	    0.0869669
  -0.0468981	    0.1304091
  -0.0467527	    0.1295131
  -0.0466077	    0.1286169
  -0.0464631	    0.1277210
  -0.0463186	    0.1268254
  -0.0461742	    0.1259299
  -0.0460298	    0.1250347
  -0.0458858	    0.1241394
  -0.0457420	    0.1232444
  -0.0455985	    0.1223496
  -0.0454551	    0.1214550
  -0.0453120	    0.1205605
  -0.0451688	    0.1196663
  -0.0450260	    0.1187720
  -0.0448835	    0.1178780
  -0.0447412	    0.1169842
  -0.0445993	    0.1160906
  -0.0444573	    0.1151971
  -0.0443156	    0.1143037
  -0.0441740	    0.1134105
  -0.0440330	    0.1125173
  -0.0438923	    0.1116243
  -0.0437519	    0.1107313
  -0.0436115	    0.1098386
  -0.0434713	    0.1089459
  -0.0433312	    0.1080533
  -0.0431919	    0.1071609
  -0.0430528	    0.1062687
  -0.0429138	    0.1053764
  -0.0427749	    0.1044843
  -0.0426363	    0.1035922
  -0.0424981	    0.1027000
  -0.0423606	    0.1018080
  -0.0422231	    0.1009162
  -0.0420860	    0.1000240
  -0.0419489	    0.0991320
  -0.0418118	    0.0982403
  -0.0416754	    0.0973485
  -0.0415399	    0.0964566
  -0.0414044	    0.0955642
  -0.0412689	    0.0946720
  -0.0411335	    0.0937799
  -0.0409982	    0.0928878
  -0.0408640	    0.0919954
  -0.0407303	    0.0911029
  -0.0405965	    0.0902100
  -0.0404628	    0.0893170
  -0.0403291	    0.0884239
  -0.0401953	    0.0875307
  -0.0400635	    0.0866368
  -0.0464169	    0.1301427
  -0.0462706	    0.1292461
  -0.0461246	    0.1283495
  -0.0459786	    0.1274533
  -0.0458328	    0.1265572
  -0.0456871	    0.1256612
  -0.0455415	    0.1247655
  -0.0453962	    0.1238698
  -0.0452512	    0.1229742
  -0.0451062	    0.1220790
  -0.0449613	    0.1211839
  -0.0448165	    0.1202889
  -0.0446719	    0.1193942
  -0.0445276	    0.1184994
  -0.0443838	    0.1176045
  -0.0442399	    0.1167100
  -0.0440960	    0.1158158
  -0.0439525	    0.1149215
  -0.0438090	    0.1140273
  -0.0436659	    0.1131331
  -0.0435230	    0.1122393
  -0.0433802	    0.1113455
  -0.0432377	    0.1104517
  -0.0430950	    0.1095583
  -0.0429525	    0.1086647
  -0.0428107	    0.1077711
  -0.0426690	    0.1068776
  -0.0425274	    0.1059841
  -0.0423860	    0.1050907
  -0.0422444	    0.1041975
  -0.0421030	    0.1033042
  -0.0419625	    0.1024106
  -0.0418220	    0.1015171
  -0.0416815	    0.1006238
  -0.0415411	    0.0997302
  -0.0414005	    0.0988364
  -0.0412604	    0.0979428
  -0.0411208	    0.0970491
  -0.0409812	    0.0961552
  -0.0408418	    0.0952611
  -0.0407019	    0.0943666
  -0.0405617	    0.0934722
  -0.0404226	    0.0925772
  -0.0402838	    0.0916820
  -0.0401448	    0.0907868
  -0.0400054	    0.0898909
  -0.0398653	    0.0889945
  -0.0397248	    0.0880977
  -0.0395862	    0.0872001
  -0.0394472	    0.0863021
  -0.0459367	    0.1298757
  -0.0457894	    0.1289786
  -0.0456424	    0.1280815
  -0.0454951	    0.1271850
  -0.0453481	    0.1262885
  -0.0452010	    0.1253921
  -0.0450542	    0.1244959
  -0.0449078	    0.1235995
  -0.0447614	    0.1227036
  -0.0446150	    0.1218077
  -0.0444686	    0.1209121
  -0.0443225	    0.1200165
  -0.0441766	    0.1191209
  -0.0440310	    0.1182255
  -0.0438855	    0.1173301
  -0.0437399	    0.1164350
  -0.0435943	    0.1155401
  -0.0434488	    0.1146453
  -0.0433041	    0.1137502
  -0.0431593	    0.1128552
  -0.0430145	    0.1119604
  -0.0428697	    0.1110659
  -0.0427249	    0.1101713
  -0.0425804	    0.1092766
  -0.0424364	    0.1083821
  -0.0422923	    0.1074874
  -0.0421482	    0.1065929
  -0.0420043	    0.1056983
  -0.0418603	    0.1048036
  -0.0417165	    0.1039090
  -0.0415729	    0.1030146
  -0.0414295	    0.1021197
  -0.0412861	    0.1012247
  -0.0411427	    0.1003296
  -0.0409991	    0.0994345
  -0.0408556	    0.0985395
  -0.0407128	    0.0976436
  -0.0405696	    0.0967479
  -0.0404262	    0.0958520
  -0.0402826	    0.0949559
  -0.0401387	    0.0940595
  -0.0399956	    0.0931619
  -0.0398522	    0.0922642
  -0.0397085	    0.0913662
  -0.0395643	    0.0904679
  -0.0394196	    0.0895690
  -0.0392740	    0.0886691
  -0.0391295	    0.0877682
  -0.0389844	    0.0868665
  -0.0388384	    0.0859639
  -0.0454579	    0.1296078
  -0.0453094	    0.1287105
  -0.0451610	    0.1278132
  -0.0450127	    0.1269160
  -0.0448643	    0.1260190
  -0.0447162	    0.1251222
  -0.0445683	    0.1242254
  -0.0444205	    0.1233287
  -0.0442727	    0.1224323
  -0.0441251	    0.1215358
  -0.0439772	    0.1206396
  -0.0438299	    0.1197433
  -0.0436827	    0.1188471
  -0.0435355	    0.1179512
  -0.0433884	    0.1170552
  -0.0432412	    0.1161594
  -0.0430939	    0.1152637
  -0.0429473	    0.1143679
  -0.0428008	    0.1134721
  -0.0426542	    0.1125764
  -0.0425075	    0.1116809
  -0.0423607	    0.1107855
  -0.0422140	    0.1098900
  -0.0420680	    0.1089943
  -0.0419221	    0.1080986
  -0.0417760	    0.1072029
  -0.0416296	    0.1063072
  -0.0414832	    0.1054114
  -0.0413371	    0.1045155
  -0.0411913	    0.1036196
  -0.0410454	    0.1027239
  -0.0408993	    0.1018275
  -0.0407531	    0.1009310
  -0.0406066	    0.1000343
  -0.0404606	    0.0991375
  -0.0403147	    0.0982406
  -0.0401686	    0.0973430
  -0.0400220	    0.0964453
  -0.0398751	    0.0955470
  -0.0397277	    0.0946485
  -0.0395810	    0.0937496
  -0.0394344	    0.0928500
  -0.0392868	    0.0919495
  -0.0391385	    0.0910485
  -0.0389895	    0.0901468
  -0.0388398	    0.0892443
  -0.0386913	    0.0883410
  -0.0385415	    0.0874363
  -0.0383904	    0.0865303
  -0.0382380	    0.0856230
  -0.0449798	    0.1293398
  -0.0448302	    0.1284419
  -0.0446806	    0.1275443
  -0.0445312	    0.1266467
  -0.0443820	    0.1257490
  -0.0442326	    0.1248518
  -0.0440835	    0.1239545
  -0.0439344	    0.1230573
  -0.0437853	    0.1221603
  -0.0436362	    0.1212634
  -0.0434873	    0.1203666
  -0.0433387	    0.1194695
  -0.0431900	    0.1185728
  -0.0430413	    0.1176763
  -0.0428926	    0.1167796
  -0.0427439	    0.1158832
  -0.0425958	    0.1149863
  -0.0424474	    0.1140899
  -0.0422991	    0.1131934
  -0.0421507	    0.1122969
  -0.0420023	    0.1114005
  -0.0418540	    0.1105039
  -0.0417059	    0.1096074
  -0.0415578	    0.1087109
  -0.0414098	    0.1078141
  -0.0412615	    0.1069175
  -0.0411132	    0.1060207
  -0.0409649	    0.1051235
  -0.0408169	    0.1042264
  -0.0406687	    0.1033292
  -0.0405204	    0.1024318
  -0.0403719	    0.1015342
  -0.0402229	    0.1006362
  -0.0400745	    0.0997376
  -0.0399261	    0.0988390
  -0.0397772	    0.0979402
  -0.0396280	    0.0970411
  -0.0394783	    0.0961412
  -0.0393280	    0.0952406
  -0.0391785	    0.0943396
  -0.0390284	    0.0934381
  -0.0388779	    0.0925360
  -0.0387266	    0.0916331
  -0.0385741	    0.0907290
  -0.0384210	    0.0898239
  -0.0382686	    0.0889179
  -0.0381153	    0.0880108
  -0.0379608	    0.0871025
  -0.0378045	    0.0861922
  -0.0376465	    0.0852800
  -0.0445027	    0.1290713
  -0.0443521	    0.1281729
  -0.0442014	    0.1272747
  -0.0440509	    0.1263767
  -0.0439005	    0.1254788
  -0.0437501	    0.1245811
  -0.0435998	    0.1236831
  -0.0434494	    0.1227853
  -0.0432991	    0.1218876
  -0.0431490	    0.1209901
  -0.0429988	    0.1200929
  -0.0428490	    0.1191951
  -0.0426988	    0.1182978
  -0.0425486	    0.1174005
  -0.0423985	    0.1165031
  -0.0422488	    0.1156059
  -0.0420990	    0.1147086
  -0.0419491	    0.1138113
  -0.0417990	    0.1129140
  -0.0416490	    0.1120166
  -0.0414992	    0.1111191
  -0.0413496	    0.1102217
  -0.0411996	    0.1093244
  -0.0410497	    0.1084267
  -0.0408996	    0.1075288
  -0.0407494	    0.1066310
  -0.0405993	    0.1057331
  -0.0404496	    0.1048347
  -0.0402993	    0.1039364
  -0.0401489	    0.1030378
  -0.0399983	    0.1021388
  -0.0398473	    0.1012397
  -0.0396967	    0.1003403
  -0.0395460	    0.0994401
  -0.0393949	    0.0985396
  -0.0392433	    0.0976389
  -0.0390911	    0.0967378
  -0.0389386	    0.0958359
  -0.0387865	    0.0949333
  -0.0386339	    0.0940298
  -0.0384806	    0.0931256
  -0.0383266	    0.0922207
  -0.0381716	    0.0913150
  -0.0380161	    0.0904082
  -0.0378607	    0.0894998
  -0.0377042	    0.0885902
  -0.0375466	    0.0876793
  -0.0373876	    0.0867668
  -0.0372271	    0.0858526
  -0.0370656	    0.0849358
  -0.0440267	    0.1288021
  -0.0438750	    0.1279033
  -0.0437232	    0.1270050
  -0.0435717	    0.1261065
  -0.0434202	    0.1252080
  -0.0432687	    0.1243096
  -0.0431173	    0.1234111
  -0.0429656	    0.1225130
  -0.0428144	    0.1216147
  -0.0426631	    0.1207164
  -0.0425118	    0.1198184
  -0.0423605	    0.1189202
  -0.0422089	    0.1180223
  -0.0420575	    0.1171242
  -0.0419064	    0.1162261
  -0.0417551	    0.1153281
  -0.0416038	    0.1144302
  -0.0414525	    0.1135320
  -0.0413008	    0.1126339
  -0.0411494	    0.1117356
  -0.0409982	    0.1108373
  -0.0408468	    0.1099390
  -0.0406953	    0.1090407
  -0.0405436	    0.1081418
  -0.0403917	    0.1072430
  -0.0402399	    0.1063440
  -0.0400883	    0.1054447
  -0.0399367	    0.1045451
  -0.0397844	    0.1036456
  -0.0396318	    0.1027454
  -0.0394789	    0.1018450
  -0.0393265	    0.1009443
  -0.0391739	    0.1000432
  -0.0390208	    0.0991418
  -0.0388672	    0.0982395
  -0.0387130	    0.0973368
  -0.0385582	    0.0964336
  -0.0384043	    0.0955296
  -0.0382497	    0.0946248
  -0.0380941	    0.0937192
  -0.0379378	    0.0928124
  -0.0377805	    0.0919047
  -0.0376229	    0.0909959
  -0.0374655	    0.0900862
  -0.0373069	    0.0891750
  -0.0371468	    0.0882618
  -0.0369854	    0.0873470
  -0.0368226	    0.0864303
  -0.0366594	    0.0855118
  -0.0364958	    0.0845913
  -0.0435516	    0.1285327
  -0.0433990	    0.1276337
  -0.0432463	    0.1267348
  -0.0430938	    0.1258357
  -0.0429412	    0.1249366
  -0.0427885	    0.1240377
  -0.0426358	    0.1231390
  -0.0424834	    0.1222402
  -0.0423311	    0.1213412
  -0.0421785	    0.1204424
  -0.0420260	    0.1195436
  -0.0418734	    0.1186448
  -0.0417207	    0.1177463
  -0.0415681	    0.1168477
  -0.0414156	    0.1159488
  -0.0412631	    0.1150499
  -0.0411104	    0.1141511
  -0.0409575	    0.1132522
  -0.0408046	    0.1123534
  -0.0406520	    0.1114542
  -0.0404992	    0.1105549
  -0.0403462	    0.1096555
  -0.0401931	    0.1087561
  -0.0400397	    0.1078565
  -0.0398865	    0.1069564
  -0.0397333	    0.1060562
  -0.0395798	    0.1051557
  -0.0394262	    0.1042549
  -0.0392721	    0.1033541
  -0.0391177	    0.1024525
  -0.0389635	    0.1015507
  -0.0388091	    0.1006484
  -0.0386543	    0.0997456
  -0.0384990	    0.0988425
  -0.0383431	    0.0979388
  -0.0381868	    0.0970339
  -0.0380309	    0.0961285
  -0.0378743	    0.0952224
  -0.0377172	    0.0943154
  -0.0375591	    0.0934077
  -0.0374002	    0.0924985
  -0.0372407	    0.0915880
  -0.0370813	    0.0906765
  -0.0369209	    0.0897636
  -0.0367594	    0.0888493
  -0.0365966	    0.0879330
  -0.0364320	    0.0870143
  -0.0362673	    0.0860938
  -0.0361020	    0.0851711
  -0.0359351	    0.0842460
  -0.0430778	    0.1282631
  -0.0429243	    0.1273635
  -0.0427706	    0.1264640
  -0.0426171	    0.1255644
  -0.0424634	    0.1246647
  -0.0423096	    0.1237654
  -0.0421560	    0.1228662
  -0.0420026	    0.1219668
  -0.0418492	    0.1210671
  -0.0416953	    0.1201680
  -0.0415414	    0.1192687
  -0.0413877	    0.1183691
  -0.0412343	    0.1174696
  -0.0410805	    0.1165705
  -0.0409266	    0.1156710
  -0.0407727	    0.1147713
  -0.0406186	    0.1138715
  -0.0404646	    0.1129718
  -0.0403108	    0.1120719
  -0.0401567	    0.1111721
  -0.0400023	    0.1102719
  -0.0398479	    0.1093714
  -0.0396931	    0.1084708
  -0.0395385	    0.1075703
  -0.0393839	    0.1066694
  -0.0392291	    0.1057679
  -0.0390739	    0.1048662
  -0.0389183	    0.1039643
  -0.0387623	    0.1030621
  -0.0386070	    0.1021592
  -0.0384513	    0.1012558
  -0.0382949	    0.1003520
  -0.0381380	    0.0994476
  -0.0379807	    0.0985426
  -0.0378231	    0.0976370
  -0.0376656	    0.0967308
  -0.0375076	    0.0958232
  -0.0373489	    0.0949148
  -0.0371893	    0.0940056
  -0.0370290	    0.0930954
  -0.0368684	    0.0921842
  -0.0367074	    0.0912713
  -0.0365456	    0.0903568
  -0.0363827	    0.0894409
  -0.0362187	    0.0885233
  -0.0360534	    0.0876038
  -0.0358878	    0.0866822
  -0.0357213	    0.0857579
  -0.0355535	    0.0848311
  -0.0353839	    0.0839014
  -0.0426052	    0.1279930
  -0.0424506	    0.1270929
  -0.0422960	    0.1261928
  -0.0421414	    0.1252929
  -0.0419868	    0.1243926
  -0.0418323	    0.1234927
  -0.0416777	    0.1225928
  -0.0415231	    0.1216928
  -0.0413685	    0.1207927
  -0.0412136	    0.1198929
  -0.0410588	    0.1189928
  -0.0409041	    0.1180928
  -0.0407493	    0.1171928
  -0.0405943	    0.1162927
  -0.0404393	    0.1153925
  -0.0402841	    0.1144920
  -0.0401290	    0.1135915
  -0.0399739	    0.1126909
  -0.0398187	    0.1117902
  -0.0396631	    0.1108895
  -0.0395075	    0.1099884
  -0.0393514	    0.1090870
  -0.0391958	    0.1081854
  -0.0390399	    0.1072836
  -0.0388838	    0.1063817
  -0.0387274	    0.1054793
  -0.0385706	    0.1045762
  -0.0384134	    0.1036730
  -0.0382566	    0.1027694
  -0.0380996	    0.1018652
  -0.0379421	    0.1009605
  -0.0377839	    0.1000553
  -0.0376252	    0.0991493
  -0.0374663	    0.0982426
  -0.0373076	    0.0973352
  -0.0371483	    0.0964271
  -0.0369885	    0.0955178
  -0.0368278	    0.0946072
  -0.0366661	    0.0936958
  -0.0365044	    0.0927833
  -0.0363425	    0.0918696
  -0.0361798	    0.0909545
  -0.0360159	    0.0900374
  -0.0358508	    0.0891184
  -0.0356847	    0.0881976
  -0.0355186	    0.0872750
  -0.0353518	    0.0863504
  -0.0351835	    0.0854229
  -0.0350137	    0.0844921
  -0.0348422	    0.0835582
  -0.0421336	    0.1277225
  -0.0419781	    0.1268220
  -0.0418226	    0.1259214
  -0.0416670	    0.1250208
  -0.0415117	    0.1241203
  -0.0413561	    0.1232198
  -0.0412006	    0.1223192
  -0.0410449	    0.1214187
  -0.0408891	    0.1205181
  -0.0407333	    0.1196177
  -0.0405778	    0.1187169
  -0.0404219	    0.1178162
  -0.0402658	    0.1169156
  -0.0401097	    0.1160147
  -0.0399536	    0.1151135
  -0.0397974	    0.1142127
  -0.0396412	    0.1133115
  -0.0394848	    0.1124100
  -0.0393283	    0.1115084
  -0.0391715	    0.1106067
  -0.0390146	    0.1097044
  -0.0388578	    0.1088023
  -0.0387007	    0.1078998
  -0.0385435	    0.1069969
  -0.0383860	    0.1060936
  -0.0382281	    0.1051901
  -0.0380700	    0.1042860
  -0.0379120	    0.1033815
  -0.0377537	    0.1024765
  -0.0375950	    0.1015710
  -0.0374359	    0.1006649
  -0.0372761	    0.0997584
  -0.0371163	    0.0988507
  -0.0369564	    0.0979424
  -0.0367960	    0.0970332
  -0.0366350	    0.0961232
  -0.0364734	    0.0952122
  -0.0363111	    0.0942996
  -0.0361485	    0.0933861
  -0.0359856	    0.0924714
  -0.0358220	    0.0915552
  -0.0356575	    0.0906376
  -0.0354921	    0.0897183
  -0.0353253	    0.0887965
  -0.0351588	    0.0878730
  -0.0349916	    0.0869473
  -0.0348232	    0.0860193
  -0.0346535	    0.0850887
  -0.0344824	    0.0841546
  -0.0343098	    0.0832167
  -0.0416632	    0.1274517
  -0.0415066	    0.1265508
  -0.0413503	    0.1256497
  -0.0411942	    0.1247485
  -0.0410378	    0.1238474
  -0.0408814	    0.1229465
  -0.0407248	    0.1220453
  -0.0405679	    0.1211444
  -0.0404113	    0.1202432
  -0.0402548	    0.1193419
  -0.0400981	    0.1184407
  -0.0399412	    0.1175394
  -0.0397840	    0.1166380
  -0.0396267	    0.1157365
  -0.0394696	    0.1148348
  -0.0393126	    0.1139329
  -0.0391554	    0.1130309
  -0.0389977	    0.1121287
  -0.0388399	    0.1112263
  -0.0386819	    0.1103235
  -0.0385243	    0.1094205
  -0.0383664	    0.1085173
  -0.0382080	    0.1076138
  -0.0380495	    0.1067099
  -0.0378906	    0.1058054
  -0.0377314	    0.1049008
  -0.0375725	    0.1039958
  -0.0374133	    0.1030901
  -0.0372536	    0.1021836
  -0.0370934	    0.1012768
  -0.0369327	    0.1003693
  -0.0367720	    0.0994611
  -0.0366114	    0.0985523
  -0.0364501	    0.0976422
  -0.0362882	    0.0967312
  -0.0361257	    0.0958193
  -0.0359626	    0.0949063
  -0.0357995	    0.0939923
  -0.0356361	    0.0930770
  -0.0354718	    0.0921599
  -0.0353067	    0.0912414
  -0.0351407	    0.0903213
  -0.0349739	    0.0893993
  -0.0348074	    0.0884758
  -0.0346399	    0.0875495
  -0.0344715	    0.0866209
  -0.0343019	    0.0856897
  -0.0341313	    0.0847557
  -0.0339596	    0.0838187
  -0.0337885	    0.0828784
  -0.0411939	    0.1271807
  -0.0410367	    0.1262792
  -0.0408795	    0.1253777
  -0.0407224	    0.1244760
  -0.0405652	    0.1235744
  -0.0404077	    0.1226729
  -0.0402502	    0.1217713
  -0.0400928	    0.1208695
  -0.0399353	    0.1199677
  -0.0397777	    0.1190660
  -0.0396198	    0.1181643
  -0.0394619	    0.1172623
  -0.0393040	    0.1163600
  -0.0391460	    0.1154577
  -0.0389879	    0.1145553
  -0.0388297	    0.1136527
  -0.0386713	    0.1127499
  -0.0385127	    0.1118468
  -0.0383537	    0.1109436
  -0.0381950	    0.1100400
  -0.0380361	    0.1091362
  -0.0378770	    0.1082320
  -0.0377177	    0.1073274
  -0.0375579	    0.1064226
  -0.0373980	    0.1055170
  -0.0372382	    0.1046111
  -0.0370779	    0.1037050
  -0.0369173	    0.1027984
  -0.0367564	    0.1018908
  -0.0365950	    0.1009824
  -0.0364335	    0.1000734
  -0.0362719	    0.0991639
  -0.0361099	    0.0982535
  -0.0359474	    0.0973422
  -0.0357843	    0.0964294
  -0.0356205	    0.0955157
  -0.0354568	    0.0946011
  -0.0352929	    0.0936851
  -0.0351282	    0.0927680
  -0.0349628	    0.0918491
  -0.0347965	    0.0909283
  -0.0346294	    0.0900057
  -0.0344628	    0.0890817
  -0.0342955	    0.0881557
  -0.0341273	    0.0872274
  -0.0339580	    0.0862959
  -0.0337878	    0.0853617
  -0.0336170	    0.0844247
  -0.0334466	    0.0834852
  -0.0332753	    0.0825423
  -0.0407257	    0.1269095
  -0.0405678	    0.1260077
  -0.0404098	    0.1251057
  -0.0402520	    0.1242033
  -0.0400937	    0.1233013
  -0.0399352	    0.1223994
  -0.0397771	    0.1214971
  -0.0396190	    0.1205946
  -0.0394607	    0.1196922
  -0.0393020	    0.1187899
  -0.0391432	    0.1178874
  -0.0389843	    0.1169848
  -0.0388255	    0.1160822
  -0.0386669	    0.1151789
  -0.0385079	    0.1142756
  -0.0383485	    0.1133724
  -0.0381890	    0.1124689
  -0.0380295	    0.1115649
  -0.0378700	    0.1106610
  -0.0377101	    0.1097566
  -0.0375502	    0.1088518
  -0.0373900	    0.1079466
  -0.0372295	    0.1070410
  -0.0370687	    0.1061354
  -0.0369081	    0.1052289
  -0.0367472	    0.1043218
  -0.0365859	    0.1034144
  -0.0364242	    0.1025064
  -0.0362621	    0.1015976
  -0.0361001	    0.1006881
  -0.0359379	    0.0997778
  -0.0357751	    0.0988669
  -0.0356119	    0.0979550
  -0.0354482	    0.0970421
  -0.0352840	    0.0961282
  -0.0351201	    0.0952126
  -0.0349556	    0.0942962
  -0.0347905	    0.0933785
  -0.0346249	    0.0924594
  -0.0344586	    0.0915387
  -0.0342914	    0.0906160
  -0.0341248	    0.0896916
  -0.0339575	    0.0887653
  -0.0337895	    0.0878368
  -0.0336207	    0.0869061
  -0.0334511	    0.0859727
  -0.0332810	    0.0850359
  -0.0331114	    0.0840967
  -0.0329411	    0.0831542
  -0.0327700	    0.0822083
  -0.0402589	    0.1266382
  -0.0401002	    0.1257358
  -0.0399415	    0.1248332
  -0.0397827	    0.1239304
  -0.0396236	    0.1230279
  -0.0394646	    0.1221253
  -0.0393056	    0.1212225
  -0.0391466	    0.1203197
  -0.0389874	    0.1194167
  -0.0388278	    0.1185137
  -0.0386681	    0.1176105
  -0.0385087	    0.1167073
  -0.0383491	    0.1158038
  -0.0381895	    0.1148999
  -0.0380295	    0.1139960
  -0.0378691	    0.1130920
  -0.0377087	    0.1121876
  -0.0375485	    0.1112830
  -0.0373880	    0.1103783
  -0.0372273	    0.1094731
  -0.0370664	    0.1085672
  -0.0369052	    0.1076611
  -0.0367438	    0.1067546
  -0.0365825	    0.1058478
  -0.0364210	    0.1049405
  -0.0362589	    0.1040325
  -0.0360966	    0.1031237
  -0.0359338	    0.1022145
  -0.0357711	    0.1013047
  -0.0356085	    0.1003940
  -0.0354453	    0.0994825
  -0.0352815	    0.0985702
  -0.0351174	    0.0976567
  -0.0349528	    0.0967421
  -0.0347884	    0.0958269
  -0.0346238	    0.0949103
  -0.0344584	    0.0939922
  -0.0342925	    0.0930727
  -0.0341260	    0.0921516
  -0.0339590	    0.0912290
  -0.0337925	    0.0903050
  -0.0336254	    0.0893788
  -0.0334576	    0.0884503
  -0.0332891	    0.0875196
  -0.0331200	    0.0865864
  -0.0329508	    0.0856509
  -0.0327819	    0.0847129
  -0.0326125	    0.0837712
  -0.0324426	    0.0828261
  -0.0322722	    0.0818775
  -0.0397932	    0.1263665
  -0.0396338	    0.1254636
  -0.0394743	    0.1245605
  -0.0393146	    0.1236574
  -0.0391550	    0.1227543
  -0.0389954	    0.1218510
  -0.0388355	    0.1209478
  -0.0386755	    0.1200444
  -0.0385154	    0.1191409
  -0.0383551	    0.1182374
  -0.0381950	    0.1173335
  -0.0380346	    0.1164296
  -0.0378742	    0.1155254
  -0.0377137	    0.1146208
  -0.0375528	    0.1137162
  -0.0373915	    0.1128117
  -0.0372307	    0.1119065
  -0.0370696	    0.1110010
  -0.0369082	    0.1100953
  -0.0367467	    0.1091892
  -0.0365848	    0.1082826
  -0.0364228	    0.1073757
  -0.0362609	    0.1064682
  -0.0360987	    0.1055603
  -0.0359362	    0.1046519
  -0.0357733	    0.1037431
  -0.0356099	    0.1028334
  -0.0354466	    0.1019231
  -0.0352834	    0.1010120
  -0.0351198	    0.1001001
  -0.0349557	    0.0991876
  -0.0347911	    0.0982739
  -0.0346262	    0.0973588
  -0.0344616	    0.0964431
  -0.0342966	    0.0955264
  -0.0341311	    0.0946084
  -0.0339651	    0.0936890
  -0.0337986	    0.0927677
  -0.0336317	    0.0918449
  -0.0334653	    0.0909208
  -0.0332983	    0.0899950
  -0.0331307	    0.0890672
  -0.0329627	    0.0881369
  -0.0327942	    0.0872041
  -0.0326256	    0.0862690
  -0.0324575	    0.0853317
  -0.0322889	    0.0843917
  -0.0321199	    0.0834483
  -0.0319508	    0.0825009
  -0.0317815	    0.0815499
  -0.0393288	    0.1260947
  -0.0391686	    0.1251914
  -0.0390082	    0.1242879
  -0.0388481	    0.1233842
  -0.0386878	    0.1224806
  -0.0385276	    0.1215766
  -0.0383668	    0.1206729
  -0.0382059	    0.1197690
  -0.0380449	    0.1188651
  -0.0378842	    0.1179609
  -0.0377234	    0.1170564
  -0.0375623	    0.1161517
  -0.0374010	    0.1152468
  -0.0372395	    0.1143416
  -0.0370779	    0.1134364
  -0.0369162	    0.1125313
  -0.0367545	    0.1116253
  -0.0365926	    0.1107190
  -0.0364304	    0.1098123
  -0.0362679	    0.1089053
  -0.0361055	    0.1079981
  -0.0359428	    0.1070905
  -0.0357802	    0.1061821
  -0.0356171	    0.1052731
  -0.0354537	    0.1043637
  -0.0352900	    0.1034537
  -0.0351263	    0.1025435
  -0.0349625	    0.1016320
  -0.0347985	    0.1007197
  -0.0346340	    0.0998066
  -0.0344692	    0.0988928
  -0.0343040	    0.0979778
  -0.0341391	    0.0970620
  -0.0339739	    0.0961449
  -0.0338083	    0.0952267
  -0.0336422	    0.0943071
  -0.0334757	    0.0933862
  -0.0333089	    0.0924638
  -0.0331426	    0.0915397
  -0.0329758	    0.0906139
  -0.0328086	    0.0896863
  -0.0326409	    0.0887567
  -0.0324729	    0.0878250
  -0.0323050	    0.0868907
  -0.0321374	    0.0859541
  -0.0319697	    0.0850148
  -0.0318017	    0.0840727
  -0.0316335	    0.0831276
  -0.0314653	    0.0821788
  -0.0312982	    0.0812265
  -0.0388656	    0.1258227
  -0.0387047	    0.1249188
  -0.0385438	    0.1240149
  -0.0383829	    0.1231109
  -0.0382219	    0.1222066
  -0.0380609	    0.1213023
  -0.0378993	    0.1203981
  -0.0377379	    0.1194935
  -0.0375766	    0.1185888
  -0.0374150	    0.1176841
  -0.0372533	    0.1167791
  -0.0370916	    0.1158736
  -0.0369294	    0.1149682
  -0.0367672	    0.1140625
  -0.0366051	    0.1131567
  -0.0364426	    0.1122508
  -0.0362801	    0.1113442
  -0.0361174	    0.1104371
  -0.0359543	    0.1095297
  -0.0357913	    0.1086220
  -0.0356283	    0.1077139
  -0.0354651	    0.1068053
  -0.0353016	    0.1058962
  -0.0351378	    0.1049862
  -0.0349737	    0.1040758
  -0.0348097	    0.1031649
  -0.0346455	    0.1022535
  -0.0344811	    0.1013413
  -0.0343163	    0.1004278
  -0.0341513	    0.0995135
  -0.0339859	    0.0985983
  -0.0338208	    0.0976824
  -0.0336554	    0.0967656
  -0.0334896	    0.0958474
  -0.0333234	    0.0949278
  -0.0331569	    0.0940068
  -0.0329903	    0.0930845
  -0.0328241	    0.0921610
  -0.0326574	    0.0912358
  -0.0324905	    0.0903084
  -0.0323232	    0.0893791
  -0.0321557	    0.0884478
  -0.0319884	    0.0875147
  -0.0318213	    0.0865795
  -0.0316542	    0.0856414
  -0.0314871	    0.0847004
  -0.0313199	    0.0837565
  -0.0311528	    0.0828096
  -0.0309866	    0.0818600
  -0.0308212	    0.0809068
  -0.0384035	    0.1255506
  -0.0382421	    0.1246465
  -0.0380806	    0.1237420
  -0.0379190	    0.1228374
  -0.0377573	    0.1219327
  -0.0375954	    0.1210279
  -0.0374334	    0.1201229
  -0.0372715	    0.1192179
  -0.0371095	    0.1183126
  -0.0369472	    0.1174073
  -0.0367847	    0.1165018
  -0.0366223	    0.1155957
  -0.0364596	    0.1146897
  -0.0362969	    0.1137833
  -0.0361339	    0.1128769
  -0.0359708	    0.1119702
  -0.0358076	    0.1110629
  -0.0356441	    0.1101553
  -0.0354806	    0.1092473
  -0.0353172	    0.1083386
  -0.0351535	    0.1074296
  -0.0349896	    0.1065202
  -0.0348253	    0.1056104
  -0.0346608	    0.1046997
  -0.0344966	    0.1037883
  -0.0343320	    0.1028765
  -0.0341672	    0.1019640
  -0.0340022	    0.1010507
  -0.0338369	    0.1001364
  -0.0336713	    0.0992211
  -0.0335061	    0.0983049
  -0.0333405	    0.0973879
  -0.0331746	    0.0964698
  -0.0330085	    0.0955506
  -0.0328420	    0.0946298
  -0.0326755	    0.0937076
  -0.0325093	    0.0927842
  -0.0323429	    0.0918593
  -0.0321761	    0.0909327
  -0.0320092	    0.0900043
  -0.0318421	    0.0890736
  -0.0316753	    0.0881411
  -0.0315089	    0.0872066
  -0.0313424	    0.0862699
  -0.0311758	    0.0853309
  -0.0310094	    0.0843884
  -0.0308433	    0.0834430
  -0.0306782	    0.0824952
  -0.0305137	    0.0815444
  -0.0303497	    0.0805902
  -0.0379427	    0.1252787
  -0.0377807	    0.1243740
  -0.0376186	    0.1234690
  -0.0374564	    0.1225638
  -0.0372941	    0.1216585
  -0.0371315	    0.1207533
  -0.0369691	    0.1198480
  -0.0368066	    0.1189425
  -0.0366439	    0.1180365
  -0.0364808	    0.1171307
  -0.0363176	    0.1162246
  -0.0361544	    0.1153182
  -0.0359915	    0.1144115
  -0.0358282	    0.1135044
  -0.0356646	    0.1125972
  -0.0355008	    0.1116897
  -0.0353368	    0.1107817
  -0.0351730	    0.1098734
  -0.0350091	    0.1089649
  -0.0348451	    0.1080554
  -0.0346808	    0.1071455
  -0.0345161	    0.1062353
  -0.0343511	    0.1053246
  -0.0341866	    0.1044134
  -0.0340219	    0.1035012
  -0.0338568	    0.1025885
  -0.0336915	    0.1016749
  -0.0335259	    0.1007605
  -0.0333601	    0.0998454
  -0.0331946	    0.0989296
  -0.0330292	    0.0980122
  -0.0328632	    0.0970941
  -0.0326969	    0.0961749
  -0.0325305	    0.0952544
  -0.0323642	    0.0943328
  -0.0321980	    0.0934097
  -0.0320318	    0.0924851
  -0.0318653	    0.0915589
  -0.0316986	    0.0906310
  -0.0315318	    0.0897014
  -0.0313655	    0.0887700
  -0.0311996	    0.0878364
  -0.0310336	    0.0869006
  -0.0308677	    0.0859626
  -0.0307020	    0.0850221
  -0.0305363	    0.0840790
  -0.0303722	    0.0831330
  -0.0302087	    0.0821841
  -0.0300457	    0.0812320
  -0.0298834	    0.0802767
  -0.0374831	    0.1250066
  -0.0373206	    0.1241013
  -0.0371579	    0.1231958
  -0.0369950	    0.1222904
  -0.0368321	    0.1213846
  -0.0366692	    0.1204789
  -0.0365061	    0.1195729
  -0.0363429	    0.1186668
  -0.0361796	    0.1177605
  -0.0360160	    0.1168539
  -0.0358524	    0.1159472
  -0.0356888	    0.1150402
  -0.0355251	    0.1141331
  -0.0353611	    0.1132256
  -0.0351970	    0.1123176
  -0.0350327	    0.1114092
  -0.0348685	    0.1105006
  -0.0347041	    0.1095917
  -0.0345395	    0.1086824
  -0.0343749	    0.1077725
  -0.0342099	    0.1068619
  -0.0340446	    0.1059509
  -0.0338798	    0.1050393
  -0.0337148	    0.1041271
  -0.0335495	    0.1032143
  -0.0333840	    0.1023007
  -0.0332182	    0.1013863
  -0.0330523	    0.1004711
  -0.0328867	    0.0995552
  -0.0327209	    0.0986383
  -0.0325549	    0.0977203
  -0.0323887	    0.0968011
  -0.0322223	    0.0958808
  -0.0320560	    0.0949593
  -0.0318899	    0.0940368
  -0.0317237	    0.0931129
  -0.0315575	    0.0921872
  -0.0313911	    0.0912598
  -0.0312247	    0.0903308
  -0.0310588	    0.0894003
  -0.0308931	    0.0884681
  -0.0307276	    0.0875336
  -0.0305622	    0.0865967
  -0.0303971	    0.0856574
  -0.0302323	    0.0847157
  -0.0300687	    0.0837721
  -0.0299056	    0.0828258
  -0.0297434	    0.0818759
  -0.0295821	    0.0809229
  -0.0294217	    0.0799667
  -0.0370248	    0.1247344
  -0.0368617	    0.1238286
  -0.0366985	    0.1229225
  -0.0365351	    0.1220166
  -0.0363717	    0.1211106
  -0.0362082	    0.1202043
  -0.0360445	    0.1192979
  -0.0358807	    0.1183913
  -0.0357166	    0.1174846
  -0.0355527	    0.1165776
  -0.0353887	    0.1156702
  -0.0352246	    0.1147625
  -0.0350603	    0.1138547
  -0.0348956	    0.1129468
  -0.0347310	    0.1120382
  -0.0345665	    0.1111292
  -0.0344018	    0.1102199
  -0.0342370	    0.1093102
  -0.0340718	    0.1084003
  -0.0339064	    0.1074899
  -0.0337410	    0.1065787
  -0.0335759	    0.1056669
  -0.0334105	    0.1047545
  -0.0332451	    0.1038415
  -0.0330793	    0.1029279
  -0.0329134	    0.1020135
  -0.0327474	    0.1010983
  -0.0325816	    0.1001824
  -0.0324157	    0.0992656
  -0.0322496	    0.0983478
  -0.0320833	    0.0974291
  -0.0319169	    0.0965090
  -0.0317508	    0.0955878
  -0.0315848	    0.0946655
  -0.0314187	    0.0937419
  -0.0312526	    0.0928170
  -0.0310864	    0.0918906
  -0.0309202	    0.0909623
  -0.0307547	    0.0900325
  -0.0305894	    0.0891010
  -0.0304242	    0.0881677
  -0.0302593	    0.0872325
  -0.0300946	    0.0862948
  -0.0299304	    0.0853545
  -0.0297674	    0.0844125
  -0.0296050	    0.0834680
  -0.0294432	    0.0825208
  -0.0292822	    0.0815708
  -0.0291226	    0.0806171
  -0.0289643	    0.0796604
  -0.0365677	    0.1244621
  -0.0364039	    0.1235559
  -0.0362403	    0.1226495
  -0.0360765	    0.1217431
  -0.0359125	    0.1208368
  -0.0357485	    0.1199299
  -0.0355842	    0.1190231
  -0.0354197	    0.1181160
  -0.0352555	    0.1172087
  -0.0350911	    0.1163010
  -0.0349267	    0.1153931
  -0.0347619	    0.1144850
  -0.0345969	    0.1135767
  -0.0344319	    0.1126678
  -0.0342671	    0.1117588
  -0.0341020	    0.1108495
  -0.0339369	    0.1099396
  -0.0337715	    0.1090292
  -0.0336058	    0.1081185
  -0.0334401	    0.1072073
  -0.0332747	    0.1062956
  -0.0331092	    0.1053831
  -0.0329433	    0.1044702
  -0.0327773	    0.1035565
  -0.0326112	    0.1026422
  -0.0324451	    0.1017270
  -0.0322795	    0.1008110
  -0.0321133	    0.0998945
  -0.0319471	    0.0989767
  -0.0317808	    0.0980580
  -0.0316144	    0.0971383
  -0.0314483	    0.0962177
  -0.0312823	    0.0952960
  -0.0311164	    0.0943728
  -0.0309504	    0.0934483
  -0.0307844	    0.0925224
  -0.0306185	    0.0915950
  -0.0304531	    0.0906664
  -0.0302881	    0.0897358
  -0.0301233	    0.0888035
  -0.0299587	    0.0878692
  -0.0297944	    0.0869330
  -0.0296306	    0.0859948
  -0.0294680	    0.0850546
  -0.0293061	    0.0841117
  -0.0291449	    0.0831664
  -0.0289845	    0.0822186
  -0.0288250	    0.0812680
  -0.0286669	    0.0803146
  -0.0285111	    0.0793582
  -0.0361116	    0.1241900
  -0.0359476	    0.1232833
  -0.0357834	    0.1223765
  -0.0356191	    0.1214697
  -0.0354546	    0.1205628
  -0.0352901	    0.1196555
  -0.0351252	    0.1187482
  -0.0349606	    0.1178406
  -0.0347958	    0.1169328
  -0.0346309	    0.1160247
  -0.0344660	    0.1151162
  -0.0343007	    0.1142078
  -0.0341351	    0.1132989
  -0.0339701	    0.1123894
  -0.0338048	    0.1114798
  -0.0336392	    0.1105699
  -0.0334736	    0.1096594
  -0.0333077	    0.1087486
  -0.0331418	    0.1078372
  -0.0329760	    0.1069254
  -0.0328102	    0.1060128
  -0.0326444	    0.1050997
  -0.0324782	    0.1041862
  -0.0323119	    0.1032718
  -0.0321456	    0.1023567
  -0.0319796	    0.1014410
  -0.0318135	    0.1005244
  -0.0316473	    0.0996070
  -0.0314809	    0.0986886
  -0.0313145	    0.0977691
  -0.0311484	    0.0968488
  -0.0309825	    0.0959274
  -0.0308165	    0.0950050
  -0.0306506	    0.0940811
  -0.0304848	    0.0931558
  -0.0303191	    0.0922290
  -0.0301540	    0.0913012
  -0.0299891	    0.0903718
  -0.0298244	    0.0894408
  -0.0296602	    0.0885076
  -0.0294964	    0.0875726
  -0.0293330	    0.0866357
  -0.0291706	    0.0856972
  -0.0290089	    0.0847566
  -0.0288480	    0.0838133
  -0.0286881	    0.0828675
  -0.0285292	    0.0819191
  -0.0283716	    0.0809683
  -0.0282155	    0.0800152
  -0.0280611	    0.0790592
  -0.0356569	    0.1239178
  -0.0354924	    0.1230109
  -0.0353278	    0.1221037
  -0.0351630	    0.1211963
  -0.0349981	    0.1202888
  -0.0348330	    0.1193811
  -0.0346680	    0.1184733
  -0.0345028	    0.1175654
  -0.0343375	    0.1166572
  -0.0341721	    0.1157486
  -0.0340067	    0.1148396
  -0.0338410	    0.1139305
  -0.0336754	    0.1130211
  -0.0335099	    0.1121113
  -0.0333441	    0.1112011
  -0.0331782	    0.1102905
  -0.0330121	    0.1093794
  -0.0328458	    0.1084683
  -0.0326800	    0.1075561
  -0.0325138	    0.1066438
  -0.0323477	    0.1057306
  -0.0321815	    0.1048168
  -0.0320150	    0.1039026
  -0.0318487	    0.1029876
  -0.0316825	    0.1020719
  -0.0315162	    0.1011556
  -0.0313499	    0.1002383
  -0.0311835	    0.0993202
  -0.0310169	    0.0984015
  -0.0308509	    0.0974813
  -0.0306850	    0.0965603
  -0.0305191	    0.0956382
  -0.0303533	    0.0947149
  -0.0301875	    0.0937905
  -0.0300219	    0.0928645
  -0.0298570	    0.0919373
  -0.0296923	    0.0910088
  -0.0295279	    0.0900787
  -0.0293638	    0.0891469
  -0.0292000	    0.0882135
  -0.0290370	    0.0872779
  -0.0288751	    0.0863408
  -0.0287137	    0.0854017
  -0.0285530	    0.0844605
  -0.0283930	    0.0835171
  -0.0282343	    0.0825711
  -0.0280771	    0.0816226
  -0.0279215	    0.0806720
  -0.0277672	    0.0797187
         NaN	          NaN
  -0.0352034	    0.1236458
  -0.0350384	    0.1227384
  -0.0348734	    0.1218307
  -0.0347079	    0.1209231
  -0.0345425	    0.1200152
  -0.0343774	    0.1191069
  -0.0342120	    0.1181986
  -0.0340464	    0.1172903
  -0.0338805	    0.1163817
  -0.0337147	    0.1154726
  -0.0335488	    0.1145632
  -0.0333831	    0.1136536
  -0.0332172	    0.1127436
  -0.0330512	    0.1118333
  -0.0328849	    0.1109226
  -0.0327186	    0.1100113
  -0.0325524	    0.1090998
  -0.0323861	    0.1081881
  -0.0322198	    0.1072755
  -0.0320534	    0.1063625
  -0.0318869	    0.1054488
  -0.0317204	    0.1045343
  -0.0315540	    0.1036196
  -0.0313875	    0.1027044
  -0.0312213	    0.1017880
  -0.0310549	    0.1008708
  -0.0308884	    0.0999529
  -0.0307219	    0.0990342
  -0.0305557	    0.0981148
  -0.0303898	    0.0971945
  -0.0302239	    0.0962727
  -0.0300581	    0.0953499
  -0.0298924	    0.0944260
  -0.0297268	    0.0935008
  -0.0295620	    0.0925747
  -0.0293974	    0.0916471
  -0.0292333	    0.0907178
  -0.0290693	    0.0897871
  -0.0289058	    0.0888548
  -0.0287429	    0.0879209
  -0.0285809	    0.0869855
  -0.0284198	    0.0860478
  -0.0282594	    0.0851083
  -0.0280998	    0.0841667
  -0.0279411	    0.0832229
  -0.0277837	    0.0822772
  -0.0276281	    0.0813291
  -0.0274741	    0.0803784
  -0.0273215	    0.0794252
         NaN	          NaN
  -0.0347511	    0.1233737
  -0.0345857	    0.1224657
  -0.0344202	    0.1215577
  -0.0342542	    0.1206500
  -0.0340887	    0.1197415
  -0.0339231	    0.1188329
  -0.0337573	    0.1179241
  -0.0335912	    0.1170152
  -0.0334249	    0.1161064
  -0.0332588	    0.1151968
  -0.0330928	    0.1142868
  -0.0329266	    0.1133768
  -0.0327603	    0.1124664
  -0.0325940	    0.1115556
  -0.0324275	    0.1106443
  -0.0322609	    0.1097326
  -0.0320945	    0.1088207
  -0.0319280	    0.1079082
  -0.0317614	    0.1069952
  -0.0315948	    0.1060815
  -0.0314278	    0.1051677
  -0.0312613	    0.1042529
  -0.0310948	    0.1033375
  -0.0309283	    0.1024215
  -0.0307619	    0.1015046
  -0.0305955	    0.1005869
  -0.0304288	    0.0996686
  -0.0302627	    0.0987494
  -0.0300967	    0.0978292
  -0.0299308	    0.0969082
  -0.0297649	    0.0959862
  -0.0295993	    0.0950627
  -0.0294339	    0.0941382
  -0.0292691	    0.0932127
  -0.0291046	    0.0922860
  -0.0289403	    0.0913580
  -0.0287766	    0.0904283
  -0.0286132	    0.0894971
  -0.0284505	    0.0885643
  -0.0282887	    0.0876302
  -0.0281275	    0.0866945
  -0.0279670	    0.0857568
  -0.0278076	    0.0848169
  -0.0276492	    0.0838751
  -0.0274920	    0.0829314
  -0.0273362	    0.0819858
  -0.0271816	    0.0810380
  -0.0270290	    0.0800875
  -0.0268781	    0.0791345
         NaN	          NaN
  -0.0342999	    0.1231016
  -0.0341341	    0.1221933
  -0.0339680	    0.1212849
  -0.0338021	    0.1203767
  -0.0336361	    0.1194680
  -0.0334699	    0.1185592
  -0.0333038	    0.1176499
  -0.0331374	    0.1167405
  -0.0329708	    0.1158310
  -0.0328045	    0.1149213
  -0.0326381	    0.1140110
  -0.0324715	    0.1131005
  -0.0323048	    0.1121897
  -0.0321380	    0.1112784
  -0.0319714	    0.1103666
  -0.0318049	    0.1094544
  -0.0316382	    0.1085419
  -0.0314714	    0.1076289
  -0.0313046	    0.1067153
  -0.0311377	    0.1058013
  -0.0309708	    0.1048870
  -0.0308042	    0.1039718
  -0.0306376	    0.1030560
  -0.0304710	    0.1021393
  -0.0303045	    0.1012218
  -0.0301378	    0.1003038
  -0.0299718	    0.0993848
  -0.0298056	    0.0984652
  -0.0296397	    0.0975446
  -0.0294738	    0.0966230
  -0.0293082	    0.0957003
  -0.0291427	    0.0947767
  -0.0289780	    0.0938519
  -0.0288136	    0.0929259
  -0.0286494	    0.0919986
  -0.0284856	    0.0910701
  -0.0283222	    0.0901402
  -0.0281596	    0.0892087
  -0.0279979	    0.0882758
  -0.0278368	    0.0873414
  -0.0276764	    0.0864053
  -0.0275168	    0.0854674
  -0.0273582	    0.0845276
  -0.0272012	    0.0835859
  -0.0270455	    0.0826424
  -0.0268910	    0.0816968
  -0.0267378	    0.0807491
  -0.0265862	    0.0797992
  -0.0264369	    0.0788466
         NaN	          NaN
  -0.0338497	    0.1228300
  -0.0336834	    0.1219213
  -0.0335174	    0.1210125
  -0.0333510	    0.1201037
  -0.0331845	    0.1191948
  -0.0330179	    0.1182857
  -0.0328514	    0.1173759
  -0.0326848	    0.1164660
  -0.0325183	    0.1155560
  -0.0323516	    0.1146458
  -0.0321847	    0.1137354
  -0.0320178	    0.1128244
  -0.0318508	    0.1119131
  -0.0316840	    0.1110012
  -0.0315173	    0.1100890
  -0.0313504	    0.1091766
  -0.0311834	    0.1082637
  -0.0310164	    0.1073501
  -0.0308494	    0.1064360
  -0.0306826	    0.1055215
  -0.0305158	    0.1046066
  -0.0303490	    0.1036911
  -0.0301821	    0.1027748
  -0.0300153	    0.1018577
  -0.0298487	    0.1009398
  -0.0296826	    0.1000214
  -0.0295165	    0.0991020
  -0.0293504	    0.0981819
  -0.0291846	    0.0972608
  -0.0290189	    0.0963387
  -0.0288535	    0.0954156
  -0.0286887	    0.0944917
  -0.0285241	    0.0935667
  -0.0283600	    0.0926402
  -0.0281963	    0.0917125
  -0.0280330	    0.0907836
  -0.0278704	    0.0898534
  -0.0277085	    0.0889221
  -0.0275474	    0.0879890
  -0.0273871	    0.0870542
  -0.0272275	    0.0861179
  -0.0270689	    0.0851798
  -0.0269115	    0.0842403
  -0.0267554	    0.0832990
  -0.0266009	    0.0823555
  -0.0264477	    0.0814101
  -0.0262959	    0.0804626
  -0.0261459	    0.0795130
         NaN	          NaN
         NaN	          NaN
  -0.0334009	    0.1225579
  -0.0332344	    0.1216490
  -0.0330678	    0.1207401
  -0.0329011	    0.1198310
  -0.0327342	    0.1189217
  -0.0325673	    0.1180121
  -0.0324005	    0.1171021
  -0.0322338	    0.1161918
  -0.0320669	    0.1152814
  -0.0318998	    0.1143708
  -0.0317327	    0.1134598
  -0.0315656	    0.1125483
  -0.0313986	    0.1116364
  -0.0312315	    0.1107245
  -0.0310645	    0.1098120
  -0.0308973	    0.1088991
  -0.0307300	    0.1079859
  -0.0305628	    0.1070719
  -0.0303959	    0.1061575
  -0.0302290	    0.1052425
  -0.0300622	    0.1043270
  -0.0298953	    0.1034109
  -0.0297284	    0.1024943
  -0.0295615	    0.1015768
  -0.0293953	    0.1006585
  -0.0292292	    0.0997396
  -0.0290630	    0.0988200
  -0.0288971	    0.0978994
  -0.0287313	    0.0969779
  -0.0285660	    0.0960554
  -0.0284011	    0.0951321
  -0.0282365	    0.0942077
  -0.0280723	    0.0932824
  -0.0279084	    0.0923557
  -0.0277451	    0.0914277
  -0.0275825	    0.0904986
  -0.0274207	    0.0895683
  -0.0272595	    0.0886366
  -0.0270989	    0.0877036
  -0.0269393	    0.0867687
  -0.0267807	    0.0858322
  -0.0266232	    0.0848944
  -0.0264670	    0.0839550
  -0.0263118	    0.0830139
  -0.0261582	    0.0820708
  -0.0260062	    0.0811255
  -0.0258558	    0.0801784
  -0.0257075	    0.0792297
         NaN	          NaN
         NaN	          NaN
  -0.0329530	    0.1222866
  -0.0327862	    0.1213775
  -0.0326193	    0.1204681
  -0.0324523	    0.1195584
  -0.0322852	    0.1186485
  -0.0321182	    0.1177384
  -0.0319511	    0.1168284
  -0.0317840	    0.1159178
  -0.0316167	    0.1150071
  -0.0314494	    0.1140960
  -0.0312820	    0.1131845
  -0.0311149	    0.1122725
  -0.0309477	    0.1113605
  -0.0307804	    0.1104482
  -0.0306130	    0.1095353
  -0.0304457	    0.1086219
  -0.0302782	    0.1077082
  -0.0301111	    0.1067941
  -0.0299441	    0.1058793
  -0.0297771	    0.1049639
  -0.0296101	    0.1040480
  -0.0294431	    0.1031316
  -0.0292762	    0.1022144
  -0.0291098	    0.1012966
  -0.0289436	    0.1003780
  -0.0287774	    0.0994587
  -0.0286113	    0.0985386
  -0.0284455	    0.0976177
  -0.0282800	    0.0966959
  -0.0281151	    0.0957733
  -0.0279505	    0.0948496
  -0.0277862	    0.0939249
  -0.0276223	    0.0929991
  -0.0274588	    0.0920723
  -0.0272961	    0.0911443
  -0.0271342	    0.0902151
  -0.0269729	    0.0892846
  -0.0268123	    0.0883527
  -0.0266525	    0.0874194
  -0.0264934	    0.0864848
  -0.0263359	    0.0855486
  -0.0261795	    0.0846109
  -0.0260242	    0.0836716
  -0.0258701	    0.0827306
  -0.0257174	    0.0817879
  -0.0255664	    0.0808432
  -0.0254176	    0.0798969
  -0.0252706	    0.0789487
         NaN	          NaN
         NaN	          NaN
  -0.0325063	    0.1220151
  -0.0323391	    0.1211057
  -0.0321719	    0.1201961
  -0.0320046	    0.1192860
  -0.0318373	    0.1183758
  -0.0316701	    0.1174654
  -0.0315027	    0.1165549
  -0.0313353	    0.1156441
  -0.0311679	    0.1147328
  -0.0310004	    0.1138212
  -0.0308329	    0.1129096
  -0.0306655	    0.1119975
  -0.0304981	    0.1110850
  -0.0303305	    0.1101723
  -0.0301630	    0.1092590
  -0.0299955	    0.1083451
  -0.0298283	    0.1074311
  -0.0296609	    0.1065167
  -0.0294938	    0.1056016
  -0.0293266	    0.1046858
  -0.0291597	    0.1037694
  -0.0289927	    0.1028525
  -0.0288261	    0.1019352
  -0.0286596	    0.1010171
  -0.0284933	    0.1000983
  -0.0283272	    0.0991786
  -0.0281613	    0.0982581
  -0.0279958	    0.0973369
  -0.0278307	    0.0964149
  -0.0276659	    0.0954921
  -0.0275015	    0.0945681
  -0.0273376	    0.0936431
  -0.0271741	    0.0927171
  -0.0270113	    0.0917901
  -0.0268491	    0.0908621
  -0.0266876	    0.0899329
  -0.0265269	    0.0890022
  -0.0263670	    0.0880703
  -0.0262078	    0.0871369
  -0.0260498	    0.0862025
  -0.0258928	    0.0852668
  -0.0257373	    0.0843291
  -0.0255830	    0.0833900
  -0.0254300	    0.0824492
  -0.0252784	    0.0815068
  -0.0251286	    0.0805632
  -0.0249807	    0.0796175
  -0.0248350	    0.0786699
         NaN	          NaN
         NaN	          NaN
  -0.0320607	    0.1217438
  -0.0318932	    0.1208340
  -0.0317256	    0.1199240
  -0.0315582	    0.1190138
  -0.0313908	    0.1181032
  -0.0312233	    0.1171926
  -0.0310556	    0.1162817
  -0.0308878	    0.1153706
  -0.0307202	    0.1144589
  -0.0305526	    0.1135472
  -0.0303850	    0.1126351
  -0.0302174	    0.1117227
  -0.0300497	    0.1108099
  -0.0298819	    0.1098969
  -0.0297143	    0.1089832
  -0.0295470	    0.1080690
  -0.0293796	    0.1071546
  -0.0292122	    0.1062398
  -0.0290448	    0.1053243
  -0.0288777	    0.1044081
  -0.0287107	    0.1034915
  -0.0285439	    0.1025745
  -0.0283774	    0.1016567
  -0.0282110	    0.1007382
  -0.0280447	    0.0998191
  -0.0278786	    0.0988992
  -0.0277130	    0.0979785
  -0.0275478	    0.0970571
  -0.0273830	    0.0961348
  -0.0272184	    0.0952117
  -0.0270542	    0.0942876
  -0.0268906	    0.0933624
  -0.0267277	    0.0924363
  -0.0265655	    0.0915093
  -0.0264038	    0.0905811
  -0.0262427	    0.0896518
  -0.0260824	    0.0887212
  -0.0259232	    0.0877892
  -0.0257650	    0.0868562
  -0.0256078	    0.0859219
  -0.0254517	    0.0849862
  -0.0252966	    0.0840491
  -0.0251432	    0.0831101
  -0.0249913	    0.0821697
  -0.0248410	    0.0812281
  -0.0246923	    0.0802849
  -0.0245453	    0.0793400
  -0.0244005	    0.0783932
         NaN	          NaN
         NaN	          NaN
  -0.0316160	    0.1214729
  -0.0314483	    0.1205627
  -0.0312806	    0.1196524
  -0.0311129	    0.1187420
  -0.0309453	    0.1178311
  -0.0307775	    0.1169200
  -0.0306096	    0.1160087
  -0.0304416	    0.1150973
  -0.0302738	    0.1141856
  -0.0301061	    0.1132735
  -0.0299383	    0.1123611
  -0.0297705	    0.1114482
  -0.0296027	    0.1105350
  -0.0294349	    0.1096215
  -0.0292673	    0.1087077
  -0.0290997	    0.1077935
  -0.0289323	    0.1068785
  -0.0287647	    0.1059634
  -0.0285973	    0.1050476
  -0.0284302	    0.1041313
  -0.0282632	    0.1032146
  -0.0280965	    0.1022972
  -0.0279301	    0.1013789
  -0.0277637	    0.1004600
  -0.0275975	    0.0995407
  -0.0274317	    0.0986206
  -0.0272664	    0.0976998
  -0.0271014	    0.0967781
  -0.0269367	    0.0958556
  -0.0267724	    0.0949322
  -0.0266086	    0.0940079
  -0.0264454	    0.0930829
  -0.0262830	    0.0921568
  -0.0261212	    0.0912296
  -0.0259600	    0.0903013
  -0.0257994	    0.0893720
  -0.0256396	    0.0884415
  -0.0254812	    0.0875099
  -0.0253237	    0.0865769
  -0.0251672	    0.0856427
  -0.0250118	    0.0847072
  -0.0248576	    0.0837703
  -0.0247049	    0.0828320
  -0.0245540	    0.0818923
  -0.0244048	    0.0809512
  -0.0242571	    0.0800085
  -0.0241112	    0.0790642
         NaN	          NaN
         NaN	          NaN
         NaN	          NaN
  -0.0311725	    0.1212019
  -0.0310046	    0.1202915
  -0.0308367	    0.1193809
  -0.0306688	    0.1184701
  -0.0305008	    0.1175592
  -0.0303327	    0.1166478
  -0.0301645	    0.1157363
  -0.0299966	    0.1148245
  -0.0298286	    0.1139125
  -0.0296607	    0.1130000
  -0.0294927	    0.1120874
  -0.0293248	    0.1111741
  -0.0291568	    0.1102607
  -0.0289892	    0.1093468
  -0.0288215	    0.1084326
  -0.0286538	    0.1075181
  -0.0284863	    0.1066028
  -0.0283186	    0.1056874
  -0.0281513	    0.1047715
  -0.0279843	    0.1038549
  -0.0278175	    0.1029378
  -0.0276507	    0.1020201
  -0.0274842	    0.1011018
  -0.0273179	    0.1001827
  -0.0271520	    0.0992631
  -0.0269865	    0.0983428
  -0.0268213	    0.0974219
  -0.0266564	    0.0965001
  -0.0264920	    0.0955773
  -0.0263279	    0.0946538
  -0.0261646	    0.0937295
  -0.0260019	    0.0928044
  -0.0258396	    0.0918783
  -0.0256783	    0.0909510
  -0.0255175	    0.0900227
  -0.0253575	    0.0890933
  -0.0251987	    0.0881631
  -0.0250406	    0.0872318
  -0.0248836	    0.0862991
  -0.0247279	    0.0853651
  -0.0245733	    0.0844298
  -0.0244201	    0.0834933
  -0.0242682	    0.0825556
  -0.0241179	    0.0816166
  -0.0239695	    0.0806760
  -0.0238229	    0.0797339
  -0.0236780	    0.0787903
         NaN	          NaN
         NaN	          NaN
         NaN	          NaN
  -0.0307298	    0.1209316
  -0.0305619	    0.1200207
  -0.0303938	    0.1191097
  -0.0302256	    0.1181986
  -0.0300574	    0.1172873
  -0.0298891	    0.1163757
  -0.0297211	    0.1154638
  -0.0295528	    0.1145519
  -0.0293847	    0.1136396
  -0.0292166	    0.1127268
  -0.0290484	    0.1118137
  -0.0288804	    0.1109002
  -0.0287124	    0.1099869
  -0.0285446	    0.1090726
  -0.0283769	    0.1081581
  -0.0282091	    0.1072432
  -0.0280415	    0.1063278
  -0.0278740	    0.1054120
  -0.0277068	    0.1044958
  -0.0275399	    0.1035789
  -0.0273730	    0.1026615
  -0.0272062	    0.1017437
  -0.0270396	    0.1008253
  -0.0268736	    0.0999061
  -0.0267079	    0.0989863
  -0.0265426	    0.0980659
  -0.0263775	    0.0971447
  -0.0262128	    0.0962227
  -0.0260485	    0.0953000
  -0.0258851	    0.0943764
  -0.0257221	    0.0934521
  -0.0255597	    0.0925268
  -0.0253979	    0.0916007
  -0.0252367	    0.0906736
  -0.0250764	    0.0897453
  -0.0249173	    0.0888162
  -0.0247589	    0.0878861
  -0.0246015	    0.0869548
  -0.0244450	    0.0860225
  -0.0242897	    0.0850888
  -0.0241360	    0.0841539
  -0.0239836	    0.0832180
  -0.0238326	    0.0822807
  -0.0236831	    0.0813422
  -0.0235352	    0.0804024
  -0.0233895	    0.0794610
  -0.0232457	    0.0785184
         NaN	          NaN
         NaN	          NaN
         NaN	          NaN
