109.378281064
109.378178193
109.378075322
109.377972451
109.37786958
109.37776671
109.377663839
109.377560968
109.377458097
109.377355226
109.377252355
109.377149484
109.377046613
109.376943742
109.376840871
109.376738001
109.37663513
109.376532259
109.376429388
109.376326517
109.376223646
109.376120775
109.376017904
109.375915033
109.375812163
109.375709292
109.375606421
109.37550355
109.375400679
109.375297808
109.375194937
109.375092066
109.374989195
109.374886324
109.374783454
109.374680583
109.374577712
109.374474841
109.37437197
109.374269099
