37.7498225964
37.7498388724
37.7498551484
37.7498714245
37.7498877005
37.7499039766
37.7499202526
37.7499365286
37.7499528047
37.7499690807
37.7499853568
37.7500016328
37.7500179089
37.7500341849
37.7500504609
37.750066737
37.750083013
37.7500992891
37.7501155651
37.7501318411
37.7501481172
37.7501643932
37.7501806693
37.7501969453
37.7502132214
37.7502294974
37.7502457734
37.7502620495
37.7502783255
37.7502946016
37.7503108776
37.7503271536
37.7503434297
37.7503597057
37.7503759818
37.7503922578
37.7504085339
37.7504248099
37.7504410859
37.750457362
37.750473638
37.7504899141
37.7505061901
37.7505224661
37.7505387422
37.7505550182
37.7505712943
37.7505875703
37.7506038464
37.7506201224
37.7506363984
37.7506526745
37.7506689505
37.7506852266
37.7507015026
37.7507177786
37.7507340547
37.7507503307
37.7507666068
37.7507828828
37.7507991589
37.7508154349
37.7508317109
37.750847987
37.750864263
37.7508805391
37.7508968151
37.7509130911
37.7509293672
37.7509456432
