0.333913609448 0.334652589982 0.334199729083 0.335198871549 0.33347894384 0.337445167797 0.338384710795 0.339330528088 0.340282619673 0.340677801487 0.342086157431 0.343143097161 0.345947706859 0.346784211106 0.347638603095 0.348192989862 0.349502502117 0.349264991019 0.349683470792 0.35123409504 0.353895425371 0.355967488306 0.353494767261 0.354120145946 0.354773173794 0.355294621849 0.356533747028 0.358301015812 0.359118091746 0.358252513391
0.333812602777 0.333732710571 0.33462381853 0.335567868454 0.336551951086 0.335370037092 0.338665284981 0.339597676528 0.34053634237 0.341069506671 0.34238276334 0.342714400636 0.345630623105 0.346647955634 0.34749588275 0.34795753033 0.349269939621 0.349167739242 0.349711437622 0.351234863366 0.35484796019 0.354859297181 0.35558420386 0.354228389266 0.354583241658 0.355389411699 0.357304931843 0.358443359722 0.360026540765 0.35879036392
0.33404108569 0.334833922027 0.33501349334 0.335905003377 0.336893257302 0.335935568392 0.338934591025 0.339853556829 0.340778796926 0.341710311316 0.341995312703 0.343117606978 0.34418563486 0.34636844216 0.34708168572 0.347834311516 0.348665941484 0.34909799516 0.349861590539 0.351216943116 0.352459351181 0.354612955195 0.354696884153 0.354563723325 0.355008378409 0.355508516642 0.357518230258 0.358889859052 0.360084185194 0.359376843196
0.334964074106 0.335048528871 0.335858681834 0.336261685233 0.337153597347 0.338175895628 0.339135847801 0.340098168988 0.340908645037 0.341845629025 0.34238912478 0.343487313156 0.344534264188 0.346347794898 0.347055850059 0.347719850451 0.348318763978 0.349432213901 0.349841238752 0.351222335038 0.352475168724 0.354405805521 0.354860749397 0.354623136888 0.355250114107 0.355936016367 0.357702485625 0.358974619079 0.360147077749 0.359744006073
0.334937527474 0.335853914572 0.336059412609 0.336886882199 0.337477286251 0.338498412274 0.338138255479 0.340226999697 0.341144857922 0.342067054122 0.342100779989 0.343823519172 0.344849393353 0.346238551663 0.347016769878 0.347620410245 0.348374771182 0.349100022936 0.34974495324 0.351113494754 0.352428380487 0.354102436058 0.354519104329 0.354690281795 0.355487984411 0.356320327271 0.357475264848 0.359285408702 0.360201170488 0.360184272025
0.335482849069 0.335832113451 0.336753058391 0.337073736904 0.337918523121 0.338660296393 0.339072487432 0.340412061658 0.341368541672 0.342275950086 0.343390875433 0.344126225025 0.345131022355 0.346279323807 0.347064359109 0.347784531866 0.348116404552 0.349267960781 0.350052200518 0.351208515446 0.352402078945 0.353934786995 0.354504611763 0.355256633988 0.355704019796 0.356681924052 0.358046353551 0.359336060821 0.360409768399 0.3607834799
0.335950799327 0.336241838011 0.337036495873 0.336333486189 0.33704626489 0.338811421837 0.339735698004 0.340412317225 0.341551557458 0.342472316916 0.343369275518 0.344395430715 0.345379151194 0.346326235513 0.347118087902 0.347896369641 0.348493207668 0.349186397467 0.350104446709 0.351873332328 0.352244151453 0.352970034765 0.354407804957 0.355416655958 0.355899547111 0.357020940231 0.358264851118 0.359507136623 0.360165596655 0.360472770618
0.336079763065 0.336614519458 0.33719426489 0.337903705292 0.336517719942 0.339027450212 0.339953717244 0.34087452609 0.341857686504 0.342656154612 0.343538325427 0.344573180552 0.345593779871 0.346527986582 0.347177956256 0.347944628323 0.348566447811 0.349171209179 0.350284394144 0.351748686968 0.352306238543 0.353072837311 0.35469590245 0.355582433744 0.356081405293 0.357149779711 0.358335153713 0.359803914885 0.36032240427 0.360965994393
0.328749357612 0.336733915463 0.337314563946 0.33705772125 0.338015902352 0.337937665685 0.340104635353 0.341062313769 0.341990284071 0.342736309502 0.343722046671 0.344710340697 0.345774908385 0.346686285674 0.347219904284 0.347794771439 0.348657712191 0.349387034927 0.350564839313 0.35179491005 0.352460871756 0.353195198707 0.354873876349 0.355825088027 0.356789154412 0.357123877938 0.358169892162 0.359752770521 0.360642966918 0.360942174582
0.328809660448 0.334231622303 0.33629126428 0.337235326269 0.338180426038 0.339126563588 0.339542917118 0.341178524406 0.342097253312 0.342857611642 0.343661526264 0.344834183468 0.345700026801 0.346811052773 0.347249678412 0.348088838206 0.348846841473 0.349647531176 0.350683537221 0.351726370169 0.352861041491 0.353445276495 0.35398624923 0.355957816684 0.357081869477 0.357282066092 0.358337703181 0.359411135887 0.360898140557 0.361232819206
0.336559409058 0.337194821107 0.340704097446 0.33740258798 0.338334606417 0.339267662635 0.340201756632 0.341012127356 0.342220019155 0.342829139009 0.343663071086 0.344768659881 0.345747994873 0.346902287878 0.347332432096 0.348188883771 0.348997253781 0.349870273266 0.350992558928 0.351759806402 0.353236109157 0.353523520481 0.354253692128 0.355649979314 0.357202170615 0.357654977796 0.35844692451 0.359454626691 0.360693251307 0.361661525952
0.332949164278 0.334297371245 0.335596441912 0.338251199454 0.338054143858 0.339161659888 0.340235821345 0.34127662823 0.342234601992 0.343129857047 0.343460598122 0.344695747337 0.345633396168 0.346709185382 0.347415679533 0.348434113611 0.348972777502 0.350249456454 0.350809599936 0.352290914751 0.35336042292 0.353662471991 0.354375934926 0.355645396643 0.356716998957 0.358068671295 0.358809636561 0.359779193758 0.359978493087 0.361299323229
0.332917821432 0.334278418048 0.335589878364 0.337146016076 0.338284893447 0.339380937858 0.340434149311 0.341438950171 0.342419824494 0.343353143274 0.344311987529 0.344436170064 0.345761238218 0.346859451444 0.347330153313 0.348364705949 0.349160525686 0.350402982868 0.351243625517 0.352270765647 0.353258548798 0.353805434586 0.354842971954 0.355696557904 0.356626844074 0.358421978792 0.359368851862 0.359234712803 0.360338654351 0.361613565663
0.33339653435 0.333133539582 0.334715970355 0.336217484917 0.338361690593 0.339455002088 0.340726304463 0.34168024462 0.3425972297 0.343477259704 0.344218508486 0.344414535072 0.34500953047 0.346731054649 0.347322480582 0.348530163462 0.350204629305 0.350958693183 0.351480016295 0.352452961256 0.353298803661 0.353930302107 0.354620716154 0.355680336452 0.356765439104 0.358624660837 0.359117862745 0.359904415119 0.360247216956 0.361456720263
0.334437923064 0.335552498857 0.336639231671 0.337698121507 0.338718561038 0.339729751526 0.340710515425 0.341660852735 0.342636602833 0.343429958803 0.344304054435 0.344488835693 0.345202068055 0.346394726506 0.347282386241 0.349029772455 0.350473141051 0.350971023072 0.351661533154 0.352598095035 0.353404185101 0.3539772972 0.354609622458 0.355834961935 0.356992665509 0.358401996151 0.358628143079 0.359819681391 0.360995088124 0.361467774208
0.33420356011 0.33545421417 0.336650503969 0.337792429505 0.33887999078 0.339664936779 0.340516320289 0.341534010549 0.342511456581 0.343443683773 0.34433617229 0.344964124292 0.345088461581 0.34598373291 0.34815570514 0.349839390079 0.350471559798 0.35112026553 0.351835142236 0.352702676565 0.353502645482 0.353846024556 0.355312778932 0.355936657439 0.356762864091 0.358171053181 0.359169334878 0.359933044046 0.36108932022 0.362135860797
0.33383493492 0.335130384904 0.336849088868 0.337945515493 0.337328069635 0.338727860507 0.340450541923 0.341254957474 0.342180753005 0.34309183946 0.343913709839 0.344674771186 0.346194808552 0.346677447994 0.348084478208 0.348919220523 0.35042001112 0.351322497885 0.352131766814 0.352801977163 0.353376571448 0.354019474085 0.35541577918 0.356352194908 0.356554860053 0.357695403188 0.35938614678 0.360101628583 0.360722462149 0.361478108356
0.334079859328 0.33448016152 0.335714873258 0.336912709003 0.338073668754 0.338856804435 0.340445084918 0.341275229979 0.342147430203 0.342957355286 0.34431474739 0.345353411903 0.34625959027 0.346770096732 0.347561895608 0.348978365687 0.350125131231 0.351192293869 0.352171829201 0.352866522758 0.353615155474 0.354063181039 0.355433222092 0.356512450126 0.35666290417 0.357726914849 0.358797142399 0.360060398415 0.360834274132 0.361173145256
0.332661779949 0.334004783759 0.335310911575 0.336580163398 0.337552190531 0.338717112419 0.339866820655 0.341337338948 0.342148255608 0.343443779688 0.344385163124 0.345373138494 0.346257450432 0.347181581271 0.347677183232 0.349077215534 0.350079071514 0.351355299031 0.352223428989 0.353038605051 0.353590374241 0.354288412518 0.355500005687 0.355923399142 0.357052224434 0.357838465399 0.35893524321 0.359757218074 0.360450913555 0.361434364931
0.332142181073 0.333556600961 0.334934144856 0.336161571098 0.33738907075 0.338601356748 0.33965722163 0.341598163121 0.342576931979 0.343525823586 0.344464222336 0.345620799637 0.346186447179 0.347254157843 0.348571591101 0.349067728856 0.350076747214 0.35153226608 0.352365047817 0.353014518423 0.353755107465 0.354783298995 0.355555299372 0.35600964565 0.356971582312 0.358075823661 0.359019502253 0.359483418311 0.360546666592 0.361859863366
0.331649777161 0.333135613127 0.334684946138 0.335975023552 0.337377377291 0.338745507486 0.340097328528 0.341071049088 0.342682432645 0.343616510961 0.344655782757 0.345451081413 0.346373044002 0.34734273413 0.348336443147 0.349814028625 0.350146208446 0.35121883249 0.352335826478 0.353033881068 0.353676500886 0.354737284522 0.355555077251 0.356135592444 0.356913653026 0.358120237243 0.359103961539 0.359702371293 0.360696806049 0.361976859476
0.331184568213 0.331644872318 0.333688457352 0.335745860912 0.337212417741 0.338659831433 0.339801669504 0.341007299355 0.342196104971 0.343841892319 0.344847120514 0.345629878806 0.346502117824 0.347475211084 0.348590205805 0.349602289739 0.350532735921 0.351258619801 0.351911409534 0.3531934728 0.353863485536 0.354712918279 0.35529244951 0.356172081267 0.357066255966 0.358167050958 0.359003245739 0.359842261161 0.360869631215 0.361955547183
0.329425124148 0.332353128108 0.333974948367 0.335759126697 0.33707639672 0.338432892412 0.339749121663 0.340716361268 0.341939217643 0.344061531099 0.344960767982 0.345839588443 0.346647364321 0.347627112483 0.348618113055 0.349659060324 0.350406125952 0.351214530549 0.351664455258 0.352864488634 0.353615508869 0.354722581457 0.355219307284 0.356228435939 0.356964026562 0.358135264713 0.359158171953 0.360276992096 0.361390802974 0.362034667588
0.330344392765 0.332064639658 0.33395674545 0.335347024388 0.336711739681 0.338361298061 0.339327773739 0.340815234114 0.342021528747 0.343671137017 0.345211912613 0.346080210322 0.346812035263 0.347798438328 0.348795804397 0.349828280391 0.350568545289 0.351189515778 0.351587330731 0.352474014931 0.353341628173 0.353982250829 0.355119488238 0.356176563272 0.356952307011 0.358315940009 0.358887529998 0.360031927232 0.361634432934 0.362560011881
0.331508426198 0.332810094835 0.333471714437 0.334909438646 0.336271663615 0.337853605501 0.339191612894 0.340572498071 0.342515663478 0.34237143789 0.345493969487 0.346351744445 0.346996130652 0.347989188619 0.348653992798 0.349966107055 0.351377638248 0.351135383704 0.351502181875 0.352212503717 0.352944500572 0.352932991455 0.354992992373 0.356244316218 0.357214847574 0.357477856179 0.358881247362 0.359870071607 0.361869604 0.363187126401
0.330792118141 0.332147587206 0.333361122098 0.334630084908 0.335667841116 0.33688874793 0.338868203728 0.340276982538 0.340837337811 0.341994373021 0.344225012367 0.346447517296 0.347199650485 0.348096152145 0.348708971594 0.349954594352 0.351608638719 0.35013293991 0.350746026638 0.352453861706 0.352927572829 0.352296907836 0.353113185557 0.355131076629 0.357515239412 0.357737171253 0.358896041414 0.35978469048 0.362395073195 0.363625744514
0.330042823041 0.33132587966 0.332644686537 0.333689360302 0.334952640874 0.336836927999 0.338223998148 0.339590105823 0.341412620095 0.341563616478 0.344178856008 0.345585184101 0.347397410193 0.348270699513 0.348969754284 0.350575262861 0.351857163681 0.351481195908 0.350203948991 0.352545689714 0.352584330902 0.352291749972 0.353224325519 0.354681509906 0.356224886585 0.357712075635 0.358943017022 0.360643471626 0.362631715247 0.36418775409
0.329146633681 0.330515284624 0.331562472178 0.332868126508 0.334767960038 0.33622506352 0.337661204528 0.33979229942 0.339627992636 0.341261805345 0.34250896479 0.345613918689 0.345432874066 0.346369610712 0.349102729988 0.350971307923 0.350515254297 0.351405334172 0.35098815033 0.352425170855 0.352562863631 0.351636462203 0.352529355684 0.354020318922 0.355752854878 0.357298476938 0.358197213951 0.360897481451 0.361549855926 0.364273737584
0.32824187917 0.329287176746 0.330635204833 0.33252843292 0.334055569735 0.335561744076 0.337046955943 0.337688748252 0.339489390817 0.340773487837 0.342049637524 0.342938505605 0.345136982023 0.346072714073 0.350081113201 0.348823516433 0.349098448778 0.350267051707 0.350991218424 0.352240113006 0.351347421758 0.351469573954 0.352397007839 0.353942109939 0.35535264406 0.355037926339 0.358196282267 0.361152557074 0.361607914216 0.364697984752
0.326863474005 0.32825387585 0.330118346646 0.331715516794 0.333291724468 0.334846969668 0.335616098346 0.336979305464 0.338923723648 0.34023681091 0.34114510529 0.342351680214 0.345536498523 0.349035225724 0.350415018781 0.348268377671 0.349029509676 0.349895408534 0.350327541432 0.350940479668 0.350804874355 0.350777195564 0.350939791787 0.352838860324 0.357388370052 0.358310069686 0.35964042928 0.360973726114 0.362147468457 0.363076568147
