37.7606216028
37.7606080168
37.7605944307
37.7605808447
37.7605672587
37.7605536726
37.7605400866
37.7605265005
37.7605129145
37.7604993285
37.7604857424
37.7604721564
37.7604585704
37.7604449843
37.7604313983
37.7604178122
37.7604042262
37.7603906402
37.7603770541
37.7603634681
37.7603498821
37.760336296
37.76032271
37.7603091239
37.7602955379
37.7602819519
37.7602683658
37.7602547798
37.7602411938
37.7602276077
37.7606187182
37.7606051322
37.7605915461
37.7605779601
37.7605643741
37.760550788
37.760537202
37.760523616
37.7605100299
37.7604964439
37.7604828578
37.7604692718
37.7604556858
37.7604420997
37.7604285137
37.7604149277
37.7604013416
37.7603877556
37.7603741695
37.7603605835
37.7603469975
37.7603334114
37.7603198254
37.7603062394
37.7602926533
37.7602790673
37.7602654812
37.7602518952
37.7602383092
37.7602247231
37.7606158336
37.7606022476
37.7605886616
37.7605750755
37.7605614895
37.7605479034
37.7605343174
37.7605207314
37.7605071453
37.7604935593
37.7604799733
37.7604663872
37.7604528012
37.7604392151
37.7604256291
37.7604120431
37.760398457
37.760384871
37.760371285
37.7603576989
37.7603441129
37.7603305268
37.7603169408
37.7603033548
37.7602897687
37.7602761827
37.7602625967
37.7602490106
37.7602354246
37.7602218385
37.760612949
37.760599363
37.760585777
37.7605721909
37.7605586049
37.7605450189
37.7605314328
37.7605178468
37.7605042607
37.7604906747
37.7604770887
37.7604635026
37.7604499166
37.7604363306
37.7604227445
37.7604091585
37.7603955724
37.7603819864
37.7603684004
37.7603548143
37.7603412283
37.7603276423
37.7603140562
37.7603004702
37.7602868841
37.7602732981
37.7602597121
37.760246126
37.76023254
37.760218954
37.7606100645
37.7605964784
37.7605828924
37.7605693063
37.7605557203
37.7605421343
37.7605285482
37.7605149622
37.7605013762
37.7604877901
37.7604742041
37.760460618
37.760447032
37.760433446
37.7604198599
37.7604062739
37.7603926879
37.7603791018
37.7603655158
37.7603519297
37.7603383437
37.7603247577
37.7603111716
37.7602975856
37.7602839996
37.7602704135
37.7602568275
37.7602432414
37.7602296554
37.7602160694
37.7606071799
37.7605935938
37.7605800078
37.7605664218
37.7605528357
37.7605392497
37.7605256636
37.7605120776
37.7604984916
37.7604849055
37.7604713195
37.7604577335
37.7604441474
37.7604305614
37.7604169754
37.7604033893
37.7603898033
37.7603762172
37.7603626312
37.7603490452
37.7603354591
37.7603218731
37.7603082871
37.760294701
37.760281115
37.7602675289
37.7602539429
37.7602403569
37.7602267708
37.7602131848
37.7606042953
37.7605907093
37.7605771232
37.7605635372
37.7605499511
37.7605363651
37.7605227791
37.760509193
37.760495607
37.760482021
37.7604684349
37.7604548489
37.7604412628
37.7604276768
37.7604140908
37.7604005047
37.7603869187
37.7603733327
37.7603597466
37.7603461606
37.7603325745
37.7603189885
37.7603054025
37.7602918164
37.7602782304
37.7602646444
37.7602510583
37.7602374723
37.7602238862
37.7602103002
37.7606014107
37.7605878247
37.7605742386
37.7605606526
37.7605470666
37.7605334805
37.7605198945
37.7605063084
37.7604927224
37.7604791364
37.7604655503
37.7604519643
37.7604383783
37.7604247922
37.7604112062
37.7603976201
37.7603840341
37.7603704481
37.760356862
37.760343276
37.76032969
37.7603161039
37.7603025179
37.7602889318
37.7602753458
37.7602617598
37.7602481737
37.7602345877
37.7602210017
37.7602074156
37.7605985261
37.7605849401
37.760571354
37.760557768
37.760544182
37.7605305959
37.7605170099
37.7605034239
37.7604898378
37.7604762518
37.7604626657
37.7604490797
37.7604354937
37.7604219076
37.7604083216
37.7603947356
37.7603811495
37.7603675635
37.7603539774
37.7603403914
37.7603268054
37.7603132193
37.7602996333
37.7602860473
37.7602724612
37.7602588752
37.7602452891
37.7602317031
37.7602181171
37.760204531
37.7605956415
37.7605820555
37.7605684695
37.7605548834
37.7605412974
37.7605277113
37.7605141253
37.7605005393
37.7604869532
37.7604733672
37.7604597812
37.7604461951
37.7604326091
37.760419023
37.760405437
37.760391851
37.7603782649
37.7603646789
37.7603510929
37.7603375068
37.7603239208
37.7603103347
37.7602967487
37.7602831627
37.7602695766
37.7602559906
37.7602424046
37.7602288185
37.7602152325
37.7602016464
37.7605927569
37.7605791709
37.7605655849
37.7605519988
37.7605384128
37.7605248268
37.7605112407
37.7604976547
37.7604840686
37.7604704826
37.7604568966
37.7604433105
37.7604297245
37.7604161385
37.7604025524
37.7603889664
37.7603753803
37.7603617943
37.7603482083
37.7603346222
37.7603210362
37.7603074502
37.7602938641
37.7602802781
37.760266692
37.760253106
37.76023952
37.7602259339
37.7602123479
37.7601987619
37.7605898724
37.7605762863
37.7605627003
37.7605491142
37.7605355282
37.7605219422
37.7605083561
37.7604947701
37.7604811841
37.760467598
37.760454012
37.760440426
37.7604268399
37.7604132539
37.7603996678
37.7603860818
37.7603724958
37.7603589097
37.7603453237
37.7603317377
37.7603181516
37.7603045656
37.7602909795
37.7602773935
37.7602638075
37.7602502214
37.7602366354
37.7602230494
37.7602094633
37.7601958773
37.7605869878
37.7605734017
37.7605598157
37.7605462297
37.7605326436
37.7605190576
37.7605054716
37.7604918855
37.7604782995
37.7604647134
37.7604511274
37.7604375414
37.7604239553
37.7604103693
37.7603967833
37.7603831972
37.7603696112
37.7603560251
37.7603424391
37.7603288531
37.760315267
37.760301681
37.760288095
37.7602745089
37.7602609229
37.7602473368
37.7602337508
37.7602201648
37.7602065787
37.7601929927
37.7605841032
37.7605705172
37.7605569311
37.7605433451
37.760529759
37.760516173
37.760502587
37.7604890009
37.7604754149
37.7604618289
37.7604482428
37.7604346568
37.7604210707
37.7604074847
37.7603938987
37.7603803126
37.7603667266
37.7603531406
37.7603395545
37.7603259685
37.7603123824
37.7602987964
37.7602852104
37.7602716243
37.7602580383
37.7602444523
37.7602308662
37.7602172802
37.7602036941
37.7601901081
37.7605812186
37.7605676326
37.7605540465
37.7605404605
37.7605268745
37.7605132884
37.7604997024
37.7604861163
37.7604725303
37.7604589443
37.7604453582
37.7604317722
37.7604181862
37.7604046001
37.7603910141
37.760377428
37.760363842
37.760350256
37.7603366699
37.7603230839
37.7603094979
37.7602959118
37.7602823258
37.7602687397
37.7602551537
37.7602415677
37.7602279816
37.7602143956
37.7602008096
37.7601872235
37.760578334
37.760564748
37.7605511619
37.7605375759
37.7605239899
37.7605104038
37.7604968178
37.7604832318
37.7604696457
37.7604560597
37.7604424736
37.7604288876
37.7604153016
37.7604017155
37.7603881295
37.7603745435
37.7603609574
37.7603473714
37.7603337853
37.7603201993
37.7603066133
37.7602930272
37.7602794412
37.7602658552
37.7602522691
37.7602386831
37.760225097
37.760211511
37.760197925
37.7601843389
37.7605754494
37.7605618634
37.7605482774
37.7605346913
37.7605211053
37.7605075192
37.7604939332
37.7604803472
37.7604667611
37.7604531751
37.7604395891
37.760426003
37.760412417
37.7603988309
37.7603852449
37.7603716589
37.7603580728
37.7603444868
37.7603309008
37.7603173147
37.7603037287
37.7602901426
37.7602765566
37.7602629706
37.7602493845
37.7602357985
37.7602222125
37.7602086264
37.7601950404
37.7601814544
37.7605725648
37.7605589788
37.7605453928
37.7605318067
37.7605182207
37.7605046347
37.7604910486
37.7604774626
37.7604638766
37.7604502905
37.7604367045
37.7604231184
37.7604095324
37.7603959464
37.7603823603
37.7603687743
37.7603551883
37.7603416022
37.7603280162
37.7603144301
37.7603008441
37.7602872581
37.760273672
37.760260086
37.7602465
37.7602329139
37.7602193279
37.7602057418
37.7601921558
37.7601785698
37.7605696803
37.7605560942
37.7605425082
37.7605289222
37.7605153361
37.7605017501
37.760488164
37.760474578
37.760460992
37.7604474059
37.7604338199
37.7604202339
37.7604066478
37.7603930618
37.7603794757
37.7603658897
37.7603523037
37.7603387176
37.7603251316
37.7603115456
37.7602979595
37.7602843735
37.7602707874
37.7602572014
37.7602436154
37.7602300293
37.7602164433
37.7602028573
37.7601892712
37.7601756852
37.7605667957
37.7605532096
37.7605396236
37.7605260376
37.7605124515
37.7604988655
37.7604852795
37.7604716934
37.7604581074
37.7604445213
37.7604309353
37.7604173493
37.7604037632
37.7603901772
37.7603765912
37.7603630051
37.7603494191
37.760335833
37.760322247
37.760308661
37.7602950749
37.7602814889
37.7602679029
37.7602543168
37.7602407308
37.7602271447
37.7602135587
37.7601999727
37.7601863866
37.7601728006
37.7605639111
37.7605503251
37.760536739
37.760523153
37.7605095669
37.7604959809
37.7604823949
37.7604688088
37.7604552228
37.7604416368
37.7604280507
37.7604144647
37.7604008786
37.7603872926
37.7603737066
37.7603601205
37.7603465345
37.7603329485
37.7603193624
37.7603057764
37.7602921903
37.7602786043
37.7602650183
37.7602514322
37.7602378462
37.7602242602
37.7602106741
37.7601970881
37.760183502
37.760169916
37.7605610265
37.7605474405
37.7605338544
37.7605202684
37.7605066824
37.7604930963
37.7604795103
37.7604659242
37.7604523382
37.7604387522
37.7604251661
37.7604115801
37.7603979941
37.760384408
37.760370822
37.7603572359
37.7603436499
37.7603300639
37.7603164778
37.7603028918
37.7602893058
37.7602757197
37.7602621337
37.7602485476
37.7602349616
37.7602213756
37.7602077895
37.7601942035
37.7601806175
37.7601670314
37.7605581419
37.7605445559
37.7605309698
37.7605173838
37.7605037978
37.7604902117
37.7604766257
37.7604630397
37.7604494536
37.7604358676
37.7604222815
37.7604086955
37.7603951095
37.7603815234
37.7603679374
37.7603543514
37.7603407653
37.7603271793
37.7603135932
37.7603000072
37.7602864212
37.7602728351
37.7602592491
37.7602456631
37.760232077
37.760218491
37.760204905
37.7601913189
37.7601777329
37.7601641468
37.7605552573
37.7605416713
37.7605280853
37.7605144992
37.7605009132
37.7604873271
37.7604737411
37.7604601551
37.760446569
37.760432983
37.760419397
37.7604058109
37.7603922249
37.7603786389
37.7603650528
37.7603514668
37.7603378807
37.7603242947
37.7603107087
37.7602971226
37.7602835366
37.7602699506
37.7602563645
37.7602427785
37.7602291924
37.7602156064
37.7602020204
37.7601884343
37.7601748483
37.7601612623
37.7605523728
37.7605387867
37.7605252007
37.7605116146
37.7604980286
37.7604844426
37.7604708565
37.7604572705
37.7604436845
37.7604300984
37.7604165124
37.7604029263
37.7603893403
37.7603757543
37.7603621682
37.7603485822
37.7603349962
37.7603214101
37.7603078241
37.760294238
37.760280652
37.760267066
37.7602534799
37.7602398939
37.7602263079
37.7602127218
37.7601991358
37.7601855497
37.7601719637
37.7601583777
37.7605494882
37.7605359021
37.7605223161
37.7605087301
37.760495144
37.760481558
37.7604679719
37.7604543859
37.7604407999
37.7604272138
37.7604136278
37.7604000418
37.7603864557
37.7603728697
37.7603592836
37.7603456976
37.7603321116
37.7603185255
37.7603049395
37.7602913535
37.7602777674
37.7602641814
37.7602505953
37.7602370093
37.7602234233
37.7602098372
37.7601962512
37.7601826652
37.7601690791
37.7601554931
37.7605466036
37.7605330175
37.7605194315
37.7605058455
37.7604922594
37.7604786734
37.7604650874
37.7604515013
37.7604379153
37.7604243292
37.7604107432
37.7603971572
37.7603835711
37.7603699851
37.7603563991
37.760342813
37.760329227
37.7603156409
37.7603020549
37.7602884689
37.7602748828
37.7602612968
37.7602477108
37.7602341247
37.7602205387
37.7602069526
37.7601933666
37.7601797806
37.7601661945
37.7601526085
37.760543719
37.760530133
37.7605165469
37.7605029609
37.7604893748
37.7604757888
37.7604622028
37.7604486167
37.7604350307
37.7604214447
37.7604078586
37.7603942726
37.7603806865
37.7603671005
37.7603535145
37.7603399284
37.7603263424
37.7603127564
37.7602991703
37.7602855843
37.7602719982
37.7602584122
37.7602448262
37.7602312401
37.7602176541
37.7602040681
37.760190482
37.760176896
37.7601633099
37.7601497239
37.7605408344
37.7605272484
37.7605136623
37.7605000763
37.7604864903
37.7604729042
37.7604593182
37.7604457321
37.7604321461
37.7604185601
37.760404974
37.760391388
37.760377802
37.7603642159
37.7603506299
37.7603370438
37.7603234578
37.7603098718
37.7602962857
37.7602826997
37.7602691137
37.7602555276
37.7602419416
37.7602283556
37.7602147695
37.7602011835
37.7601875974
37.7601740114
37.7601604254
37.7601468393
37.7605379498
37.7605243638
37.7605107777
37.7604971917
37.7604836057
37.7604700196
37.7604564336
37.7604428476
37.7604292615
37.7604156755
37.7604020895
37.7603885034
37.7603749174
37.7603613313
37.7603477453
37.7603341593
37.7603205732
37.7603069872
37.7602934012
37.7602798151
37.7602662291
37.760252643
37.760239057
37.760225471
37.7602118849
37.7601982989
37.7601847129
37.7601711268
37.7601575408
37.7601439547
