109.392530147
109.392447841
109.392365535
109.392283229
109.392200923
109.392118617
109.392036311
109.391954005
109.391871699
109.391789393
109.391707087
109.391624781
109.391542475
109.391460169
109.391377863
109.391295557
109.391213251
109.391130946
109.39104864
109.390966334
109.390884028
109.390801722
109.390719416
109.39063711
109.390554804
109.390472498
109.390390192
109.390307886
109.39022558
109.390143274
109.390060968
109.389978662
109.389896356
109.38981405
109.389731744
109.389649438
109.389567132
109.389484826
109.38940252
109.389320214
