37.7618587292
37.7619238333
37.7619889375
37.7620540417
37.7621191458
37.76218425
37.7622493542
37.7623144583
37.7623795625
37.7624446667
37.7625097708
37.762574875
37.7626399792
37.7627050833
37.7627701875
37.7628352917
37.7629003958
37.7629655
37.7630306042
37.7630957083
37.7631608125
37.7632259167
37.7632910208
37.763356125
37.7634212292
37.7634863333
37.7635514375
37.7636165417
37.7636816458
37.76374675
37.7638118542
37.7638769583
37.7639420625
37.7640071667
37.7640722708
37.764137375
37.7642024792
37.7642675833
37.7643326875
37.7643977917
