109.396389825
109.396393473
109.396397121
109.396400769
109.396404417
109.396408066
109.396411714
109.396415362
109.39641901
109.396422658
109.396426306
109.396429955
109.396433603
109.396437251
109.396440899
109.396444547
109.396448195
109.396451844
109.396455492
109.39645914
109.396462788
109.396466436
109.396470084
109.396473733
109.396477381
109.396481029
109.396484677
109.396488325
109.396491973
109.396495622
109.396372642
109.39637629
109.396379939
109.396383587
109.396387235
109.396390883
109.396394531
109.396398179
109.396401828
109.396405476
109.396409124
109.396412772
109.39641642
109.396420068
109.396423717
109.396427365
109.396431013
109.396434661
109.396438309
109.396441957
109.396445606
109.396449254
109.396452902
109.39645655
109.396460198
109.396463847
109.396467495
109.396471143
109.396474791
109.396478439
109.39635546
109.396359108
109.396362756
109.396366404
109.396370052
109.396373701
109.396377349
109.396380997
109.396384645
109.396388293
109.396391942
109.39639559
109.396399238
109.396402886
109.396406534
109.396410182
109.396413831
109.396417479
109.396421127
109.396424775
109.396428423
109.396432071
109.39643572
109.396439368
109.396443016
109.396446664
109.396450312
109.39645396
109.396457609
109.396461257
109.396338277
109.396341926
109.396345574
109.396349222
109.39635287
109.396356518
109.396360166
109.396363815
109.396367463
109.396371111
109.396374759
109.396378407
109.396382055
109.396385704
109.396389352
109.396393
109.396396648
109.396400296
109.396403944
109.396407593
109.396411241
109.396414889
109.396418537
109.396422185
109.396425833
109.396429482
109.39643313
109.396436778
109.396440426
109.396444074
109.396321095
109.396324743
109.396328391
109.396332039
109.396335688
109.396339336
109.396342984
109.396346632
109.39635028
109.396353928
109.396357577
109.396361225
109.396364873
109.396368521
109.396372169
109.396375817
109.396379466
109.396383114
109.396386762
109.39639041
109.396394058
109.396397707
109.396401355
109.396405003
109.396408651
109.396412299
109.396415947
109.396419596
109.396423244
109.396426892
109.396303912
109.396307561
109.396311209
109.396314857
109.396318505
109.396322153
109.396325802
109.39632945
109.396333098
109.396336746
109.396340394
109.396344042
109.396347691
109.396351339
109.396354987
109.396358635
109.396362283
109.396365931
109.39636958
109.396373228
109.396376876
109.396380524
109.396384172
109.39638782
109.396391469
109.396395117
109.396398765
109.396402413
109.396406061
109.396409709
109.39628673
109.396290378
109.396294026
109.396297675
109.396301323
109.396304971
109.396308619
109.396312267
109.396315915
109.396319564
109.396323212
109.39632686
109.396330508
109.396334156
109.396337804
109.396341453
109.396345101
109.396348749
109.396352397
109.396356045
109.396359693
109.396363342
109.39636699
109.396370638
109.396374286
109.396377934
109.396381582
109.396385231
109.396388879
109.396392527
109.396269548
109.396273196
109.396276844
109.396280492
109.39628414
109.396287788
109.396291437
109.396295085
109.396298733
109.396302381
109.396306029
109.396309677
109.396313326
109.396316974
109.396320622
109.39632427
109.396327918
109.396331567
109.396335215
109.396338863
109.396342511
109.396346159
109.396349807
109.396353456
109.396357104
109.396360752
109.3963644
109.396368048
109.396371696
109.396375345
109.396252365
109.396256013
109.396259662
109.39626331
109.396266958
109.396270606
109.396274254
109.396277902
109.396281551
109.396285199
109.396288847
109.396292495
109.396296143
109.396299791
109.39630344
109.396307088
109.396310736
109.396314384
109.396318032
109.39632168
109.396325329
109.396328977
109.396332625
109.396336273
109.396339921
109.396343569
109.396347218
109.396350866
109.396354514
109.396358162
109.396235183
109.396238831
109.396242479
109.396246127
109.396249775
109.396253424
109.396257072
109.39626072
109.396264368
109.396268016
109.396271664
109.396275313
109.396278961
109.396282609
109.396286257
109.396289905
109.396293553
109.396297202
109.39630085
109.396304498
109.396308146
109.396311794
109.396315442
109.396319091
109.396322739
109.396326387
109.396330035
109.396333683
109.396337332
109.39634098
109.396218
109.396221648
109.396225297
109.396228945
109.396232593
109.396236241
109.396239889
109.396243537
109.396247186
109.396250834
109.396254482
109.39625813
109.396261778
109.396265427
109.396269075
109.396272723
109.396276371
109.396280019
109.396283667
109.396287316
109.396290964
109.396294612
109.39629826
109.396301908
109.396305556
109.396309205
109.396312853
109.396316501
109.396320149
109.396323797
109.396200818
109.396204466
109.396208114
109.396211762
109.396215411
109.396219059
109.396222707
109.396226355
109.396230003
109.396233651
109.3962373
109.396240948
109.396244596
109.396248244
109.396251892
109.39625554
109.396259189
109.396262837
109.396266485
109.396270133
109.396273781
109.396277429
109.396281078
109.396284726
109.396288374
109.396292022
109.39629567
109.396299318
109.396302967
109.396306615
109.396183635
109.396187284
109.396190932
109.39619458
109.396198228
109.396201876
109.396205524
109.396209173
109.396212821
109.396216469
109.396220117
109.396223765
109.396227413
109.396231062
109.39623471
109.396238358
109.396242006
109.396245654
109.396249302
109.396252951
109.396256599
109.396260247
109.396263895
109.396267543
109.396271192
109.39627484
109.396278488
109.396282136
109.396285784
109.396289432
109.396166453
109.396170101
109.396173749
109.396177397
109.396181046
109.396184694
109.396188342
109.39619199
109.396195638
109.396199287
109.396202935
109.396206583
109.396210231
109.396213879
109.396217527
109.396221176
109.396224824
109.396228472
109.39623212
109.396235768
109.396239416
109.396243065
109.396246713
109.396250361
109.396254009
109.396257657
109.396261305
109.396264954
109.396268602
109.39627225
109.396149271
109.396152919
109.396156567
109.396160215
109.396163863
109.396167511
109.39617116
109.396174808
109.396178456
109.396182104
109.396185752
109.3961894
109.396193049
109.396196697
109.396200345
109.396203993
109.396207641
109.396211289
109.396214938
109.396218586
109.396222234
109.396225882
109.39622953
109.396233178
109.396236827
109.396240475
109.396244123
109.396247771
109.396251419
109.396255067
109.396132088
109.396135736
109.396139384
109.396143033
109.396146681
109.396150329
109.396153977
109.396157625
109.396161273
109.396164922
109.39616857
109.396172218
109.396175866
109.396179514
109.396183162
109.396186811
109.396190459
109.396194107
109.396197755
109.396201403
109.396205052
109.3962087
109.396212348
109.396215996
109.396219644
109.396223292
109.396226941
109.396230589
109.396234237
109.396237885
109.396114906
109.396118554
109.396122202
109.39612585
109.396129498
109.396133147
109.396136795
109.396140443
109.396144091
109.396147739
109.396151387
109.396155036
109.396158684
109.396162332
109.39616598
109.396169628
109.396173276
109.396176925
109.396180573
109.396184221
109.396187869
109.396191517
109.396195165
109.396198814
109.396202462
109.39620611
109.396209758
109.396213406
109.396217054
109.396220703
109.396097723
109.396101371
109.39610502
109.396108668
109.396112316
109.396115964
109.396119612
109.39612326
109.396126909
109.396130557
109.396134205
109.396137853
109.396141501
109.396145149
109.396148798
109.396152446
109.396156094
109.396159742
109.39616339
109.396167038
109.396170687
109.396174335
109.396177983
109.396181631
109.396185279
109.396188927
109.396192576
109.396196224
109.396199872
109.39620352
109.396080541
109.396084189
109.396087837
109.396091485
109.396095133
109.396098782
109.39610243
109.396106078
109.396109726
109.396113374
109.396117022
109.396120671
109.396124319
109.396127967
109.396131615
109.396135263
109.396138912
109.39614256
109.396146208
109.396149856
109.396153504
109.396157152
109.396160801
109.396164449
109.396168097
109.396171745
109.396175393
109.396179041
109.39618269
109.396186338
109.396063358
109.396067007
109.396070655
109.396074303
109.396077951
109.396081599
109.396085247
109.396088896
109.396092544
109.396096192
109.39609984
109.396103488
109.396107136
109.396110785
109.396114433
109.396118081
109.396121729
109.396125377
109.396129025
109.396132674
109.396136322
109.39613997
109.396143618
109.396147266
109.396150914
109.396154563
109.396158211
109.396161859
109.396165507
109.396169155
109.396046176
109.396049824
109.396053472
109.39605712
109.396060769
109.396064417
109.396068065
109.396071713
109.396075361
109.396079009
109.396082658
109.396086306
109.396089954
109.396093602
109.39609725
109.396100898
109.396104547
109.396108195
109.396111843
109.396115491
109.396119139
109.396122787
109.396126436
109.396130084
109.396133732
109.39613738
109.396141028
109.396144677
109.396148325
109.396151973
109.396028993
109.396032642
109.39603629
109.396039938
109.396043586
109.396047234
109.396050882
109.396054531
109.396058179
109.396061827
109.396065475
109.396069123
109.396072772
109.39607642
109.396080068
109.396083716
109.396087364
109.396091012
109.396094661
109.396098309
109.396101957
109.396105605
109.396109253
109.396112901
109.39611655
109.396120198
109.396123846
109.396127494
109.396131142
109.39613479
109.396011811
109.396015459
109.396019107
109.396022756
109.396026404
109.396030052
109.3960337
109.396037348
109.396040996
109.396044645
109.396048293
109.396051941
109.396055589
109.396059237
109.396062885
109.396066534
109.396070182
109.39607383
109.396077478
109.396081126
109.396084774
109.396088423
109.396092071
109.396095719
109.396099367
109.396103015
109.396106663
109.396110312
109.39611396
109.396117608
109.395994629
109.395998277
109.396001925
109.396005573
109.396009221
109.396012869
109.396016518
109.396020166
109.396023814
109.396027462
109.39603111
109.396034758
109.396038407
109.396042055
109.396045703
109.396049351
109.396052999
109.396056647
109.396060296
109.396063944
109.396067592
109.39607124
109.396074888
109.396078537
109.396082185
109.396085833
109.396089481
109.396093129
109.396096777
109.396100426
109.395977446
109.395981094
109.395984742
109.395988391
109.395992039
109.395995687
109.395999335
109.396002983
109.396006632
109.39601028
109.396013928
109.396017576
109.396021224
109.396024872
109.396028521
109.396032169
109.396035817
109.396039465
109.396043113
109.396046761
109.39605041
109.396054058
109.396057706
109.396061354
109.396065002
109.39606865
109.396072299
109.396075947
109.396079595
109.396083243
109.395960264
109.395963912
109.39596756
109.395971208
109.395974856
109.395978505
109.395982153
109.395985801
109.395989449
109.395993097
109.395996745
109.396000394
109.396004042
109.39600769
109.396011338
109.396014986
109.396018634
109.396022283
109.396025931
109.396029579
109.396033227
109.396036875
109.396040523
109.396044172
109.39604782
109.396051468
109.396055116
109.396058764
109.396062412
109.396066061
109.395943081
109.395946729
109.395950378
109.395954026
109.395957674
109.395961322
109.39596497
109.395968618
109.395972267
109.395975915
109.395979563
109.395983211
109.395986859
109.395990507
109.395994156
109.395997804
109.396001452
109.3960051
109.396008748
109.396012397
109.396016045
109.396019693
109.396023341
109.396026989
109.396030637
109.396034286
109.396037934
109.396041582
109.39604523
109.396048878
109.395925899
109.395929547
109.395933195
109.395936843
109.395940492
109.39594414
109.395947788
109.395951436
109.395955084
109.395958732
109.395962381
109.395966029
109.395969677
109.395973325
109.395976973
109.395980621
109.39598427
109.395987918
109.395991566
109.395995214
109.395998862
109.39600251
109.396006159
109.396009807
109.396013455
109.396017103
109.396020751
109.396024399
109.396028048
109.396031696
109.395908716
109.395912365
109.395916013
109.395919661
109.395923309
109.395926957
109.395930605
109.395934254
109.395937902
109.39594155
109.395945198
109.395948846
109.395952494
109.395956143
109.395959791
109.395963439
109.395967087
109.395970735
109.395974383
109.395978032
109.39598168
109.395985328
109.395988976
109.395992624
109.395996272
109.395999921
109.396003569
109.396007217
109.396010865
109.396014513
109.395891534
109.395895182
109.39589883
109.395902478
109.395906127
109.395909775
109.395913423
109.395917071
109.395920719
109.395924367
109.395928016
109.395931664
109.395935312
109.39593896
109.395942608
109.395946257
109.395949905
109.395953553
109.395957201
109.395960849
109.395964497
109.395968146
109.395971794
109.395975442
109.39597909
109.395982738
109.395986386
109.395990035
109.395993683
109.395997331
