37.7502050833
37.7502864635
37.7503678438
37.750449224
37.7505306042
37.7506119844
37.7506933646
37.7507747448
37.750856125
37.7509375052
37.7510188854
37.7511002656
37.7511816458
37.751263026
37.7513444063
37.7514257865
37.7515071667
37.7515885469
37.7516699271
37.7517513073
37.7518326875
37.7519140677
37.7519954479
37.7520768281
37.7521582083
37.7522395885
37.7523209688
37.752402349
37.7524837292
37.7525651094
37.7526464896
37.7527278698
37.75280925
37.7528906302
37.7529720104
37.7530533906
37.7531347708
37.753216151
37.7532975313
37.7533789115
37.7534602917
37.7535416719
37.7536230521
37.7537044323
37.7537858125
37.7538671927
37.7539485729
37.7540299531
37.7541113333
37.7541927135
