37.7628434297
37.7628597057
37.7628759818
37.7628922578
37.7629085339
37.7629248099
37.7629410859
37.762957362
37.762973638
37.7629899141
37.7630061901
37.7630224661
37.7630387422
37.7630550182
37.7630712943
37.7630875703
37.7631038464
37.7631201224
37.7631363984
37.7631526745
37.7631689505
37.7631852266
37.7632015026
37.7632177786
37.7632340547
37.7632503307
37.7632666068
37.7632828828
37.7632991589
37.7633154349
37.7633317109
37.763347987
37.763364263
37.7633805391
37.7633968151
37.7634130911
37.7634293672
37.7634456432
37.7634619193
37.7634781953
