-11.7690903333
-11.7690203464
-11.7689503594
-11.7688803724
-11.7688103854
-11.7687403984
-11.7686704115
-11.7686004245
-11.7685304375
-11.7684604505
-11.7683904635
-11.7683204766
-11.7682504896
-11.7681805026
-11.7681105156
-11.7680405286
-11.7679705417
-11.7679005547
-11.7678305677
-11.7677605807
-11.7676905937
-11.7676206068
-11.7675506198
-11.7674806328
-11.7674106458
-11.7673406589
-11.7672706719
-11.7672006849
-11.7671306979
-11.7670607109
-11.766990724
-11.766920737
-11.76685075
-11.766780763
-11.766710776
-11.7666407891
-11.7665708021
-11.7665008151
-11.7664308281
-11.7663608411
-11.7662908542
-11.7662208672
-11.7661508802
-11.7660808932
-11.7660109062
-11.7659409193
-11.7658709323
-11.7658009453
-11.7657309583
-11.7656609714
-11.7655909844
-11.7655209974
-11.7654510104
-11.7653810234
-11.7653110365
-11.7652410495
-11.7651710625
-11.7651010755
-11.7650310885
-11.7649611016
-11.7648911146
-11.7648211276
-11.7647511406
-11.7646811536
-11.7646111667
-11.7645411797
-11.7644711927
-11.7644012057
-11.7643312187
-11.7642612318
-11.7641912448
-11.7641212578
-11.7640512708
-11.7639812839
-11.7639112969
-11.7638413099
-11.7637713229
-11.7637013359
-11.763631349
-11.763561362
-11.763491375
-11.763421388
-11.763351401
-11.7632814141
-11.7632114271
-11.7631414401
-11.7630714531
-11.7630014661
-11.7629314792
-11.7628614922
-11.7627915052
-11.7627215182
-11.7626515312
-11.7625815443
-11.7625115573
-11.7624415703
-11.7623715833
-11.7623015964
-11.7622316094
-11.7621616224
-11.7620916354
-11.7620216484
-11.7619516615
-11.7618816745
-11.7618116875
-11.7617417005
-11.7616717135
-11.7616017266
-11.7615317396
-11.7614617526
-11.7613917656
-11.7613217786
-11.7612517917
-11.7611818047
-11.7611118177
-11.7610418307
-11.7609718437
-11.7609018568
-11.7608318698
-11.7607618828
-11.7606918958
-11.7606219089
-11.7605519219
-11.7604819349
-11.7604119479
-11.7603419609
-11.760271974
-11.760201987
-11.760132
-11.760062013
-11.759992026
-11.7599220391
-11.7598520521
-11.7597820651
-11.7597120781
-11.7596420911
-11.7595721042
-11.7595021172
-11.7594321302
-11.7593621432
-11.7592921562
-11.7592221693
-11.7591521823
-11.7590821953
-11.7590122083
-11.7589422214
-11.7588722344
-11.7588022474
-11.7587322604
-11.7586622734
-11.7585922865
-11.7585222995
-11.7584523125
-11.7583823255
-11.7583123385
-11.7582423516
-11.7581723646
-11.7581023776
-11.7580323906
-11.7579624036
-11.7578924167
-11.7578224297
-11.7577524427
-11.7576824557
-11.7576124687
-11.7575424818
-11.7574724948
-11.7574025078
-11.7573325208
-11.7572625339
-11.7571925469
-11.7571225599
-11.7570525729
-11.7569825859
-11.756912599
-11.756842612
-11.756772625
-11.756702638
-11.756632651
-11.7565626641
-11.7564926771
-11.7564226901
-11.7563527031
-11.7562827161
-11.7562127292
-11.7561427422
-11.7560727552
-11.7560027682
-11.7559327812
-11.7558627943
-11.7557928073
-11.7557228203
-11.7556528333
-11.7555828464
-11.7555128594
-11.7554428724
-11.7553728854
-11.7553028984
-11.7552329115
-11.7551629245
-11.7550929375
-11.7550229505
-11.7549529635
-11.7548829766
-11.7548129896
-11.7547430026
-11.7546730156
-11.7546030286
-11.7545330417
-11.7544630547
-11.7543930677
-11.7543230807
-11.7542530937
-11.7541831068
-11.7541131198
-11.7540431328
-11.7539731458
-11.7539031589
-11.7538331719
-11.7537631849
-11.7536931979
-11.7536232109
-11.753553224
-11.753483237
-11.75341325
-11.753343263
-11.753273276
-11.7532032891
-11.7531333021
-11.7530633151
