206.880258808
206.880187311
206.880115814
206.880044317
206.87997282
206.879901324
206.879829827
206.87975833
206.879686833
206.879615336
206.879543839
206.879472342
206.879400845
206.879329349
206.879257852
206.879186355
206.879114858
206.879043361
206.878971864
206.878900367
206.878828871
206.878757374
206.878685877
206.87861438
206.878542883
206.878471386
206.878399889
206.878328392
206.878256896
206.878185399
206.878113902
206.878042405
206.877970908
206.877899411
206.877827914
206.877756418
206.877684921
206.877613424
206.877541927
206.87747043
206.877398933
206.877327436
206.877255939
206.877184443
206.877112946
206.877041449
206.876969952
206.876898455
206.876826958
206.876755461
206.876683965
206.876612468
206.876540971
206.876469474
206.876397977
206.87632648
206.876254983
206.876183487
206.87611199
206.876040493
206.875968996
206.875897499
206.875826002
206.875754505
206.875683008
206.875611512
206.875540015
206.875468518
206.875397021
206.875325524
206.875254027
206.87518253
206.875111034
206.875039537
206.87496804
206.874896543
206.874825046
206.874753549
206.874682052
206.874610555
206.874539059
206.874467562
206.874396065
206.874324568
206.874253071
206.874181574
206.874110077
206.874038581
206.873967084
206.873895587
206.87382409
206.873752593
206.873681096
206.873609599
206.873538102
206.873466606
206.873395109
206.873323612
206.873252115
206.873180618
206.873109121
206.873037624
206.872966128
206.872894631
206.872823134
206.872751637
206.87268014
206.872608643
206.872537146
206.87246565
206.872394153
206.872322656
206.872251159
206.872179662
206.872108165
206.872036668
206.871965171
206.871893675
206.871822178
206.871750681
206.871679184
206.871607687
206.87153619
206.871464693
206.871393197
206.8713217
206.871250203
206.871178706
206.871107209
206.871035712
206.870964215
206.870892718
206.870821222
206.870749725
206.870678228
206.870606731
206.870535234
206.870463737
206.87039224
206.870320744
206.870249247
206.87017775
206.870106253
206.870034756
206.869963259
206.869891762
206.869820266
206.869748769
206.869677272
206.869605775
206.869534278
206.869462781
206.869391284
206.869319787
206.869248291
206.869176794
206.869105297
206.8690338
206.868962303
206.868890806
206.868819309
206.868747813
206.868676316
206.868604819
206.868533322
206.868461825
206.868390328
206.868318831
206.868247334
206.868175838
206.868104341
206.868032844
206.867961347
206.86788985
206.867818353
206.867746856
206.86767536
206.867603863
206.867532366
206.867460869
206.867389372
206.867317875
206.867246378
206.867174881
206.867103385
206.867031888
206.866960391
206.866888894
206.866817397
206.8667459
206.866674403
206.866602907
206.86653141
206.866459913
206.866388416
206.866316919
206.866245422
206.866173925
206.866102429
206.866030932
206.865959435
206.865887938
206.865816441
206.865744944
206.865673447
206.86560195
206.865530454
206.865458957
206.86538746
206.865315963
206.865244466
206.865172969
206.865101472
206.865029976
206.864958479
206.864886982
206.864815485
206.864743988
206.864672491
206.864600994
206.864529497
206.864458001
206.864386504
206.864315007
206.86424351
206.864172013
206.864100516
206.864029019
206.863957523
206.863886026
