109.390801722
109.390719416
109.39063711
109.390554804
109.390472498
109.390390192
109.390307886
109.39022558
109.390143274
109.390060968
109.389978662
109.389896356
109.38981405
109.389731744
109.389649438
109.389567132
109.389484826
109.38940252
109.389320214
109.389237908
109.389155602
109.389073296
109.38899099
109.388908684
109.388826378
109.388744072
109.388661766
109.38857946
109.388497154
109.388414848
109.388332542
109.388250236
109.38816793
109.388085624
109.388003319
109.387921013
109.387838707
109.387756401
109.387674095
109.387591789
109.387509483
109.387427177
109.387344871
109.387262565
109.387180259
109.387097953
109.387015647
109.386933341
109.386851035
109.386768729
