37.7505957083
37.7506608125
37.7507259167
37.7507910208
37.750856125
37.7509212292
37.7509863333
37.7510514375
37.7511165417
37.7511816458
37.75124675
37.7513118542
37.7513769583
37.7514420625
37.7515071667
37.7515722708
37.751637375
37.7517024792
37.7517675833
37.7518326875
37.7518977917
37.7519628958
37.752028
37.7520931042
37.7521582083
37.7522233125
37.7522884167
37.7523535208
37.752418625
37.7524837292
37.7525488333
37.7526139375
37.7526790417
37.7527441458
37.75280925
37.7528743542
37.7529394583
37.7530045625
37.7530696667
37.7531347708
37.753199875
37.7532649792
37.7533300833
37.7533951875
37.7534602917
37.7535253958
37.7535905
37.7536556042
37.7537207083
37.7537858125
