0.255499809321 0.255027186865 0.255402207578 0.25876699383 0.26021970485 0.26144471925 0.260787133613 0.261080756291 0.263138112307 0.262236524941 0.264190071308 0.265016663949 0.265801885451 0.267805964366 0.269436800554 0.271289908107 0.2726088513 0.273531879678 0.274661971857 0.275614290428 0.275149418619 0.275947759763 0.275130619993 0.275926093879 0.27674214414 0.277578770775 0.281352437578 0.285757950693 0.287259891439 0.288805041509
0.25330883066 0.253960357163 0.254007480256 0.257304014671 0.26009437914 0.26137062363 0.262082092696 0.260454151213 0.261460981206 0.26295247173 0.264869624808 0.265326568327 0.266283389866 0.26732427459 0.269705496767 0.270833553704 0.27151578241 0.272781667353 0.274026037269 0.273790090187 0.272359424434 0.27270919327 0.275193506406 0.276075624892 0.280432668366 0.280540890535 0.28406703952 0.285559263442 0.286665191309 0.288218643438
0.25246429979 0.252371269087 0.255876926319 0.256755418201 0.259532525551 0.259563454328 0.260484045834 0.260029533771 0.260499145846 0.262283352944 0.264062956701 0.264757014579 0.266348715893 0.267608689434 0.268948661727 0.270246017602 0.270481443573 0.271087382646 0.271815881472 0.271790497918 0.272268181614 0.276568740445 0.27784094309 0.279053374364 0.280130479168 0.281445048008 0.282791529912 0.285051046384 0.286597904825 0.288184875929
0.250726385543 0.252944322942 0.254576948632 0.256086760752 0.257801907206 0.25819557078 0.259299891155 0.258541665601 0.261034923715 0.262174597448 0.263833037946 0.264828371122 0.266040758781 0.267417007925 0.268801441184 0.269982859972 0.270887706781 0.272139464537 0.272785768371 0.273749578987 0.274966554885 0.276214847171 0.277402530118 0.278692696453 0.280023323378 0.281385863368 0.283398596148 0.284938860901 0.286519238317 0.288333310395
0.250865309675 0.252818780491 0.253655948669 0.255052798434 0.255907690225 0.256821836535 0.258088770164 0.258902145894 0.260518885237 0.261447542207 0.263545902789 0.264330674513 0.265520738496 0.266806388548 0.267628647675 0.268614053846 0.269853927306 0.27098459818 0.272161331286 0.273329053939 0.274583805631 0.275980496068 0.277177275815 0.278523960826 0.279902558902 0.281707840602 0.283241511666 0.284815295394 0.286513582446 0.288229800937
0.251734707939 0.253287499194 0.25283459794 0.252834200095 0.255818192604 0.257687086062 0.258305738486 0.259638733971 0.259747204044 0.261226993635 0.261990773597 0.26414482524 0.264780731016 0.265904623407 0.267516514672 0.268041460922 0.269046598772 0.270249261147 0.271745982047 0.273035484316 0.274389343468 0.274619464647 0.276946960352 0.278341616514 0.279978779746 0.281505857121 0.283073047161 0.284673721451 0.286372080597 0.285178814547
0.251016597032 0.252092486809 0.251582153216 0.25257490288 0.255148404326 0.256153552484 0.257321354732 0.258194735641 0.259056265719 0.260423403694 0.261318222387 0.26326653012 0.264294057817 0.265450656036 0.267209581066 0.267491520474 0.268414665419 0.269624075834 0.271163323112 0.272521606886 0.273619567916 0.274919808988 0.276853792659 0.27831612023 0.279731897266 0.281292493617 0.282813727408 0.282480397899 0.284091559921 0.285762152058
0.250467269613 0.25016784798 0.251796033045 0.252378526085 0.253606815004 0.255604916959 0.256485370151 0.257814885755 0.258956941832 0.259274715293 0.260678676334 0.262542868319 0.263826782142 0.264953049179 0.26678244009 0.266469494517 0.267798389245 0.269267212767 0.270629921164 0.271997659342 0.273313016773 0.274483561715 0.276544309133 0.278049086712 0.279470069664 0.280648501298 0.281244162351 0.281950502797 0.283819825966 0.285792979786
0.250501100039 0.249917510927 0.250957050022 0.251947615624 0.253202018637 0.254833146596 0.255721556815 0.256883334538 0.257902538917 0.259119777874 0.259778318663 0.262017387901 0.263406062114 0.26517852295 0.266356770351 0.26586601327 0.267197770249 0.268714286301 0.269871300963 0.271458975473 0.272852345474 0.274053572342 0.275234176726 0.277335100863 0.278800511575 0.28029179459 0.281246188813 0.282786740259 0.284655303265 0.28691876056
0.247711309561 0.249029744354 0.250214545221 0.251634445295 0.25151744259 0.25383855869 0.255000318387 0.255594807025 0.25763278982 0.25879701046 0.260476408167 0.262552408181 0.262629037851 0.264186945232 0.265731541636 0.265278189202 0.266612808431 0.26790795364 0.26961700005 0.271014554068 0.272096091768 0.273374675717 0.274653748504 0.275972492929 0.277646435481 0.279414004309 0.281250450298 0.283102467735 0.285043980363 0.287074988184
0.246334324598 0.248072836804 0.249494865135 0.250491458565 0.250739165708 0.251924485067 0.253172266092 0.25504369447 0.256841092318 0.258267554284 0.259419149487 0.262071897071 0.263294750629 0.26348823248 0.264120633694 0.264595884922 0.26594199931 0.267166686082 0.268616578044 0.270301236589 0.2716081871 0.273164019366 0.275481223397 0.275837282284 0.277579371532 0.279608302624 0.28144377449 0.283368741549 0.285383203801 0.287487161244
0.245572238698 0.24742889742 0.248656818126 0.2496100404 0.249856175894 0.250964979218 0.252454559745 0.25387988474 0.255696026176 0.258609160091 0.259955368397 0.261381138095 0.262265570253 0.262361807119 0.263439077219 0.263345001359 0.265497274858 0.26668323192 0.268596971411 0.269899480478 0.271302725867 0.27305096579 0.277572446984 0.275711320742 0.277437262061 0.279268881586 0.281206179317 0.283249155254 0.285435111411 0.287569567601
0.245055500518 0.24619749626 0.247438975882 0.248682747249 0.2491576644 0.250234521627 0.251860661066 0.253691605336 0.25543708358 0.257417210918 0.259463415911 0.260958346147 0.261845299289 0.261625341235 0.262428962295 0.263380130365 0.265124939534 0.267068975916 0.268439300273 0.269424910864 0.271281063198 0.272571670172 0.27698267177 0.275573673652 0.277372353591 0.279276711735 0.281286748086 0.282834880983 0.284576437672 0.285290498968
0.244229211063 0.245198007197 0.246510695139 0.247773130084 0.248371322543 0.249583455034 0.251915192036 0.253316157861 0.255301224471 0.256677121437 0.257979681706 0.259533965244 0.260222218472 0.259887429594 0.261151726991 0.262574482985 0.265538069495 0.266922703248 0.268211391603 0.269352197117 0.270689061107 0.273457478112 0.276087161456 0.279803510237 0.276618508251 0.278244117203 0.280602720856 0.281103664137 0.282752579657 0.284436358196
0.243618475867 0.244362783913 0.24560855614 0.247409823093 0.248781484169 0.249990300288 0.251248405136 0.252924316039 0.254691040664 0.255825067806 0.25703196462 0.257150197554 0.258355056693 0.259807877623 0.260135992811 0.261644921598 0.264443960299 0.266310246932 0.268032685598 0.269351724349 0.270609214322 0.272183231587 0.275048592291 0.277661444138 0.277024600469 0.277550983157 0.279140085606 0.280762085353 0.282416982399 0.284626770676
0.242420691291 0.242928041101 0.244048870602 0.246944297562 0.248271498026 0.249023088968 0.250920414865 0.252444378728 0.253867466129 0.2546564801 0.255207349384 0.255829095991 0.256260647453 0.258541359552 0.258647201435 0.262794347983 0.26393066675 0.26566141779 0.267536618888 0.268841005518 0.270379653009 0.272067658457 0.274671072628 0.277120251566 0.276518106637 0.278328442394 0.280193685794 0.282113836836 0.284088895519 0.286118861845
0.240999914464 0.24208654131 0.243579744745 0.245856947425 0.247781643197 0.248174880435 0.249965855873 0.251262266683 0.251895957425 0.253033891096 0.253063052103 0.254332733087 0.25581967527 0.258272263848 0.259294076327 0.261827917377 0.263566067213 0.265009399841 0.266562135183 0.268335922005 0.269874543514 0.271456663812 0.274914205765 0.278158209811 0.276099374037 0.277891124294 0.279778735469 0.281721254286 0.283718680745 0.285771014847
0.239890252104 0.241587060942 0.242735409192 0.245128178654 0.246385423036 0.248048928875 0.249308476902 0.249681721611 0.249533168298 0.250867921005 0.252169924751 0.253748066634 0.255179463613 0.257488338749 0.258761657242 0.261169899366 0.262759712267 0.264587614458 0.266178214515 0.267600673189 0.269265012156 0.270644776934 0.272387560955 0.277677100486 0.275742680044 0.277716532491 0.279771362636 0.281907170478 0.282104308867 0.285388945635
0.239635088149 0.240893329302 0.241922634417 0.244137148222 0.24538245421 0.246742098603 0.247995888361 0.247607095541 0.248830671286 0.250182647516 0.251358122509 0.254652157533 0.256036997367 0.256572206633 0.258975204073 0.259999987572 0.262162083761 0.263932722834 0.26567401019 0.267249537925 0.269018661276 0.270039823937 0.271480840804 0.273098703332 0.27593358929 0.277358980355 0.279440217815 0.281602432972 0.283845625827 0.283658355196
0.238871719946 0.240097158459 0.242071278389 0.243359752151 0.244561788014 0.244959853154 0.24574370899 0.246683220665 0.248149373545 0.249456388629 0.252302688789 0.25394208443 0.255134063057 0.255896007673 0.257862578084 0.259663709395 0.261688757217 0.263156209215 0.265222050928 0.26659723107 0.268394385557 0.269914107259 0.270898082716 0.272350293949 0.273785642447 0.275515717441 0.279422740905 0.281270430007 0.283540030177 0.285890608045
0.238035671842 0.239261312112 0.241275073797 0.24203204242 0.242582364074 0.244228719302 0.244972401009 0.246441944115 0.248916515529 0.249928453422 0.251543941274 0.252978165668 0.253940625138 0.255133691617 0.256744875382 0.259374826224 0.260872583375 0.262546328512 0.264600811683 0.266144959863 0.267655954909 0.269217889907 0.270721633511 0.271512945031 0.272937919384 0.275715292165 0.277565278398 0.281233417779 0.283514929593 0.285584154252
0.237151426705 0.238607547689 0.239306450304 0.240601438143 0.242472055977 0.242765419371 0.244269476793 0.246148968419 0.248202686726 0.249036821476 0.250788182262 0.251799491082 0.253251532205 0.254372196822 0.25593039705 0.258090449594 0.260162420845 0.261863384328 0.263604590322 0.265482643505 0.266999090917 0.268440043737 0.269953474527 0.271441240032 0.272026970035 0.277270023133 0.276726886037 0.27862431649 0.280561927282 0.285517424212
0.236316562107 0.238275574254 0.238663473131 0.239962361767 0.242052268455 0.242053205793 0.245126651517 0.245978134212 0.24702676598 0.248265023361 0.249872385559 0.251125324259 0.252577052164 0.253551040084 0.255094600764 0.257332081108 0.259331103378 0.261119473217 0.262915061251 0.264645417908 0.266301114465 0.267789861108 0.269258381272 0.270601139415 0.272072926822 0.276541216595 0.278748787495 0.277722798215 0.279667672887 0.2816527279
0.235334769909 0.236400706187 0.237693526692 0.240226150769 0.241602350932 0.241540371243 0.243609998285 0.244811556153 0.246185303367 0.247626019586 0.249387533219 0.25095523233 0.2518321302 0.25280573075 0.254337230527 0.256564429785 0.258373267119 0.260418464392 0.26219843743 0.263889128186 0.265612028246 0.267056224562 0.268517270437 0.269926621128 0.271160884572 0.275731198438 0.277962056347 0.280245957163 0.2787030287 0.280695347592
0.234222033847 0.235062809754 0.237063467689 0.239306107717 0.241610038427 0.241578676981 0.243020462531 0.243974417197 0.245417447092 0.246930070117 0.248652367746 0.249525460691 0.251025129066 0.252061380057 0.253580818931 0.25514382265 0.257450590598 0.259113029284 0.26134484932 0.263085776368 0.264837772913 0.266582553195 0.267747973797 0.269181318903 0.270524436646 0.274839968663 0.277094113582 0.279401301407 0.281761532138 0.284174805777
0.232639826899 0.234631758438 0.23645669625 0.238899902739 0.240511652724 0.240452987824 0.242346233103 0.243376172083 0.244708169172 0.246187057842 0.247632137454 0.249425215269 0.249777016685 0.251317988006 0.252825365976 0.254313440123 0.256482364879 0.258145480663 0.260586057152 0.262235362454 0.264016455485 0.265790332252 0.267556992756 0.268376362169 0.269782006507 0.271051827825 0.276144959197 0.278475434031 0.280858951772 0.28329551242
0.231879708108 0.234247458388 0.23538059875 0.238648352421 0.239130562295 0.239684993118 0.24117541381 0.242516485696 0.243294173933 0.245097429366 0.246812095682 0.248016685113 0.249554297876 0.249860841913 0.252070871663 0.253472078825 0.255219324611 0.257132382843 0.258804370707 0.261658871168 0.263148075962 0.264951049215 0.266746806204 0.26853534693 0.268941389678 0.268498249424 0.276850949475 0.277874109855 0.279875159788 0.291546978371
0.230839211429 0.23271850347 0.234348327315 0.238206896577 0.238388095461 0.238932548636 0.240268414454 0.242471185006 0.242384901348 0.244208516254 0.2456046283 0.247070035732 0.248624461498 0.24963877719 0.250477954221 0.252619738756 0.254364085561 0.256073735823 0.257746400785 0.260875584873 0.262769212391 0.264064704082 0.265889557557 0.267707194768 0.269517615716 0.267462775467 0.273993594225 0.284000734411 0.286722930351 0.294898458351
0.23025791881 0.231867720978 0.233370908396 0.237999714777 0.238027940972 0.238195654377 0.2396177035 0.239891883842 0.241781757376 0.243300611679 0.244575297964 0.246081117869 0.247655669431 0.248726149461 0.249471551571 0.251153747457 0.25349786774 0.255650991253 0.256642881665 0.258324418707 0.261983386038 0.263131296854 0.264985246814 0.266014518712 0.267445136428 0.268827896452 0.281849441456 0.28841265975 0.292392898885 0.296499084755
0.229572876827 0.230544836431 0.232035680211 0.2352017631 0.237379955514 0.237874560757 0.237709604546 0.238976531366 0.240636282081 0.241986346924 0.24354091712 0.245049931523 0.246647921673 0.247795799371 0.249446250758 0.250124703625 0.251676385259 0.254392338586 0.256838394257 0.258725628385 0.2606352808 0.2625673515 0.265023670198 0.26599123437 0.266574932843 0.277099933743 0.281813987656 0.285100981039 0.292523994734 0.296726288207
