-11.7591135621
-11.7591218335
-11.7591301049
-11.7591383763
-11.7591466477
-11.7591549191
-11.7591631905
-11.7591714619
-11.7591797333
-11.7591880047
-11.7591962761
-11.7592045475
-11.7592128189
-11.7592210903
-11.7592293617
-11.7592376331
-11.7592459045
-11.7592541759
-11.7592624473
-11.7592707187
-11.7592789901
-11.7592872615
-11.7592955329
-11.7593038043
-11.7593120757
-11.7593203471
-11.7593286185
-11.7593368899
-11.7593451613
-11.7593534327
-11.7593617041
-11.7593699755
-11.7593782469
-11.7593865183
-11.7593947897
-11.7594030611
-11.7594113325
-11.7594196039
-11.7594278753
-11.7594361467
-11.7594444181
-11.7594526895
-11.7594609609
-11.7594692323
-11.7594775037
-11.7594857751
-11.7594940465
-11.7595023179
-11.7595105893
-11.7595188607
-11.7595271321
-11.7595354035
-11.7595436749
-11.7595519463
-11.7595602177
-11.7595684891
-11.7595767606
-11.759585032
-11.7595933034
-11.7596015748
-11.7596098462
-11.7596181176
-11.759626389
-11.7596346604
-11.7596429318
-11.7596512032
-11.7596594746
-11.759667746
-11.7596760174
-11.7596842888
-11.7596925602
-11.7597008316
-11.759709103
-11.7597173744
-11.7597256458
-11.7597339172
-11.7597421886
-11.75975046
-11.7597587314
-11.7597670028
-11.7591125474
-11.7591208188
-11.7591290902
-11.7591373616
-11.759145633
-11.7591539044
-11.7591621758
-11.7591704472
-11.7591787186
-11.75918699
-11.7591952614
-11.7592035328
-11.7592118042
-11.7592200757
-11.7592283471
-11.7592366185
-11.7592448899
-11.7592531613
-11.7592614327
-11.7592697041
-11.7592779755
-11.7592862469
-11.7592945183
-11.7593027897
-11.7593110611
-11.7593193325
-11.7593276039
-11.7593358753
-11.7593441467
-11.7593524181
-11.7593606895
-11.7593689609
-11.7593772323
-11.7593855037
-11.7593937751
-11.7594020465
-11.7594103179
-11.7594185893
-11.7594268607
-11.7594351321
-11.7594434035
-11.7594516749
-11.7594599463
-11.7594682177
-11.7594764891
-11.7594847605
-11.7594930319
-11.7595013033
-11.7595095747
-11.7595178461
-11.7595261175
-11.7595343889
-11.7595426603
-11.7595509317
-11.7595592031
-11.7595674745
-11.7595757459
-11.7595840173
-11.7595922887
-11.7596005601
-11.7596088315
-11.7596171029
-11.7596253743
-11.7596336457
-11.7596419171
-11.7596501885
-11.7596584599
-11.7596667313
-11.7596750027
-11.7596832741
-11.7596915455
-11.7596998169
-11.7597080883
-11.7597163597
-11.7597246311
-11.7597329025
-11.7597411739
-11.7597494453
-11.7597577167
-11.7597659881
-11.7591115328
-11.7591198042
-11.7591280756
-11.759136347
-11.7591446184
-11.7591528898
-11.7591611612
-11.7591694326
-11.759177704
-11.7591859754
-11.7591942468
-11.7592025182
-11.7592107896
-11.759219061
-11.7592273324
-11.7592356038
-11.7592438752
-11.7592521466
-11.759260418
-11.7592686894
-11.7592769608
-11.7592852322
-11.7592935036
-11.759301775
-11.7593100464
-11.7593183178
-11.7593265892
-11.7593348606
-11.759343132
-11.7593514034
-11.7593596748
-11.7593679462
-11.7593762176
-11.759384489
-11.7593927604
-11.7594010318
-11.7594093032
-11.7594175746
-11.759425846
-11.7594341174
-11.7594423888
-11.7594506602
-11.7594589316
-11.759467203
-11.7594754744
-11.7594837458
-11.7594920172
-11.7595002886
-11.75950856
-11.7595168314
-11.7595251028
-11.7595333742
-11.7595416456
-11.759549917
-11.7595581884
-11.7595664598
-11.7595747312
-11.7595830026
-11.759591274
-11.7595995454
-11.7596078168
-11.7596160883
-11.7596243597
-11.7596326311
-11.7596409025
-11.7596491739
-11.7596574453
-11.7596657167
-11.7596739881
-11.7596822595
-11.7596905309
-11.7596988023
-11.7597070737
-11.7597153451
-11.7597236165
-11.7597318879
-11.7597401593
-11.7597484307
-11.7597567021
-11.7597649735
-11.7591105181
-11.7591187895
-11.7591270609
-11.7591353323
-11.7591436037
-11.7591518751
-11.7591601465
-11.7591684179
-11.7591766893
-11.7591849607
-11.7591932321
-11.7592015035
-11.7592097749
-11.7592180463
-11.7592263177
-11.7592345891
-11.7592428605
-11.7592511319
-11.7592594034
-11.7592676748
-11.7592759462
-11.7592842176
-11.759292489
-11.7593007604
-11.7593090318
-11.7593173032
-11.7593255746
-11.759333846
-11.7593421174
-11.7593503888
-11.7593586602
-11.7593669316
-11.759375203
-11.7593834744
-11.7593917458
-11.7594000172
-11.7594082886
-11.75941656
-11.7594248314
-11.7594331028
-11.7594413742
-11.7594496456
-11.759457917
-11.7594661884
-11.7594744598
-11.7594827312
-11.7594910026
-11.759499274
-11.7595075454
-11.7595158168
-11.7595240882
-11.7595323596
-11.759540631
-11.7595489024
-11.7595571738
-11.7595654452
-11.7595737166
-11.759581988
-11.7595902594
-11.7595985308
-11.7596068022
-11.7596150736
-11.759623345
-11.7596316164
-11.7596398878
-11.7596481592
-11.7596564306
-11.759664702
-11.7596729734
-11.7596812448
-11.7596895162
-11.7596977876
-11.759706059
-11.7597143304
-11.7597226018
-11.7597308732
-11.7597391446
-11.759747416
-11.7597556874
-11.7597639588
-11.7591095035
-11.7591177749
-11.7591260463
-11.7591343177
-11.7591425891
-11.7591508605
-11.7591591319
-11.7591674033
-11.7591756747
-11.7591839461
-11.7591922175
-11.7592004889
-11.7592087603
-11.7592170317
-11.7592253031
-11.7592335745
-11.7592418459
-11.7592501173
-11.7592583887
-11.7592666601
-11.7592749315
-11.7592832029
-11.7592914743
-11.7592997457
-11.7593080171
-11.7593162885
-11.7593245599
-11.7593328313
-11.7593411027
-11.7593493741
-11.7593576455
-11.7593659169
-11.7593741883
-11.7593824597
-11.7593907311
-11.7593990025
-11.7594072739
-11.7594155453
-11.7594238167
-11.7594320881
-11.7594403595
-11.7594486309
-11.7594569023
-11.7594651737
-11.7594734451
-11.7594817165
-11.7594899879
-11.7594982593
-11.7595065307
-11.7595148021
-11.7595230735
-11.7595313449
-11.7595396163
-11.7595478877
-11.7595561591
-11.7595644305
-11.7595727019
-11.7595809733
-11.7595892447
-11.7595975161
-11.7596057875
-11.7596140589
-11.7596223303
-11.7596306017
-11.7596388731
-11.7596471445
-11.759655416
-11.7596636874
-11.7596719588
-11.7596802302
-11.7596885016
-11.759696773
-11.7597050444
-11.7597133158
-11.7597215872
-11.7597298586
-11.75973813
-11.7597464014
-11.7597546728
-11.7597629442
-11.7591084888
-11.7591167602
-11.7591250316
-11.759133303
-11.7591415744
-11.7591498458
-11.7591581172
-11.7591663886
-11.75917466
-11.7591829314
-11.7591912028
-11.7591994742
-11.7592077456
-11.759216017
-11.7592242884
-11.7592325598
-11.7592408312
-11.7592491026
-11.759257374
-11.7592656454
-11.7592739168
-11.7592821882
-11.7592904596
-11.7592987311
-11.7593070025
-11.7593152739
-11.7593235453
-11.7593318167
-11.7593400881
-11.7593483595
-11.7593566309
-11.7593649023
-11.7593731737
-11.7593814451
-11.7593897165
-11.7593979879
-11.7594062593
-11.7594145307
-11.7594228021
-11.7594310735
-11.7594393449
-11.7594476163
-11.7594558877
-11.7594641591
-11.7594724305
-11.7594807019
-11.7594889733
-11.7594972447
-11.7595055161
-11.7595137875
-11.7595220589
-11.7595303303
-11.7595386017
-11.7595468731
-11.7595551445
-11.7595634159
-11.7595716873
-11.7595799587
-11.7595882301
-11.7595965015
-11.7596047729
-11.7596130443
-11.7596213157
-11.7596295871
-11.7596378585
-11.7596461299
-11.7596544013
-11.7596626727
-11.7596709441
-11.7596792155
-11.7596874869
-11.7596957583
-11.7597040297
-11.7597123011
-11.7597205725
-11.7597288439
-11.7597371153
-11.7597453867
-11.7597536581
-11.7597619295
-11.7591074742
-11.7591157456
-11.759124017
-11.7591322884
-11.7591405598
-11.7591488312
-11.7591571026
-11.759165374
-11.7591736454
-11.7591819168
-11.7591901882
-11.7591984596
-11.759206731
-11.7592150024
-11.7592232738
-11.7592315452
-11.7592398166
-11.759248088
-11.7592563594
-11.7592646308
-11.7592729022
-11.7592811736
-11.759289445
-11.7592977164
-11.7593059878
-11.7593142592
-11.7593225306
-11.759330802
-11.7593390734
-11.7593473448
-11.7593556162
-11.7593638876
-11.759372159
-11.7593804304
-11.7593887018
-11.7593969732
-11.7594052446
-11.759413516
-11.7594217874
-11.7594300588
-11.7594383302
-11.7594466016
-11.759454873
-11.7594631444
-11.7594714158
-11.7594796872
-11.7594879586
-11.75949623
-11.7595045014
-11.7595127728
-11.7595210442
-11.7595293156
-11.759537587
-11.7595458584
-11.7595541298
-11.7595624012
-11.7595706726
-11.759578944
-11.7595872154
-11.7595954868
-11.7596037582
-11.7596120296
-11.759620301
-11.7596285724
-11.7596368438
-11.7596451152
-11.7596533866
-11.759661658
-11.7596699294
-11.7596782008
-11.7596864723
-11.7596947437
-11.7597030151
-11.7597112865
-11.7597195579
-11.7597278293
-11.7597361007
-11.7597443721
-11.7597526435
-11.7597609149
-11.7591064595
-11.7591147309
-11.7591230023
-11.7591312737
-11.7591395451
-11.7591478165
-11.7591560879
-11.7591643593
-11.7591726307
-11.7591809021
-11.7591891735
-11.7591974449
-11.7592057163
-11.7592139877
-11.7592222591
-11.7592305305
-11.7592388019
-11.7592470733
-11.7592553447
-11.7592636161
-11.7592718875
-11.7592801589
-11.7592884303
-11.7592967017
-11.7593049731
-11.7593132445
-11.7593215159
-11.7593297874
-11.7593380588
-11.7593463302
-11.7593546016
-11.759362873
-11.7593711444
-11.7593794158
-11.7593876872
-11.7593959586
-11.75940423
-11.7594125014
-11.7594207728
-11.7594290442
-11.7594373156
-11.759445587
-11.7594538584
-11.7594621298
-11.7594704012
-11.7594786726
-11.759486944
-11.7594952154
-11.7595034868
-11.7595117582
-11.7595200296
-11.759528301
-11.7595365724
-11.7595448438
-11.7595531152
-11.7595613866
-11.759569658
-11.7595779294
-11.7595862008
-11.7595944722
-11.7596027436
-11.759611015
-11.7596192864
-11.7596275578
-11.7596358292
-11.7596441006
-11.759652372
-11.7596606434
-11.7596689148
-11.7596771862
-11.7596854576
-11.759693729
-11.7597020004
-11.7597102718
-11.7597185432
-11.7597268146
-11.759735086
-11.7597433574
-11.7597516288
-11.7597599002
-11.7591054449
-11.7591137163
-11.7591219877
-11.7591302591
-11.7591385305
-11.7591468019
-11.7591550733
-11.7591633447
-11.7591716161
-11.7591798875
-11.7591881589
-11.7591964303
-11.7592047017
-11.7592129731
-11.7592212445
-11.7592295159
-11.7592377873
-11.7592460587
-11.7592543301
-11.7592626015
-11.7592708729
-11.7592791443
-11.7592874157
-11.7592956871
-11.7593039585
-11.7593122299
-11.7593205013
-11.7593287727
-11.7593370441
-11.7593453155
-11.7593535869
-11.7593618583
-11.7593701297
-11.7593784011
-11.7593866725
-11.7593949439
-11.7594032153
-11.7594114867
-11.7594197581
-11.7594280295
-11.7594363009
-11.7594445723
-11.7594528437
-11.7594611151
-11.7594693865
-11.7594776579
-11.7594859293
-11.7594942007
-11.7595024721
-11.7595107435
-11.7595190149
-11.7595272863
-11.7595355577
-11.7595438291
-11.7595521005
-11.7595603719
-11.7595686433
-11.7595769147
-11.7595851861
-11.7595934575
-11.7596017289
-11.7596100003
-11.7596182717
-11.7596265431
-11.7596348145
-11.7596430859
-11.7596513573
-11.7596596287
-11.7596679001
-11.7596761715
-11.7596844429
-11.7596927143
-11.7597009857
-11.7597092571
-11.7597175285
-11.7597258
-11.7597340714
-11.7597423428
-11.7597506142
-11.7597588856
-11.7591044302
-11.7591127016
-11.759120973
-11.7591292444
-11.7591375158
-11.7591457872
-11.7591540586
-11.75916233
-11.7591706014
-11.7591788728
-11.7591871442
-11.7591954156
-11.759203687
-11.7592119584
-11.7592202298
-11.7592285012
-11.7592367726
-11.759245044
-11.7592533154
-11.7592615868
-11.7592698582
-11.7592781296
-11.759286401
-11.7592946724
-11.7593029438
-11.7593112152
-11.7593194866
-11.759327758
-11.7593360294
-11.7593443008
-11.7593525722
-11.7593608436
-11.7593691151
-11.7593773865
-11.7593856579
-11.7593939293
-11.7594022007
-11.7594104721
-11.7594187435
-11.7594270149
-11.7594352863
-11.7594435577
-11.7594518291
-11.7594601005
-11.7594683719
-11.7594766433
-11.7594849147
-11.7594931861
-11.7595014575
-11.7595097289
-11.7595180003
-11.7595262717
-11.7595345431
-11.7595428145
-11.7595510859
-11.7595593573
-11.7595676287
-11.7595759001
-11.7595841715
-11.7595924429
-11.7596007143
-11.7596089857
-11.7596172571
-11.7596255285
-11.7596337999
-11.7596420713
-11.7596503427
-11.7596586141
-11.7596668855
-11.7596751569
-11.7596834283
-11.7596916997
-11.7596999711
-11.7597082425
-11.7597165139
-11.7597247853
-11.7597330567
-11.7597413281
-11.7597495995
-11.7597578709
-11.7591034156
-11.759111687
-11.7591199584
-11.7591282298
-11.7591365012
-11.7591447726
-11.759153044
-11.7591613154
-11.7591695868
-11.7591778582
-11.7591861296
-11.759194401
-11.7592026724
-11.7592109438
-11.7592192152
-11.7592274866
-11.759235758
-11.7592440294
-11.7592523008
-11.7592605722
-11.7592688436
-11.759277115
-11.7592853864
-11.7592936578
-11.7593019292
-11.7593102006
-11.759318472
-11.7593267434
-11.7593350148
-11.7593432862
-11.7593515576
-11.759359829
-11.7593681004
-11.7593763718
-11.7593846432
-11.7593929146
-11.759401186
-11.7594094574
-11.7594177288
-11.7594260002
-11.7594342716
-11.759442543
-11.7594508144
-11.7594590858
-11.7594673572
-11.7594756286
-11.7594839
-11.7594921714
-11.7595004428
-11.7595087142
-11.7595169856
-11.759525257
-11.7595335284
-11.7595417998
-11.7595500712
-11.7595583426
-11.759566614
-11.7595748854
-11.7595831568
-11.7595914282
-11.7595996996
-11.759607971
-11.7596162424
-11.7596245138
-11.7596327852
-11.7596410566
-11.759649328
-11.7596575994
-11.7596658708
-11.7596741422
-11.7596824136
-11.759690685
-11.7596989564
-11.7597072278
-11.7597154992
-11.7597237706
-11.759732042
-11.7597403134
-11.7597485848
-11.7597568563
-11.7591024009
-11.7591106723
-11.7591189437
-11.7591272151
-11.7591354865
-11.7591437579
-11.7591520293
-11.7591603007
-11.7591685721
-11.7591768435
-11.7591851149
-11.7591933863
-11.7592016577
-11.7592099291
-11.7592182005
-11.7592264719
-11.7592347433
-11.7592430147
-11.7592512861
-11.7592595575
-11.7592678289
-11.7592761003
-11.7592843717
-11.7592926431
-11.7593009145
-11.7593091859
-11.7593174573
-11.7593257287
-11.7593340001
-11.7593422715
-11.7593505429
-11.7593588143
-11.7593670857
-11.7593753571
-11.7593836285
-11.7593918999
-11.7594001713
-11.7594084428
-11.7594167142
-11.7594249856
-11.759433257
-11.7594415284
-11.7594497998
-11.7594580712
-11.7594663426
-11.759474614
-11.7594828854
-11.7594911568
-11.7594994282
-11.7595076996
-11.759515971
-11.7595242424
-11.7595325138
-11.7595407852
-11.7595490566
-11.759557328
-11.7595655994
-11.7595738708
-11.7595821422
-11.7595904136
-11.759598685
-11.7596069564
-11.7596152278
-11.7596234992
-11.7596317706
-11.759640042
-11.7596483134
-11.7596565848
-11.7596648562
-11.7596731276
-11.759681399
-11.7596896704
-11.7596979418
-11.7597062132
-11.7597144846
-11.759722756
-11.7597310274
-11.7597392988
-11.7597475702
-11.7597558416
-11.7591013863
-11.7591096577
-11.7591179291
-11.7591262005
-11.7591344719
-11.7591427433
-11.7591510147
-11.7591592861
-11.7591675575
-11.7591758289
-11.7591841003
-11.7591923717
-11.7592006431
-11.7592089145
-11.7592171859
-11.7592254573
-11.7592337287
-11.7592420001
-11.7592502715
-11.7592585429
-11.7592668143
-11.7592750857
-11.7592833571
-11.7592916285
-11.7592998999
-11.7593081713
-11.7593164427
-11.7593247141
-11.7593329855
-11.7593412569
-11.7593495283
-11.7593577997
-11.7593660711
-11.7593743425
-11.7593826139
-11.7593908853
-11.7593991567
-11.7594074281
-11.7594156995
-11.7594239709
-11.7594322423
-11.7594405137
-11.7594487851
-11.7594570565
-11.7594653279
-11.7594735993
-11.7594818707
-11.7594901421
-11.7594984135
-11.7595066849
-11.7595149563
-11.7595232277
-11.7595314991
-11.7595397705
-11.7595480419
-11.7595563133
-11.7595645847
-11.7595728561
-11.7595811275
-11.7595893989
-11.7595976703
-11.7596059417
-11.7596142131
-11.7596224845
-11.7596307559
-11.7596390273
-11.7596472987
-11.7596555701
-11.7596638415
-11.7596721129
-11.7596803843
-11.7596886557
-11.7596969271
-11.7597051985
-11.7597134699
-11.7597217413
-11.7597300127
-11.7597382841
-11.7597465555
-11.7597548269
-11.7591003716
-11.759108643
-11.7591169144
-11.7591251858
-11.7591334572
-11.7591417286
-11.75915
-11.7591582714
-11.7591665428
-11.7591748142
-11.7591830856
-11.759191357
-11.7591996284
-11.7592078998
-11.7592161712
-11.7592244426
-11.759232714
-11.7592409854
-11.7592492568
-11.7592575282
-11.7592657996
-11.759274071
-11.7592823424
-11.7592906138
-11.7592988852
-11.7593071566
-11.759315428
-11.7593236994
-11.7593319708
-11.7593402422
-11.7593485136
-11.759356785
-11.7593650564
-11.7593733278
-11.7593815992
-11.7593898706
-11.759398142
-11.7594064134
-11.7594146848
-11.7594229562
-11.7594312276
-11.7594394991
-11.7594477705
-11.7594560419
-11.7594643133
-11.7594725847
-11.7594808561
-11.7594891275
-11.7594973989
-11.7595056703
-11.7595139417
-11.7595222131
-11.7595304845
-11.7595387559
-11.7595470273
-11.7595552987
-11.7595635701
-11.7595718415
-11.7595801129
-11.7595883843
-11.7595966557
-11.7596049271
-11.7596131985
-11.7596214699
-11.7596297413
-11.7596380127
-11.7596462841
-11.7596545555
-11.7596628269
-11.7596710983
-11.7596793697
-11.7596876411
-11.7596959125
-11.7597041839
-11.7597124553
-11.7597207267
-11.7597289981
-11.7597372695
-11.7597455409
-11.7597538123
-11.759099357
-11.7591076284
-11.7591158998
-11.7591241712
-11.7591324426
-11.759140714
-11.7591489854
-11.7591572568
-11.7591655282
-11.7591737996
-11.759182071
-11.7591903424
-11.7591986138
-11.7592068852
-11.7592151566
-11.759223428
-11.7592316994
-11.7592399708
-11.7592482422
-11.7592565136
-11.759264785
-11.7592730564
-11.7592813278
-11.7592895992
-11.7592978706
-11.759306142
-11.7593144134
-11.7593226848
-11.7593309562
-11.7593392276
-11.759347499
-11.7593557704
-11.7593640418
-11.7593723132
-11.7593805846
-11.759388856
-11.7593971274
-11.7594053988
-11.7594136702
-11.7594219416
-11.759430213
-11.7594384844
-11.7594467558
-11.7594550272
-11.7594632986
-11.75947157
-11.7594798414
-11.7594881128
-11.7594963842
-11.7595046556
-11.759512927
-11.7595211984
-11.7595294698
-11.7595377412
-11.7595460126
-11.759554284
-11.7595625554
-11.7595708268
-11.7595790982
-11.7595873696
-11.759595641
-11.7596039124
-11.7596121838
-11.7596204552
-11.7596287266
-11.759636998
-11.7596452694
-11.7596535408
-11.7596618122
-11.7596700836
-11.759678355
-11.7596866264
-11.7596948978
-11.7597031692
-11.7597114406
-11.759719712
-11.7597279834
-11.7597362548
-11.7597445262
-11.7597527976
-11.7590983423
-11.7591066137
-11.7591148851
-11.7591231565
-11.7591314279
-11.7591396993
-11.7591479707
-11.7591562421
-11.7591645135
-11.7591727849
-11.7591810563
-11.7591893277
-11.7591975991
-11.7592058705
-11.7592141419
-11.7592224133
-11.7592306847
-11.7592389561
-11.7592472275
-11.7592554989
-11.7592637703
-11.7592720417
-11.7592803131
-11.7592885845
-11.7592968559
-11.7593051273
-11.7593133987
-11.7593216701
-11.7593299415
-11.7593382129
-11.7593464843
-11.7593547557
-11.7593630271
-11.7593712985
-11.7593795699
-11.7593878413
-11.7593961127
-11.7594043841
-11.7594126555
-11.7594209269
-11.7594291983
-11.7594374697
-11.7594457411
-11.7594540125
-11.7594622839
-11.7594705553
-11.7594788268
-11.7594870982
-11.7594953696
-11.759503641
-11.7595119124
-11.7595201838
-11.7595284552
-11.7595367266
-11.759544998
-11.7595532694
-11.7595615408
-11.7595698122
-11.7595780836
-11.759586355
-11.7595946264
-11.7596028978
-11.7596111692
-11.7596194406
-11.759627712
-11.7596359834
-11.7596442548
-11.7596525262
-11.7596607976
-11.759669069
-11.7596773404
-11.7596856118
-11.7596938832
-11.7597021546
-11.759710426
-11.7597186974
-11.7597269688
-11.7597352402
-11.7597435116
-11.759751783
-11.7590973276
-11.759105599
-11.7591138704
-11.7591221419
-11.7591304133
-11.7591386847
-11.7591469561
-11.7591552275
-11.7591634989
-11.7591717703
-11.7591800417
-11.7591883131
-11.7591965845
-11.7592048559
-11.7592131273
-11.7592213987
-11.7592296701
-11.7592379415
-11.7592462129
-11.7592544843
-11.7592627557
-11.7592710271
-11.7592792985
-11.7592875699
-11.7592958413
-11.7593041127
-11.7593123841
-11.7593206555
-11.7593289269
-11.7593371983
-11.7593454697
-11.7593537411
-11.7593620125
-11.7593702839
-11.7593785553
-11.7593868267
-11.7593950981
-11.7594033695
-11.7594116409
-11.7594199123
-11.7594281837
-11.7594364551
-11.7594447265
-11.7594529979
-11.7594612693
-11.7594695407
-11.7594778121
-11.7594860835
-11.7594943549
-11.7595026263
-11.7595108977
-11.7595191691
-11.7595274405
-11.7595357119
-11.7595439833
-11.7595522547
-11.7595605261
-11.7595687975
-11.7595770689
-11.7595853403
-11.7595936117
-11.7596018831
-11.7596101545
-11.7596184259
-11.7596266973
-11.7596349687
-11.7596432401
-11.7596515115
-11.7596597829
-11.7596680543
-11.7596763257
-11.7596845971
-11.7596928685
-11.7597011399
-11.7597094113
-11.7597176827
-11.7597259541
-11.7597342255
-11.7597424969
-11.7597507683
-11.759096313
-11.7591045844
-11.7591128558
-11.7591211272
-11.7591293986
-11.75913767
-11.7591459414
-11.7591542128
-11.7591624842
-11.7591707556
-11.759179027
-11.7591872984
-11.7591955698
-11.7592038412
-11.7592121126
-11.759220384
-11.7592286554
-11.7592369268
-11.7592451982
-11.7592534696
-11.759261741
-11.7592700124
-11.7592782838
-11.7592865552
-11.7592948266
-11.759303098
-11.7593113694
-11.7593196408
-11.7593279122
-11.7593361836
-11.759344455
-11.7593527264
-11.7593609978
-11.7593692692
-11.7593775406
-11.759385812
-11.7593940834
-11.7594023548
-11.7594106262
-11.7594188976
-11.759427169
-11.7594354404
-11.7594437118
-11.7594519832
-11.7594602546
-11.759468526
-11.7594767974
-11.7594850688
-11.7594933402
-11.7595016116
-11.759509883
-11.7595181545
-11.7595264259
-11.7595346973
-11.7595429687
-11.7595512401
-11.7595595115
-11.7595677829
-11.7595760543
-11.7595843257
-11.7595925971
-11.7596008685
-11.7596091399
-11.7596174113
-11.7596256827
-11.7596339541
-11.7596422255
-11.7596504969
-11.7596587683
-11.7596670397
-11.7596753111
-11.7596835825
-11.7596918539
-11.7597001253
-11.7597083967
-11.7597166681
-11.7597249395
-11.7597332109
-11.7597414823
-11.7597497537
-11.7590952983
-11.7591035697
-11.7591118411
-11.7591201125
-11.7591283839
-11.7591366553
-11.7591449267
-11.7591531981
-11.7591614696
-11.759169741
-11.7591780124
-11.7591862838
-11.7591945552
-11.7592028266
-11.759211098
-11.7592193694
-11.7592276408
-11.7592359122
-11.7592441836
-11.759252455
-11.7592607264
-11.7592689978
-11.7592772692
-11.7592855406
-11.759293812
-11.7593020834
-11.7593103548
-11.7593186262
-11.7593268976
-11.759335169
-11.7593434404
-11.7593517118
-11.7593599832
-11.7593682546
-11.759376526
-11.7593847974
-11.7593930688
-11.7594013402
-11.7594096116
-11.759417883
-11.7594261544
-11.7594344258
-11.7594426972
-11.7594509686
-11.75945924
-11.7594675114
-11.7594757828
-11.7594840542
-11.7594923256
-11.759500597
-11.7595088684
-11.7595171398
-11.7595254112
-11.7595336826
-11.759541954
-11.7595502254
-11.7595584968
-11.7595667682
-11.7595750396
-11.759583311
-11.7595915824
-11.7595998538
-11.7596081252
-11.7596163966
-11.759624668
-11.7596329394
-11.7596412108
-11.7596494822
-11.7596577536
-11.759666025
-11.7596742964
-11.7596825678
-11.7596908392
-11.7596991106
-11.759707382
-11.7597156534
-11.7597239248
-11.7597321962
-11.7597404676
-11.759748739
-11.7590942837
-11.7591025551
-11.7591108265
-11.7591190979
-11.7591273693
-11.7591356407
-11.7591439121
-11.7591521835
-11.7591604549
-11.7591687263
-11.7591769977
-11.7591852691
-11.7591935405
-11.7592018119
-11.7592100833
-11.7592183547
-11.7592266261
-11.7592348975
-11.7592431689
-11.7592514403
-11.7592597117
-11.7592679831
-11.7592762545
-11.7592845259
-11.7592927973
-11.7593010687
-11.7593093401
-11.7593176115
-11.7593258829
-11.7593341543
-11.7593424257
-11.7593506971
-11.7593589685
-11.7593672399
-11.7593755113
-11.7593837827
-11.7593920541
-11.7594003255
-11.7594085969
-11.7594168683
-11.7594251397
-11.7594334111
-11.7594416825
-11.7594499539
-11.7594582253
-11.7594664967
-11.7594747681
-11.7594830395
-11.7594913109
-11.7594995823
-11.7595078537
-11.7595161251
-11.7595243965
-11.7595326679
-11.7595409393
-11.7595492108
-11.7595574822
-11.7595657536
-11.759574025
-11.7595822964
-11.7595905678
-11.7595988392
-11.7596071106
-11.759615382
-11.7596236534
-11.7596319248
-11.7596401962
-11.7596484676
-11.759656739
-11.7596650104
-11.7596732818
-11.7596815532
-11.7596898246
-11.759698096
-11.7597063674
-11.7597146388
-11.7597229102
-11.7597311816
-11.759739453
-11.7597477244
-11.759093269
-11.7591015404
-11.7591098118
-11.7591180832
-11.7591263546
-11.759134626
-11.7591428974
-11.7591511688
-11.7591594402
-11.7591677116
-11.759175983
-11.7591842544
-11.7591925259
-11.7592007973
-11.7592090687
-11.7592173401
-11.7592256115
-11.7592338829
-11.7592421543
-11.7592504257
-11.7592586971
-11.7592669685
-11.7592752399
-11.7592835113
-11.7592917827
-11.7593000541
-11.7593083255
-11.7593165969
-11.7593248683
-11.7593331397
-11.7593414111
-11.7593496825
-11.7593579539
-11.7593662253
-11.7593744967
-11.7593827681
-11.7593910395
-11.7593993109
-11.7594075823
-11.7594158537
-11.7594241251
-11.7594323965
-11.7594406679
-11.7594489393
-11.7594572107
-11.7594654821
-11.7594737535
-11.7594820249
-11.7594902963
-11.7594985677
-11.7595068391
-11.7595151105
-11.7595233819
-11.7595316533
-11.7595399247
-11.7595481961
-11.7595564675
-11.7595647389
-11.7595730103
-11.7595812817
-11.7595895531
-11.7595978245
-11.7596060959
-11.7596143673
-11.7596226387
-11.7596309101
-11.7596391815
-11.7596474529
-11.7596557243
-11.7596639957
-11.7596722671
-11.7596805385
-11.7596888099
-11.7596970813
-11.7597053527
-11.7597136241
-11.7597218955
-11.7597301669
-11.7597384383
-11.7597467097
-11.7590922544
-11.7591005258
-11.7591087972
-11.7591170686
-11.75912534
-11.7591336114
-11.7591418828
-11.7591501542
-11.7591584256
-11.759166697
-11.7591749684
-11.7591832398
-11.7591915112
-11.7591997826
-11.759208054
-11.7592163254
-11.7592245968
-11.7592328682
-11.7592411396
-11.759249411
-11.7592576824
-11.7592659538
-11.7592742252
-11.7592824966
-11.759290768
-11.7592990394
-11.7593073108
-11.7593155822
-11.7593238536
-11.759332125
-11.7593403964
-11.7593486678
-11.7593569392
-11.7593652106
-11.759373482
-11.7593817534
-11.7593900248
-11.7593982962
-11.7594065676
-11.759414839
-11.7594231104
-11.7594313818
-11.7594396532
-11.7594479246
-11.759456196
-11.7594644674
-11.7594727388
-11.7594810102
-11.7594892816
-11.759497553
-11.7595058244
-11.7595140958
-11.7595223672
-11.7595306386
-11.75953891
-11.7595471814
-11.7595554528
-11.7595637242
-11.7595719956
-11.759580267
-11.7595885385
-11.7595968099
-11.7596050813
-11.7596133527
-11.7596216241
-11.7596298955
-11.7596381669
-11.7596464383
-11.7596547097
-11.7596629811
-11.7596712525
-11.7596795239
-11.7596877953
-11.7596960667
-11.7597043381
-11.7597126095
-11.7597208809
-11.7597291523
-11.7597374237
-11.7597456951
-11.7590912397
-11.7590995111
-11.7591077825
-11.7591160539
-11.7591243253
-11.7591325967
-11.7591408681
-11.7591491395
-11.7591574109
-11.7591656823
-11.7591739537
-11.7591822251
-11.7591904965
-11.7591987679
-11.7592070393
-11.7592153107
-11.7592235821
-11.7592318536
-11.759240125
-11.7592483964
-11.7592566678
-11.7592649392
-11.7592732106
-11.759281482
-11.7592897534
-11.7592980248
-11.7593062962
-11.7593145676
-11.759322839
-11.7593311104
-11.7593393818
-11.7593476532
-11.7593559246
-11.759364196
-11.7593724674
-11.7593807388
-11.7593890102
-11.7593972816
-11.759405553
-11.7594138244
-11.7594220958
-11.7594303672
-11.7594386386
-11.75944691
-11.7594551814
-11.7594634528
-11.7594717242
-11.7594799956
-11.759488267
-11.7594965384
-11.7595048098
-11.7595130812
-11.7595213526
-11.759529624
-11.7595378954
-11.7595461668
-11.7595544382
-11.7595627096
-11.759570981
-11.7595792524
-11.7595875238
-11.7595957952
-11.7596040666
-11.759612338
-11.7596206094
-11.7596288808
-11.7596371522
-11.7596454236
-11.759653695
-11.7596619664
-11.7596702378
-11.7596785092
-11.7596867806
-11.759695052
-11.7597033234
-11.7597115948
-11.7597198662
-11.7597281376
-11.759736409
-11.7597446804
-11.7590902251
-11.7590984965
-11.7591067679
-11.7591150393
-11.7591233107
-11.7591315821
-11.7591398535
-11.7591481249
-11.7591563963
-11.7591646677
-11.7591729391
-11.7591812105
-11.7591894819
-11.7591977533
-11.7592060247
-11.7592142961
-11.7592225675
-11.7592308389
-11.7592391103
-11.7592473817
-11.7592556531
-11.7592639245
-11.7592721959
-11.7592804673
-11.7592887387
-11.7592970101
-11.7593052815
-11.7593135529
-11.7593218243
-11.7593300957
-11.7593383671
-11.7593466385
-11.7593549099
-11.7593631813
-11.7593714527
-11.7593797241
-11.7593879955
-11.7593962669
-11.7594045383
-11.7594128097
-11.7594210811
-11.7594293525
-11.7594376239
-11.7594458953
-11.7594541667
-11.7594624381
-11.7594707095
-11.7594789809
-11.7594872523
-11.7594955237
-11.7595037951
-11.7595120665
-11.7595203379
-11.7595286093
-11.7595368807
-11.7595451521
-11.7595534235
-11.7595616949
-11.7595699663
-11.7595782377
-11.7595865091
-11.7595947805
-11.7596030519
-11.7596113233
-11.7596195948
-11.7596278662
-11.7596361376
-11.759644409
-11.7596526804
-11.7596609518
-11.7596692232
-11.7596774946
-11.759685766
-11.7596940374
-11.7597023088
-11.7597105802
-11.7597188516
-11.759727123
-11.7597353944
-11.7597436658
-11.7590892104
-11.7590974818
-11.7591057532
-11.7591140246
-11.759122296
-11.7591305674
-11.7591388388
-11.7591471102
-11.7591553816
-11.759163653
-11.7591719244
-11.7591801958
-11.7591884672
-11.7591967386
-11.75920501
-11.7592132814
-11.7592215528
-11.7592298242
-11.7592380956
-11.759246367
-11.7592546384
-11.7592629098
-11.7592711813
-11.7592794527
-11.7592877241
-11.7592959955
-11.7593042669
-11.7593125383
-11.7593208097
-11.7593290811
-11.7593373525
-11.7593456239
-11.7593538953
-11.7593621667
-11.7593704381
-11.7593787095
-11.7593869809
-11.7593952523
-11.7594035237
-11.7594117951
-11.7594200665
-11.7594283379
-11.7594366093
-11.7594448807
-11.7594531521
-11.7594614235
-11.7594696949
-11.7594779663
-11.7594862377
-11.7594945091
-11.7595027805
-11.7595110519
-11.7595193233
-11.7595275947
-11.7595358661
-11.7595441375
-11.7595524089
-11.7595606803
-11.7595689517
-11.7595772231
-11.7595854945
-11.7595937659
-11.7596020373
-11.7596103087
-11.7596185801
-11.7596268515
-11.7596351229
-11.7596433943
-11.7596516657
-11.7596599371
-11.7596682085
-11.7596764799
-11.7596847513
-11.7596930227
-11.7597012941
-11.7597095655
-11.7597178369
-11.7597261083
-11.7597343797
-11.7597426511
-11.7590881958
-11.7590964672
-11.7591047386
-11.75911301
-11.7591212814
-11.7591295528
-11.7591378242
-11.7591460956
-11.759154367
-11.7591626384
-11.7591709098
-11.7591791812
-11.7591874526
-11.759195724
-11.7592039954
-11.7592122668
-11.7592205382
-11.7592288096
-11.759237081
-11.7592453524
-11.7592536238
-11.7592618952
-11.7592701666
-11.759278438
-11.7592867094
-11.7592949808
-11.7593032522
-11.7593115236
-11.759319795
-11.7593280664
-11.7593363378
-11.7593446092
-11.7593528806
-11.759361152
-11.7593694234
-11.7593776948
-11.7593859662
-11.7593942376
-11.759402509
-11.7594107804
-11.7594190518
-11.7594273232
-11.7594355946
-11.759443866
-11.7594521374
-11.7594604088
-11.7594686802
-11.7594769516
-11.759485223
-11.7594934944
-11.7595017658
-11.7595100372
-11.7595183086
-11.75952658
-11.7595348514
-11.7595431228
-11.7595513942
-11.7595596656
-11.759567937
-11.7595762084
-11.7595844798
-11.7595927512
-11.7596010226
-11.759609294
-11.7596175654
-11.7596258368
-11.7596341082
-11.7596423796
-11.759650651
-11.7596589225
-11.7596671939
-11.7596754653
-11.7596837367
-11.7596920081
-11.7597002795
-11.7597085509
-11.7597168223
-11.7597250937
-11.7597333651
-11.7597416365
-11.7590871811
-11.7590954525
-11.7591037239
-11.7591119953
-11.7591202667
-11.7591285381
-11.7591368095
-11.7591450809
-11.7591533523
-11.7591616237
-11.7591698951
-11.7591781665
-11.7591864379
-11.7591947093
-11.7592029807
-11.7592112521
-11.7592195235
-11.7592277949
-11.7592360663
-11.7592443377
-11.7592526091
-11.7592608805
-11.7592691519
-11.7592774233
-11.7592856947
-11.7592939661
-11.7593022376
-11.759310509
-11.7593187804
-11.7593270518
-11.7593353232
-11.7593435946
-11.759351866
-11.7593601374
-11.7593684088
-11.7593766802
-11.7593849516
-11.759393223
-11.7594014944
-11.7594097658
-11.7594180372
-11.7594263086
-11.75943458
-11.7594428514
-11.7594511228
-11.7594593942
-11.7594676656
-11.759475937
-11.7594842084
-11.7594924798
-11.7595007512
-11.7595090226
-11.759517294
-11.7595255654
-11.7595338368
-11.7595421082
-11.7595503796
-11.759558651
-11.7595669224
-11.7595751938
-11.7595834652
-11.7595917366
-11.759600008
-11.7596082794
-11.7596165508
-11.7596248222
-11.7596330936
-11.759641365
-11.7596496364
-11.7596579078
-11.7596661792
-11.7596744506
-11.759682722
-11.7596909934
-11.7596992648
-11.7597075362
-11.7597158076
-11.759724079
-11.7597323504
-11.7597406218
-11.7590861665
-11.7590944379
-11.7591027093
-11.7591109807
-11.7591192521
-11.7591275235
-11.7591357949
-11.7591440663
-11.7591523377
-11.7591606091
-11.7591688805
-11.7591771519
-11.7591854233
-11.7591936947
-11.7592019661
-11.7592102375
-11.7592185089
-11.7592267803
-11.7592350517
-11.7592433231
-11.7592515945
-11.7592598659
-11.7592681373
-11.7592764087
-11.7592846801
-11.7592929515
-11.7593012229
-11.7593094943
-11.7593177657
-11.7593260371
-11.7593343085
-11.7593425799
-11.7593508513
-11.7593591227
-11.7593673941
-11.7593756655
-11.7593839369
-11.7593922083
-11.7594004797
-11.7594087511
-11.7594170225
-11.7594252939
-11.7594335653
-11.7594418367
-11.7594501081
-11.7594583795
-11.7594666509
-11.7594749223
-11.7594831937
-11.7594914651
-11.7594997365
-11.7595080079
-11.7595162793
-11.7595245507
-11.7595328221
-11.7595410935
-11.7595493649
-11.7595576363
-11.7595659077
-11.7595741791
-11.7595824505
-11.7595907219
-11.7595989933
-11.7596072647
-11.7596155361
-11.7596238075
-11.7596320789
-11.7596403503
-11.7596486217
-11.7596568931
-11.7596651645
-11.7596734359
-11.7596817073
-11.7596899787
-11.7596982502
-11.7597065216
-11.759714793
-11.7597230644
-11.7597313358
-11.7597396072
-11.7590851518
-11.7590934232
-11.7591016946
-11.759109966
-11.7591182374
-11.7591265088
-11.7591347802
-11.7591430516
-11.759151323
-11.7591595944
-11.7591678658
-11.7591761372
-11.7591844086
-11.75919268
-11.7592009514
-11.7592092228
-11.7592174942
-11.7592257656
-11.759234037
-11.7592423084
-11.7592505798
-11.7592588512
-11.7592671226
-11.759275394
-11.7592836654
-11.7592919368
-11.7593002082
-11.7593084796
-11.759316751
-11.7593250224
-11.7593332938
-11.7593415653
-11.7593498367
-11.7593581081
-11.7593663795
-11.7593746509
-11.7593829223
-11.7593911937
-11.7593994651
-11.7594077365
-11.7594160079
-11.7594242793
-11.7594325507
-11.7594408221
-11.7594490935
-11.7594573649
-11.7594656363
-11.7594739077
-11.7594821791
-11.7594904505
-11.7594987219
-11.7595069933
-11.7595152647
-11.7595235361
-11.7595318075
-11.7595400789
-11.7595483503
-11.7595566217
-11.7595648931
-11.7595731645
-11.7595814359
-11.7595897073
-11.7595979787
-11.7596062501
-11.7596145215
-11.7596227929
-11.7596310643
-11.7596393357
-11.7596476071
-11.7596558785
-11.7596641499
-11.7596724213
-11.7596806927
-11.7596889641
-11.7596972355
-11.7597055069
-11.7597137783
-11.7597220497
-11.7597303211
-11.7597385925
-11.7590841372
-11.7590924086
-11.75910068
-11.7591089514
-11.7591172228
-11.7591254942
-11.7591337656
-11.759142037
-11.7591503084
-11.7591585798
-11.7591668512
-11.7591751226
-11.759183394
-11.7591916654
-11.7591999368
-11.7592082082
-11.7592164796
-11.759224751
-11.7592330224
-11.7592412938
-11.7592495652
-11.7592578366
-11.759266108
-11.7592743794
-11.7592826508
-11.7592909222
-11.7592991936
-11.759307465
-11.7593157364
-11.7593240078
-11.7593322792
-11.7593405506
-11.759348822
-11.7593570934
-11.7593653648
-11.7593736362
-11.7593819076
-11.759390179
-11.7593984504
-11.7594067218
-11.7594149932
-11.7594232646
-11.759431536
-11.7594398074
-11.7594480788
-11.7594563502
-11.7594646216
-11.759472893
-11.7594811644
-11.7594894358
-11.7594977072
-11.7595059786
-11.75951425
-11.7595225214
-11.7595307928
-11.7595390642
-11.7595473356
-11.759555607
-11.7595638784
-11.7595721498
-11.7595804212
-11.7595886926
-11.759596964
-11.7596052354
-11.7596135068
-11.7596217782
-11.7596300496
-11.759638321
-11.7596465924
-11.7596548638
-11.7596631352
-11.7596714066
-11.759679678
-11.7596879494
-11.7596962208
-11.7597044922
-11.7597127636
-11.759721035
-11.7597293065
-11.7597375779
-11.7590831225
-11.7590913939
-11.7590996653
-11.7591079367
-11.7591162081
-11.7591244795
-11.7591327509
-11.7591410223
-11.7591492937
-11.7591575651
-11.7591658365
-11.7591741079
-11.7591823793
-11.7591906507
-11.7591989221
-11.7592071935
-11.7592154649
-11.7592237363
-11.7592320077
-11.7592402791
-11.7592485505
-11.7592568219
-11.7592650933
-11.7592733647
-11.7592816361
-11.7592899075
-11.7592981789
-11.7593064503
-11.7593147217
-11.7593229931
-11.7593312645
-11.7593395359
-11.7593478073
-11.7593560787
-11.7593643501
-11.7593726215
-11.759380893
-11.7593891644
-11.7593974358
-11.7594057072
-11.7594139786
-11.75942225
-11.7594305214
-11.7594387928
-11.7594470642
-11.7594553356
-11.759463607
-11.7594718784
-11.7594801498
-11.7594884212
-11.7594966926
-11.759504964
-11.7595132354
-11.7595215068
-11.7595297782
-11.7595380496
-11.759546321
-11.7595545924
-11.7595628638
-11.7595711352
-11.7595794066
-11.759587678
-11.7595959494
-11.7596042208
-11.7596124922
-11.7596207636
-11.759629035
-11.7596373064
-11.7596455778
-11.7596538492
-11.7596621206
-11.759670392
-11.7596786634
-11.7596869348
-11.7596952062
-11.7597034776
-11.759711749
-11.7597200204
-11.7597282918
-11.7597365632
-11.7590821079
-11.7590903793
-11.7590986507
-11.7591069221
-11.7591151935
-11.7591234649
-11.7591317363
-11.7591400077
-11.7591482791
-11.7591565505
-11.7591648219
-11.7591730933
-11.7591813647
-11.7591896361
-11.7591979075
-11.7592061789
-11.7592144503
-11.7592227217
-11.7592309931
-11.7592392645
-11.7592475359
-11.7592558073
-11.7592640787
-11.7592723501
-11.7592806215
-11.7592888929
-11.7592971643
-11.7593054357
-11.7593137071
-11.7593219785
-11.7593302499
-11.7593385213
-11.7593467927
-11.7593550641
-11.7593633355
-11.7593716069
-11.7593798783
-11.7593881497
-11.7593964211
-11.7594046925
-11.7594129639
-11.7594212353
-11.7594295067
-11.7594377781
-11.7594460495
-11.7594543209
-11.7594625923
-11.7594708637
-11.7594791351
-11.7594874065
-11.7594956779
-11.7595039493
-11.7595122207
-11.7595204921
-11.7595287635
-11.7595370349
-11.7595453063
-11.7595535777
-11.7595618491
-11.7595701205
-11.7595783919
-11.7595866633
-11.7595949347
-11.7596032061
-11.7596114775
-11.7596197489
-11.7596280203
-11.7596362917
-11.7596445631
-11.7596528345
-11.7596611059
-11.7596693773
-11.7596776487
-11.7596859201
-11.7596941915
-11.7597024629
-11.7597107343
-11.7597190057
-11.7597272771
-11.7597355485
-11.7590810932
-11.7590893646
-11.759097636
-11.7591059074
-11.7591141788
-11.7591224502
-11.7591307216
-11.759138993
-11.7591472644
-11.7591555358
-11.7591638072
-11.7591720786
-11.75918035
-11.7591886214
-11.7591968928
-11.7592051642
-11.7592134356
-11.759221707
-11.7592299784
-11.7592382498
-11.7592465212
-11.7592547926
-11.759263064
-11.7592713354
-11.7592796068
-11.7592878782
-11.7592961496
-11.759304421
-11.7593126924
-11.7593209638
-11.7593292352
-11.7593375066
-11.759345778
-11.7593540494
-11.7593623208
-11.7593705922
-11.7593788636
-11.759387135
-11.7593954064
-11.7594036778
-11.7594119493
-11.7594202207
-11.7594284921
-11.7594367635
-11.7594450349
-11.7594533063
-11.7594615777
-11.7594698491
-11.7594781205
-11.7594863919
-11.7594946633
-11.7595029347
-11.7595112061
-11.7595194775
-11.7595277489
-11.7595360203
-11.7595442917
-11.7595525631
-11.7595608345
-11.7595691059
-11.7595773773
-11.7595856487
-11.7595939201
-11.7596021915
-11.7596104629
-11.7596187343
-11.7596270057
-11.7596352771
-11.7596435485
-11.7596518199
-11.7596600913
-11.7596683627
-11.7596766341
-11.7596849055
-11.7596931769
-11.7597014483
-11.7597097197
-11.7597179911
-11.7597262625
-11.7597345339
-11.7590800786
-11.75908835
-11.7590966214
-11.7591048928
-11.7591131642
-11.7591214356
-11.759129707
-11.7591379784
-11.7591462498
-11.7591545212
-11.7591627926
-11.759171064
-11.7591793354
-11.7591876068
-11.7591958782
-11.7592041496
-11.759212421
-11.7592206924
-11.7592289638
-11.7592372352
-11.7592455066
-11.759253778
-11.7592620494
-11.7592703208
-11.7592785922
-11.7592868636
-11.759295135
-11.7593034064
-11.7593116778
-11.7593199492
-11.7593282206
-11.759336492
-11.7593447634
-11.7593530348
-11.7593613062
-11.7593695776
-11.759377849
-11.7593861204
-11.7593943918
-11.7594026632
-11.7594109346
-11.759419206
-11.7594274774
-11.7594357488
-11.7594440202
-11.7594522916
-11.759460563
-11.7594688344
-11.7594771058
-11.7594853772
-11.7594936486
-11.75950192
-11.7595101914
-11.7595184628
-11.7595267342
-11.7595350056
-11.759543277
-11.7595515484
-11.7595598198
-11.7595680912
-11.7595763626
-11.759584634
-11.7595929054
-11.7596011768
-11.7596094482
-11.7596177196
-11.759625991
-11.7596342624
-11.7596425338
-11.7596508052
-11.7596590766
-11.759667348
-11.7596756194
-11.7596838908
-11.7596921622
-11.7597004336
-11.759708705
-11.7597169764
-11.7597252478
-11.7597335192
-11.7590790639
-11.7590873353
-11.7590956067
-11.7591038781
-11.7591121495
-11.7591204209
-11.7591286923
-11.7591369637
-11.7591452351
-11.7591535065
-11.7591617779
-11.7591700493
-11.7591783207
-11.7591865921
-11.7591948635
-11.7592031349
-11.7592114063
-11.7592196777
-11.7592279491
-11.7592362205
-11.7592444919
-11.7592527633
-11.7592610347
-11.7592693061
-11.7592775775
-11.7592858489
-11.7592941203
-11.7593023917
-11.7593106631
-11.7593189345
-11.7593272059
-11.7593354773
-11.7593437487
-11.7593520201
-11.7593602915
-11.7593685629
-11.7593768343
-11.7593851057
-11.7593933771
-11.7594016485
-11.7594099199
-11.7594181913
-11.7594264627
-11.7594347341
-11.7594430055
-11.759451277
-11.7594595484
-11.7594678198
-11.7594760912
-11.7594843626
-11.759492634
-11.7595009054
-11.7595091768
-11.7595174482
-11.7595257196
-11.759533991
-11.7595422624
-11.7595505338
-11.7595588052
-11.7595670766
-11.759575348
-11.7595836194
-11.7595918908
-11.7596001622
-11.7596084336
-11.759616705
-11.7596249764
-11.7596332478
-11.7596415192
-11.7596497906
-11.759658062
-11.7596663334
-11.7596746048
-11.7596828762
-11.7596911476
-11.759699419
-11.7597076904
-11.7597159618
-11.7597242332
-11.7597325046
-11.7590780492
-11.7590863206
-11.7590945921
-11.7591028635
-11.7591111349
-11.7591194063
-11.7591276777
-11.7591359491
-11.7591442205
-11.7591524919
-11.7591607633
-11.7591690347
-11.7591773061
-11.7591855775
-11.7591938489
-11.7592021203
-11.7592103917
-11.7592186631
-11.7592269345
-11.7592352059
-11.7592434773
-11.7592517487
-11.7592600201
-11.7592682915
-11.7592765629
-11.7592848343
-11.7592931057
-11.7593013771
-11.7593096485
-11.7593179199
-11.7593261913
-11.7593344627
-11.7593427341
-11.7593510055
-11.7593592769
-11.7593675483
-11.7593758197
-11.7593840911
-11.7593923625
-11.7594006339
-11.7594089053
-11.7594171767
-11.7594254481
-11.7594337195
-11.7594419909
-11.7594502623
-11.7594585337
-11.7594668051
-11.7594750765
-11.7594833479
-11.7594916193
-11.7594998907
-11.7595081621
-11.7595164335
-11.7595247049
-11.7595329763
-11.7595412477
-11.7595495191
-11.7595577905
-11.7595660619
-11.7595743333
-11.7595826047
-11.7595908761
-11.7595991475
-11.7596074189
-11.7596156903
-11.7596239617
-11.7596322331
-11.7596405045
-11.7596487759
-11.7596570473
-11.7596653187
-11.7596735901
-11.7596818615
-11.7596901329
-11.7596984043
-11.7597066757
-11.7597149471
-11.7597232185
-11.7597314899
-11.7590770346
-11.759085306
-11.7590935774
-11.7591018488
-11.7591101202
-11.7591183916
-11.759126663
-11.7591349344
-11.7591432058
-11.7591514772
-11.7591597486
-11.75916802
-11.7591762914
-11.7591845628
-11.7591928342
-11.7592011056
-11.759209377
-11.7592176484
-11.7592259198
-11.7592341912
-11.7592424626
-11.759250734
-11.7592590054
-11.7592672768
-11.7592755482
-11.7592838196
-11.759292091
-11.7593003624
-11.7593086338
-11.7593169052
-11.7593251766
-11.759333448
-11.7593417194
-11.7593499908
-11.7593582622
-11.7593665336
-11.759374805
-11.7593830764
-11.7593913478
-11.7593996192
-11.7594078906
-11.759416162
-11.7594244334
-11.7594327048
-11.7594409762
-11.7594492476
-11.759457519
-11.7594657904
-11.7594740618
-11.7594823333
-11.7594906047
-11.7594988761
-11.7595071475
-11.7595154189
-11.7595236903
-11.7595319617
-11.7595402331
-11.7595485045
-11.7595567759
-11.7595650473
-11.7595733187
-11.7595815901
-11.7595898615
-11.7595981329
-11.7596064043
-11.7596146757
-11.7596229471
-11.7596312185
-11.7596394899
-11.7596477613
-11.7596560327
-11.7596643041
-11.7596725755
-11.7596808469
-11.7596891183
-11.7596973897
-11.7597056611
-11.7597139325
-11.7597222039
-11.7597304753
-11.7590760199
-11.7590842913
-11.7590925627
-11.7591008341
-11.7591091055
-11.7591173769
-11.7591256483
-11.7591339198
-11.7591421912
-11.7591504626
-11.759158734
-11.7591670054
-11.7591752768
-11.7591835482
-11.7591918196
-11.759200091
-11.7592083624
-11.7592166338
-11.7592249052
-11.7592331766
-11.759241448
-11.7592497194
-11.7592579908
-11.7592662622
-11.7592745336
-11.759282805
-11.7592910764
-11.7592993478
-11.7593076192
-11.7593158906
-11.759324162
-11.7593324334
-11.7593407048
-11.7593489762
-11.7593572476
-11.759365519
-11.7593737904
-11.7593820618
-11.7593903332
-11.7593986046
-11.759406876
-11.7594151474
-11.7594234188
-11.7594316902
-11.7594399616
-11.759448233
-11.7594565044
-11.7594647758
-11.7594730472
-11.7594813186
-11.75948959
-11.7594978614
-11.7595061328
-11.7595144042
-11.7595226756
-11.759530947
-11.7595392184
-11.7595474898
-11.7595557612
-11.7595640326
-11.759572304
-11.7595805754
-11.7595888468
-11.7595971182
-11.7596053896
-11.759613661
-11.7596219324
-11.7596302038
-11.7596384752
-11.7596467466
-11.759655018
-11.7596632894
-11.7596715608
-11.7596798322
-11.7596881036
-11.759696375
-11.7597046464
-11.7597129178
-11.7597211892
-11.7597294606
-11.7590750053
-11.7590832767
-11.7590915481
-11.7590998195
-11.7591080909
-11.7591163623
-11.7591246337
-11.7591329051
-11.7591411765
-11.7591494479
-11.7591577193
-11.7591659907
-11.7591742621
-11.7591825335
-11.7591908049
-11.7591990763
-11.7592073477
-11.7592156191
-11.7592238905
-11.7592321619
-11.7592404333
-11.7592487047
-11.7592569761
-11.7592652475
-11.7592735189
-11.7592817903
-11.7592900617
-11.7592983331
-11.7593066045
-11.7593148759
-11.7593231473
-11.7593314187
-11.7593396901
-11.7593479615
-11.7593562329
-11.7593645043
-11.7593727757
-11.7593810471
-11.7593893185
-11.7593975899
-11.7594058613
-11.7594141327
-11.7594224041
-11.7594306755
-11.7594389469
-11.7594472183
-11.7594554897
-11.7594637611
-11.7594720325
-11.7594803039
-11.7594885753
-11.7594968467
-11.7595051181
-11.7595133895
-11.759521661
-11.7595299324
-11.7595382038
-11.7595464752
-11.7595547466
-11.759563018
-11.7595712894
-11.7595795608
-11.7595878322
-11.7595961036
-11.759604375
-11.7596126464
-11.7596209178
-11.7596291892
-11.7596374606
-11.759645732
-11.7596540034
-11.7596622748
-11.7596705462
-11.7596788176
-11.759687089
-11.7596953604
-11.7597036318
-11.7597119032
-11.7597201746
-11.759728446
-11.7590739906
-11.759082262
-11.7590905334
-11.7590988048
-11.7591070762
-11.7591153476
-11.759123619
-11.7591318904
-11.7591401618
-11.7591484332
-11.7591567046
-11.7591649761
-11.7591732475
-11.7591815189
-11.7591897903
-11.7591980617
-11.7592063331
-11.7592146045
-11.7592228759
-11.7592311473
-11.7592394187
-11.7592476901
-11.7592559615
-11.7592642329
-11.7592725043
-11.7592807757
-11.7592890471
-11.7592973185
-11.7593055899
-11.7593138613
-11.7593221327
-11.7593304041
-11.7593386755
-11.7593469469
-11.7593552183
-11.7593634897
-11.7593717611
-11.7593800325
-11.7593883039
-11.7593965753
-11.7594048467
-11.7594131181
-11.7594213895
-11.7594296609
-11.7594379323
-11.7594462037
-11.7594544751
-11.7594627465
-11.7594710179
-11.7594792893
-11.7594875607
-11.7594958321
-11.7595041035
-11.7595123749
-11.7595206463
-11.7595289177
-11.7595371891
-11.7595454605
-11.7595537319
-11.7595620033
-11.7595702747
-11.7595785461
-11.7595868175
-11.7595950889
-11.7596033603
-11.7596116317
-11.7596199031
-11.7596281745
-11.7596364459
-11.7596447173
-11.7596529887
-11.7596612601
-11.7596695315
-11.7596778029
-11.7596860743
-11.7596943457
-11.7597026171
-11.7597108885
-11.7597191599
-11.7597274313
-11.759072976
-11.7590812474
-11.7590895188
-11.7590977902
-11.7591060616
-11.759114333
-11.7591226044
-11.7591308758
-11.7591391472
-11.7591474186
-11.75915569
-11.7591639614
-11.7591722328
-11.7591805042
-11.7591887756
-11.759197047
-11.7592053184
-11.7592135898
-11.7592218612
-11.7592301326
-11.759238404
-11.7592466754
-11.7592549468
-11.7592632182
-11.7592714896
-11.759279761
-11.7592880324
-11.7592963038
-11.7593045752
-11.7593128466
-11.759321118
-11.7593293894
-11.7593376608
-11.7593459322
-11.7593542036
-11.759362475
-11.7593707464
-11.7593790178
-11.7593872892
-11.7593955606
-11.759403832
-11.7594121034
-11.7594203748
-11.7594286462
-11.7594369176
-11.759445189
-11.7594534604
-11.7594617318
-11.7594700032
-11.7594782746
-11.759486546
-11.7594948174
-11.7595030888
-11.7595113602
-11.7595196316
-11.759527903
-11.7595361744
-11.7595444458
-11.7595527172
-11.7595609887
-11.7595692601
-11.7595775315
-11.7595858029
-11.7595940743
-11.7596023457
-11.7596106171
-11.7596188885
-11.7596271599
-11.7596354313
-11.7596437027
-11.7596519741
-11.7596602455
-11.7596685169
-11.7596767883
-11.7596850597
-11.7596933311
-11.7597016025
-11.7597098739
-11.7597181453
-11.7597264167
-11.7590719613
-11.7590802327
-11.7590885041
-11.7590967755
-11.7591050469
-11.7591133183
-11.7591215897
-11.7591298611
-11.7591381325
-11.7591464039
-11.7591546753
-11.7591629467
-11.7591712181
-11.7591794895
-11.7591877609
-11.7591960323
-11.7592043038
-11.7592125752
-11.7592208466
-11.759229118
-11.7592373894
-11.7592456608
-11.7592539322
-11.7592622036
-11.759270475
-11.7592787464
-11.7592870178
-11.7592952892
-11.7593035606
-11.759311832
-11.7593201034
-11.7593283748
-11.7593366462
-11.7593449176
-11.759353189
-11.7593614604
-11.7593697318
-11.7593780032
-11.7593862746
-11.759394546
-11.7594028174
-11.7594110888
-11.7594193602
-11.7594276316
-11.759435903
-11.7594441744
-11.7594524458
-11.7594607172
-11.7594689886
-11.75947726
-11.7594855314
-11.7594938028
-11.7595020742
-11.7595103456
-11.759518617
-11.7595268884
-11.7595351598
-11.7595434312
-11.7595517026
-11.759559974
-11.7595682454
-11.7595765168
-11.7595847882
-11.7595930596
-11.759601331
-11.7596096024
-11.7596178738
-11.7596261452
-11.7596344166
-11.759642688
-11.7596509594
-11.7596592308
-11.7596675022
-11.7596757736
-11.759684045
-11.7596923164
-11.7597005878
-11.7597088592
-11.7597171306
-11.759725402
-11.7590709467
-11.7590792181
-11.7590874895
-11.7590957609
-11.7591040323
-11.7591123037
-11.7591205751
-11.7591288465
-11.7591371179
-11.7591453893
-11.7591536607
-11.7591619321
-11.7591702035
-11.7591784749
-11.7591867463
-11.7591950177
-11.7592032891
-11.7592115605
-11.7592198319
-11.7592281033
-11.7592363747
-11.7592446461
-11.7592529175
-11.7592611889
-11.7592694603
-11.7592777317
-11.7592860031
-11.7592942745
-11.7593025459
-11.7593108173
-11.7593190887
-11.7593273601
-11.7593356315
-11.7593439029
-11.7593521743
-11.7593604457
-11.7593687171
-11.7593769885
-11.7593852599
-11.7593935313
-11.7594018027
-11.7594100741
-11.7594183455
-11.7594266169
-11.7594348883
-11.7594431597
-11.7594514311
-11.7594597025
-11.7594679739
-11.7594762453
-11.7594845167
-11.7594927881
-11.7595010595
-11.7595093309
-11.7595176023
-11.7595258737
-11.7595341451
-11.7595424165
-11.7595506879
-11.7595589593
-11.7595672307
-11.7595755021
-11.7595837735
-11.759592045
-11.7596003164
-11.7596085878
-11.7596168592
-11.7596251306
-11.759633402
-11.7596416734
-11.7596499448
-11.7596582162
-11.7596664876
-11.759674759
-11.7596830304
-11.7596913018
-11.7596995732
-11.7597078446
-11.759716116
-11.7597243874
-11.759069932
-11.7590782034
-11.7590864748
-11.7590947462
-11.7591030176
-11.759111289
-11.7591195604
-11.7591278318
-11.7591361032
-11.7591443746
-11.759152646
-11.7591609174
-11.7591691888
-11.7591774602
-11.7591857316
-11.759194003
-11.7592022744
-11.7592105458
-11.7592188172
-11.7592270886
-11.75923536
-11.7592436315
-11.7592519029
-11.7592601743
-11.7592684457
-11.7592767171
-11.7592849885
-11.7592932599
-11.7593015313
-11.7593098027
-11.7593180741
-11.7593263455
-11.7593346169
-11.7593428883
-11.7593511597
-11.7593594311
-11.7593677025
-11.7593759739
-11.7593842453
-11.7593925167
-11.7594007881
-11.7594090595
-11.7594173309
-11.7594256023
-11.7594338737
-11.7594421451
-11.7594504165
-11.7594586879
-11.7594669593
-11.7594752307
-11.7594835021
-11.7594917735
-11.7595000449
-11.7595083163
-11.7595165877
-11.7595248591
-11.7595331305
-11.7595414019
-11.7595496733
-11.7595579447
-11.7595662161
-11.7595744875
-11.7595827589
-11.7595910303
-11.7595993017
-11.7596075731
-11.7596158445
-11.7596241159
-11.7596323873
-11.7596406587
-11.7596489301
-11.7596572015
-11.7596654729
-11.7596737443
-11.7596820157
-11.7596902871
-11.7596985585
-11.7597068299
-11.7597151013
-11.7597233727
-11.7590689174
-11.7590771888
-11.7590854602
-11.7590937316
-11.759102003
-11.7591102744
-11.7591185458
-11.7591268172
-11.7591350886
-11.75914336
-11.7591516314
-11.7591599028
-11.7591681742
-11.7591764456
-11.759184717
-11.7591929884
-11.7592012598
-11.7592095312
-11.7592178026
-11.759226074
-11.7592343454
-11.7592426168
-11.7592508882
-11.7592591596
-11.759267431
-11.7592757024
-11.7592839738
-11.7592922452
-11.7593005166
-11.759308788
-11.7593170594
-11.7593253308
-11.7593336022
-11.7593418736
-11.759350145
-11.7593584164
-11.7593666878
-11.7593749592
-11.7593832306
-11.759391502
-11.7593997734
-11.7594080448
-11.7594163162
-11.7594245876
-11.759432859
-11.7594411304
-11.7594494018
-11.7594576732
-11.7594659446
-11.759474216
-11.7594824874
-11.7594907588
-11.7594990302
-11.7595073016
-11.759515573
-11.7595238444
-11.7595321158
-11.7595403872
-11.7595486586
-11.75955693
-11.7595652014
-11.7595734728
-11.7595817442
-11.7595900156
-11.759598287
-11.7596065584
-11.7596148298
-11.7596231012
-11.7596313727
-11.7596396441
-11.7596479155
-11.7596561869
-11.7596644583
-11.7596727297
-11.7596810011
-11.7596892725
-11.7596975439
-11.7597058153
-11.7597140867
-11.7597223581
-11.7590679027
-11.7590761741
-11.7590844455
-11.7590927169
-11.7591009883
-11.7591092597
-11.7591175311
-11.7591258025
-11.7591340739
-11.7591423453
-11.7591506167
-11.7591588881
-11.7591671595
-11.7591754309
-11.7591837023
-11.7591919737
-11.7592002451
-11.7592085165
-11.7592167879
-11.7592250593
-11.7592333307
-11.7592416021
-11.7592498735
-11.7592581449
-11.7592664163
-11.7592746878
-11.7592829592
-11.7592912306
-11.759299502
-11.7593077734
-11.7593160448
-11.7593243162
-11.7593325876
-11.759340859
-11.7593491304
-11.7593574018
-11.7593656732
-11.7593739446
-11.759382216
-11.7593904874
-11.7593987588
-11.7594070302
-11.7594153016
-11.759423573
-11.7594318444
-11.7594401158
-11.7594483872
-11.7594566586
-11.75946493
-11.7594732014
-11.7594814728
-11.7594897442
-11.7594980156
-11.759506287
-11.7595145584
-11.7595228298
-11.7595311012
-11.7595393726
-11.759547644
-11.7595559154
-11.7595641868
-11.7595724582
-11.7595807296
-11.759589001
-11.7595972724
-11.7596055438
-11.7596138152
-11.7596220866
-11.759630358
-11.7596386294
-11.7596469008
-11.7596551722
-11.7596634436
-11.759671715
-11.7596799864
-11.7596882578
-11.7596965292
-11.7597048006
-11.759713072
-11.7597213434
-11.7590668881
-11.7590751595
-11.7590834309
-11.7590917023
-11.7590999737
-11.7591082451
-11.7591165165
-11.7591247879
-11.7591330593
-11.7591413307
-11.7591496021
-11.7591578735
-11.7591661449
-11.7591744163
-11.7591826877
-11.7591909591
-11.7591992305
-11.7592075019
-11.7592157733
-11.7592240447
-11.7592323161
-11.7592405875
-11.7592488589
-11.7592571303
-11.7592654017
-11.7592736731
-11.7592819445
-11.7592902159
-11.7592984873
-11.7593067587
-11.7593150301
-11.7593233015
-11.7593315729
-11.7593398443
-11.7593481157
-11.7593563871
-11.7593646585
-11.7593729299
-11.7593812013
-11.7593894727
-11.7593977441
-11.7594060155
-11.7594142869
-11.7594225583
-11.7594308297
-11.7594391011
-11.7594473725
-11.7594556439
-11.7594639153
-11.7594721867
-11.7594804581
-11.7594887295
-11.7594970009
-11.7595052723
-11.7595135437
-11.7595218151
-11.7595300865
-11.7595383579
-11.7595466293
-11.7595549007
-11.7595631721
-11.7595714435
-11.7595797149
-11.7595879863
-11.7595962577
-11.7596045291
-11.7596128005
-11.7596210719
-11.7596293433
-11.7596376147
-11.7596458861
-11.7596541575
-11.7596624289
-11.7596707004
-11.7596789718
-11.7596872432
-11.7596955146
-11.759703786
-11.7597120574
-11.7597203288
-11.7590658734
-11.7590741448
-11.7590824162
-11.7590906876
-11.759098959
-11.7591072304
-11.7591155018
-11.7591237732
-11.7591320446
-11.759140316
-11.7591485874
-11.7591568588
-11.7591651302
-11.7591734016
-11.759181673
-11.7591899444
-11.7591982158
-11.7592064872
-11.7592147586
-11.75922303
-11.7592313014
-11.7592395728
-11.7592478442
-11.7592561156
-11.759264387
-11.7592726584
-11.7592809298
-11.7592892012
-11.7592974726
-11.759305744
-11.7593140155
-11.7593222869
-11.7593305583
-11.7593388297
-11.7593471011
-11.7593553725
-11.7593636439
-11.7593719153
-11.7593801867
-11.7593884581
-11.7593967295
-11.7594050009
-11.7594132723
-11.7594215437
-11.7594298151
-11.7594380865
-11.7594463579
-11.7594546293
-11.7594629007
-11.7594711721
-11.7594794435
-11.7594877149
-11.7594959863
-11.7595042577
-11.7595125291
-11.7595208005
-11.7595290719
-11.7595373433
-11.7595456147
-11.7595538861
-11.7595621575
-11.7595704289
-11.7595787003
-11.7595869717
-11.7595952431
-11.7596035145
-11.7596117859
-11.7596200573
-11.7596283287
-11.7596366001
-11.7596448715
-11.7596531429
-11.7596614143
-11.7596696857
-11.7596779571
-11.7596862285
-11.7596944999
-11.7597027713
-11.7597110427
-11.7597193141
-11.7590648588
-11.7590731302
-11.7590814016
-11.759089673
-11.7590979444
-11.7591062158
-11.7591144872
-11.7591227586
-11.75913103
-11.7591393014
-11.7591475728
-11.7591558442
-11.7591641156
-11.759172387
-11.7591806584
-11.7591889298
-11.7591972012
-11.7592054726
-11.759213744
-11.7592220154
-11.7592302868
-11.7592385582
-11.7592468296
-11.759255101
-11.7592633724
-11.7592716438
-11.7592799152
-11.7592881866
-11.759296458
-11.7593047294
-11.7593130008
-11.7593212722
-11.7593295436
-11.759337815
-11.7593460864
-11.7593543578
-11.7593626292
-11.7593709006
-11.759379172
-11.7593874434
-11.7593957148
-11.7594039862
-11.7594122576
-11.759420529
-11.7594288004
-11.7594370718
-11.7594453432
-11.7594536146
-11.759461886
-11.7594701574
-11.7594784288
-11.7594867002
-11.7594949716
-11.759503243
-11.7595115144
-11.7595197858
-11.7595280572
-11.7595363286
-11.7595446
-11.7595528714
-11.7595611428
-11.7595694142
-11.7595776856
-11.759585957
-11.7595942284
-11.7596024998
-11.7596107712
-11.7596190426
-11.759627314
-11.7596355854
-11.7596438568
-11.7596521282
-11.7596603996
-11.759668671
-11.7596769424
-11.7596852138
-11.7596934852
-11.7597017567
-11.7597100281
-11.7597182995
-11.7590638441
-11.7590721155
-11.7590803869
-11.7590886583
-11.7590969297
-11.7591052011
-11.7591134725
-11.7591217439
-11.7591300153
-11.7591382867
-11.7591465581
-11.7591548295
-11.7591631009
-11.7591713723
-11.7591796437
-11.7591879151
-11.7591961865
-11.7592044579
-11.7592127293
-11.7592210007
-11.7592292721
-11.7592375435
-11.7592458149
-11.7592540863
-11.7592623577
-11.7592706291
-11.7592789005
-11.7592871719
-11.7592954433
-11.7593037147
-11.7593119861
-11.7593202575
-11.7593285289
-11.7593368003
-11.7593450718
-11.7593533432
-11.7593616146
-11.759369886
-11.7593781574
-11.7593864288
-11.7593947002
-11.7594029716
-11.759411243
-11.7594195144
-11.7594277858
-11.7594360572
-11.7594443286
-11.7594526
-11.7594608714
-11.7594691428
-11.7594774142
-11.7594856856
-11.759493957
-11.7595022284
-11.7595104998
-11.7595187712
-11.7595270426
-11.759535314
-11.7595435854
-11.7595518568
-11.7595601282
-11.7595683996
-11.759576671
-11.7595849424
-11.7595932138
-11.7596014852
-11.7596097566
-11.759618028
-11.7596262994
-11.7596345708
-11.7596428422
-11.7596511136
-11.759659385
-11.7596676564
-11.7596759278
-11.7596841992
-11.7596924706
-11.759700742
-11.7597090134
-11.7597172848
-11.7590628295
-11.7590711009
-11.7590793723
-11.7590876437
-11.7590959151
-11.7591041865
-11.7591124579
-11.7591207293
-11.7591290007
-11.7591372721
-11.7591455435
-11.7591538149
-11.7591620863
-11.7591703577
-11.7591786291
-11.7591869005
-11.7591951719
-11.7592034433
-11.7592117147
-11.7592199861
-11.7592282575
-11.7592365289
-11.7592448003
-11.7592530717
-11.7592613431
-11.7592696145
-11.7592778859
-11.7592861573
-11.7592944287
-11.7593027001
-11.7593109715
-11.7593192429
-11.7593275143
-11.7593357857
-11.7593440571
-11.7593523285
-11.7593605999
-11.7593688713
-11.7593771427
-11.7593854141
-11.7593936855
-11.7594019569
-11.7594102283
-11.7594184997
-11.7594267711
-11.7594350425
-11.7594433139
-11.7594515853
-11.7594598567
-11.7594681281
-11.7594763995
-11.7594846709
-11.7594929423
-11.7595012137
-11.7595094851
-11.7595177565
-11.7595260279
-11.7595342993
-11.7595425707
-11.7595508421
-11.7595591135
-11.7595673849
-11.7595756563
-11.7595839277
-11.7595921991
-11.7596004705
-11.7596087419
-11.7596170133
-11.7596252847
-11.7596335561
-11.7596418275
-11.7596500989
-11.7596583703
-11.7596666417
-11.7596749131
-11.7596831845
-11.7596914559
-11.7596997273
-11.7597079987
-11.7597162701
-11.7590618148
-11.7590700862
-11.7590783576
-11.759086629
-11.7590949004
-11.7591031718
-11.7591114432
-11.7591197146
-11.759127986
-11.7591362574
-11.7591445288
-11.7591528002
-11.7591610716
-11.759169343
-11.7591776144
-11.7591858858
-11.7591941572
-11.7592024286
-11.7592107
-11.7592189714
-11.7592272428
-11.7592355142
-11.7592437856
-11.759252057
-11.7592603284
-11.7592685998
-11.7592768712
-11.7592851426
-11.759293414
-11.7593016854
-11.7593099568
-11.7593182282
-11.7593264996
-11.759334771
-11.7593430424
-11.7593513138
-11.7593595852
-11.7593678566
-11.759376128
-11.7593843995
-11.7593926709
-11.7594009423
-11.7594092137
-11.7594174851
-11.7594257565
-11.7594340279
-11.7594422993
-11.7594505707
-11.7594588421
-11.7594671135
-11.7594753849
-11.7594836563
-11.7594919277
-11.7595001991
-11.7595084705
-11.7595167419
-11.7595250133
-11.7595332847
-11.7595415561
-11.7595498275
-11.7595580989
-11.7595663703
-11.7595746417
-11.7595829131
-11.7595911845
-11.7595994559
-11.7596077273
-11.7596159987
-11.7596242701
-11.7596325415
-11.7596408129
-11.7596490843
-11.7596573557
-11.7596656271
-11.7596738985
-11.7596821699
-11.7596904413
-11.7596987127
-11.7597069841
-11.7597152555
-11.7590608002
-11.7590690716
-11.759077343
-11.7590856144
-11.7590938858
-11.7591021572
-11.7591104286
-11.7591187
-11.7591269714
-11.7591352428
-11.7591435142
-11.7591517856
-11.759160057
-11.7591683284
-11.7591765998
-11.7591848712
-11.7591931426
-11.759201414
-11.7592096854
-11.7592179568
-11.7592262282
-11.7592344996
-11.759242771
-11.7592510424
-11.7592593138
-11.7592675852
-11.7592758566
-11.759284128
-11.7592923994
-11.7593006708
-11.7593089422
-11.7593172136
-11.759325485
-11.7593337564
-11.7593420278
-11.7593502992
-11.7593585706
-11.759366842
-11.7593751134
-11.7593833848
-11.7593916562
-11.7593999276
-11.759408199
-11.7594164704
-11.7594247418
-11.7594330132
-11.7594412846
-11.759449556
-11.7594578274
-11.7594660988
-11.7594743702
-11.7594826416
-11.759490913
-11.7594991844
-11.7595074558
-11.7595157272
-11.7595239986
-11.75953227
-11.7595405414
-11.7595488128
-11.7595570842
-11.7595653556
-11.759573627
-11.7595818984
-11.7595901698
-11.7595984412
-11.7596067126
-11.759614984
-11.7596232554
-11.7596315268
-11.7596397982
-11.7596480696
-11.759656341
-11.7596646124
-11.7596728838
-11.7596811552
-11.7596894266
-11.759697698
-11.7597059694
-11.7597142408
-11.7590597855
-11.7590680569
-11.7590763283
-11.7590845997
-11.7590928711
-11.7591011425
-11.7591094139
-11.7591176853
-11.7591259567
-11.7591342281
-11.7591424995
-11.7591507709
-11.7591590423
-11.7591673137
-11.7591755851
-11.7591838565
-11.7591921279
-11.7592003993
-11.7592086707
-11.7592169421
-11.7592252135
-11.7592334849
-11.7592417563
-11.7592500277
-11.7592582991
-11.7592665705
-11.7592748419
-11.7592831133
-11.7592913847
-11.7592996561
-11.7593079275
-11.7593161989
-11.7593244703
-11.7593327417
-11.7593410131
-11.7593492845
-11.7593575559
-11.7593658273
-11.7593740987
-11.7593823701
-11.7593906415
-11.7593989129
-11.7594071843
-11.7594154557
-11.7594237272
-11.7594319986
-11.75944027
-11.7594485414
-11.7594568128
-11.7594650842
-11.7594733556
-11.759481627
-11.7594898984
-11.7594981698
-11.7595064412
-11.7595147126
-11.759522984
-11.7595312554
-11.7595395268
-11.7595477982
-11.7595560696
-11.759564341
-11.7595726124
-11.7595808838
-11.7595891552
-11.7595974266
-11.759605698
-11.7596139694
-11.7596222408
-11.7596305122
-11.7596387836
-11.759647055
-11.7596553264
-11.7596635978
-11.7596718692
-11.7596801406
-11.759688412
-11.7596966834
-11.7597049548
-11.7597132262
-11.7590587708
-11.7590670423
-11.7590753137
-11.7590835851
-11.7590918565
-11.7591001279
-11.7591083993
-11.7591166707
-11.7591249421
-11.7591332135
-11.7591414849
-11.7591497563
-11.7591580277
-11.7591662991
-11.7591745705
-11.7591828419
-11.7591911133
-11.7591993847
-11.7592076561
-11.7592159275
-11.7592241989
-11.7592324703
-11.7592407417
-11.7592490131
-11.7592572845
-11.7592655559
-11.7592738273
-11.7592820987
-11.7592903701
-11.7592986415
-11.7593069129
-11.7593151843
-11.7593234557
-11.7593317271
-11.7593399985
-11.7593482699
-11.7593565413
-11.7593648127
-11.7593730841
-11.7593813555
-11.7593896269
-11.7593978983
-11.7594061697
-11.7594144411
-11.7594227125
-11.7594309839
-11.7594392553
-11.7594475267
-11.7594557981
-11.7594640695
-11.7594723409
-11.7594806123
-11.7594888837
-11.7594971551
-11.7595054265
-11.7595136979
-11.7595219693
-11.7595302407
-11.7595385121
-11.7595467835
-11.7595550549
-11.7595633263
-11.7595715977
-11.7595798691
-11.7595881405
-11.7595964119
-11.7596046833
-11.7596129547
-11.7596212261
-11.7596294975
-11.7596377689
-11.7596460403
-11.7596543117
-11.7596625831
-11.7596708545
-11.7596791259
-11.7596873973
-11.7596956687
-11.7597039401
-11.7597122115
-11.7590577562
-11.7590660276
-11.759074299
-11.7590825704
-11.7590908418
-11.7590991132
-11.7591073846
-11.759115656
-11.7591239274
-11.7591321988
-11.7591404702
-11.7591487416
-11.759157013
-11.7591652844
-11.7591735558
-11.7591818272
-11.7591900986
-11.75919837
-11.7592066414
-11.7592149128
-11.7592231842
-11.7592314556
-11.759239727
-11.7592479984
-11.7592562698
-11.7592645412
-11.7592728126
-11.759281084
-11.7592893554
-11.7592976268
-11.7593058982
-11.7593141696
-11.759322441
-11.7593307124
-11.7593389838
-11.7593472552
-11.7593555266
-11.759363798
-11.7593720694
-11.7593803408
-11.7593886122
-11.7593968836
-11.759405155
-11.7594134264
-11.7594216978
-11.7594299692
-11.7594382406
-11.759446512
-11.7594547835
-11.7594630549
-11.7594713263
-11.7594795977
-11.7594878691
-11.7594961405
-11.7595044119
-11.7595126833
-11.7595209547
-11.7595292261
-11.7595374975
-11.7595457689
-11.7595540403
-11.7595623117
-11.7595705831
-11.7595788545
-11.7595871259
-11.7595953973
-11.7596036687
-11.7596119401
-11.7596202115
-11.7596284829
-11.7596367543
-11.7596450257
-11.7596532971
-11.7596615685
-11.7596698399
-11.7596781113
-11.7596863827
-11.7596946541
-11.7597029255
-11.7597111969
-11.7590567415
-11.7590650129
-11.7590732843
-11.7590815557
-11.7590898271
-11.7590980985
-11.75910637
-11.7591146414
-11.7591229128
-11.7591311842
-11.7591394556
-11.759147727
-11.7591559984
-11.7591642698
-11.7591725412
-11.7591808126
-11.759189084
-11.7591973554
-11.7592056268
-11.7592138982
-11.7592221696
-11.759230441
-11.7592387124
-11.7592469838
-11.7592552552
-11.7592635266
-11.759271798
-11.7592800694
-11.7592883408
-11.7592966122
-11.7593048836
-11.759313155
-11.7593214264
-11.7593296978
-11.7593379692
-11.7593462406
-11.759354512
-11.7593627834
-11.7593710548
-11.7593793262
-11.7593875976
-11.759395869
-11.7594041404
-11.7594124118
-11.7594206832
-11.7594289546
-11.759437226
-11.7594454974
-11.7594537688
-11.7594620402
-11.7594703116
-11.759478583
-11.7594868544
-11.7594951258
-11.7595033972
-11.7595116686
-11.75951994
-11.7595282114
-11.7595364828
-11.7595447542
-11.7595530256
-11.759561297
-11.7595695684
-11.7595778398
-11.7595861112
-11.7595943826
-11.759602654
-11.7596109254
-11.7596191968
-11.7596274682
-11.7596357396
-11.759644011
-11.7596522824
-11.7596605538
-11.7596688252
-11.7596770966
-11.759685368
-11.7596936394
-11.7597019108
-11.7597101822
-11.7590557269
-11.7590639983
-11.7590722697
-11.7590805411
-11.7590888125
-11.7590970839
-11.7591053553
-11.7591136267
-11.7591218981
-11.7591301695
-11.7591384409
-11.7591467123
-11.7591549837
-11.7591632551
-11.7591715265
-11.7591797979
-11.7591880693
-11.7591963407
-11.7592046121
-11.7592128835
-11.7592211549
-11.7592294263
-11.7592376977
-11.7592459691
-11.7592542405
-11.7592625119
-11.7592707833
-11.7592790547
-11.7592873261
-11.7592955975
-11.7593038689
-11.7593121403
-11.7593204117
-11.7593286831
-11.7593369545
-11.7593452259
-11.7593534973
-11.7593617687
-11.7593700401
-11.7593783115
-11.7593865829
-11.7593948543
-11.7594031257
-11.7594113971
-11.7594196685
-11.7594279399
-11.7594362113
-11.7594444827
-11.7594527541
-11.7594610255
-11.7594692969
-11.7594775683
-11.7594858397
-11.7594941112
-11.7595023826
-11.759510654
-11.7595189254
-11.7595271968
-11.7595354682
-11.7595437396
-11.759552011
-11.7595602824
-11.7595685538
-11.7595768252
-11.7595850966
-11.759593368
-11.7596016394
-11.7596099108
-11.7596181822
-11.7596264536
-11.759634725
-11.7596429964
-11.7596512678
-11.7596595392
-11.7596678106
-11.759676082
-11.7596843534
-11.7596926248
-11.7597008962
-11.7597091676
-11.7590547122
-11.7590629836
-11.759071255
-11.7590795264
-11.7590877978
-11.7590960692
-11.7591043406
-11.759112612
-11.7591208834
-11.7591291548
-11.7591374263
-11.7591456977
-11.7591539691
-11.7591622405
-11.7591705119
-11.7591787833
-11.7591870547
-11.7591953261
-11.7592035975
-11.7592118689
-11.7592201403
-11.7592284117
-11.7592366831
-11.7592449545
-11.7592532259
-11.7592614973
-11.7592697687
-11.7592780401
-11.7592863115
-11.7592945829
-11.7593028543
-11.7593111257
-11.7593193971
-11.7593276685
-11.7593359399
-11.7593442113
-11.7593524827
-11.7593607541
-11.7593690255
-11.7593772969
-11.7593855683
-11.7593938397
-11.7594021111
-11.7594103825
-11.7594186539
-11.7594269253
-11.7594351967
-11.7594434681
-11.7594517395
-11.7594600109
-11.7594682823
-11.7594765537
-11.7594848251
-11.7594930965
-11.7595013679
-11.7595096393
-11.7595179107
-11.7595261821
-11.7595344535
-11.7595427249
-11.7595509963
-11.7595592677
-11.7595675391
-11.7595758105
-11.7595840819
-11.7595923533
-11.7596006247
-11.7596088961
-11.7596171675
-11.7596254389
-11.7596337103
-11.7596419817
-11.7596502531
-11.7596585245
-11.7596667959
-11.7596750673
-11.7596833387
-11.7596916101
-11.7596998815
-11.7597081529
-11.7590536976
-11.759061969
-11.7590702404
-11.7590785118
-11.7590867832
-11.7590950546
-11.759103326
-11.7591115974
-11.7591198688
-11.7591281402
-11.7591364116
-11.759144683
-11.7591529544
-11.7591612258
-11.7591694972
-11.7591777686
-11.75918604
-11.7591943114
-11.7592025828
-11.7592108542
-11.7592191256
-11.759227397
-11.7592356684
-11.7592439398
-11.7592522112
-11.7592604826
-11.759268754
-11.7592770254
-11.7592852968
-11.7592935682
-11.7593018396
-11.759310111
-11.7593183824
-11.7593266538
-11.7593349252
-11.7593431966
-11.759351468
-11.7593597394
-11.7593680108
-11.7593762822
-11.7593845536
-11.759392825
-11.7594010964
-11.7594093678
-11.7594176392
-11.7594259106
-11.759434182
-11.7594424534
-11.7594507248
-11.7594589962
-11.7594672676
-11.759475539
-11.7594838104
-11.7594920818
-11.7595003532
-11.7595086246
-11.759516896
-11.7595251674
-11.7595334389
-11.7595417103
-11.7595499817
-11.7595582531
-11.7595665245
-11.7595747959
-11.7595830673
-11.7595913387
-11.7595996101
-11.7596078815
-11.7596161529
-11.7596244243
-11.7596326957
-11.7596409671
-11.7596492385
-11.7596575099
-11.7596657813
-11.7596740527
-11.7596823241
-11.7596905955
-11.7596988669
-11.7597071383
-11.7590526829
-11.7590609543
-11.7590692257
-11.7590774971
-11.7590857685
-11.7590940399
-11.7591023113
-11.7591105827
-11.7591188541
-11.7591271255
-11.7591353969
-11.7591436683
-11.7591519397
-11.7591602111
-11.7591684825
-11.759176754
-11.7591850254
-11.7591932968
-11.7592015682
-11.7592098396
-11.759218111
-11.7592263824
-11.7592346538
-11.7592429252
-11.7592511966
-11.759259468
-11.7592677394
-11.7592760108
-11.7592842822
-11.7592925536
-11.759300825
-11.7593090964
-11.7593173678
-11.7593256392
-11.7593339106
-11.759342182
-11.7593504534
-11.7593587248
-11.7593669962
-11.7593752676
-11.759383539
-11.7593918104
-11.7594000818
-11.7594083532
-11.7594166246
-11.759424896
-11.7594331674
-11.7594414388
-11.7594497102
-11.7594579816
-11.759466253
-11.7594745244
-11.7594827958
-11.7594910672
-11.7594993386
-11.75950761
-11.7595158814
-11.7595241528
-11.7595324242
-11.7595406956
-11.759548967
-11.7595572384
-11.7595655098
-11.7595737812
-11.7595820526
-11.759590324
-11.7595985954
-11.7596068668
-11.7596151382
-11.7596234096
-11.759631681
-11.7596399524
-11.7596482238
-11.7596564952
-11.7596647666
-11.759673038
-11.7596813094
-11.7596895808
-11.7596978522
-11.7597061236
-11.7590516683
-11.7590599397
-11.7590682111
-11.7590764825
-11.7590847539
-11.7590930253
-11.7591012967
-11.7591095681
-11.7591178395
-11.7591261109
-11.7591343823
-11.7591426537
-11.7591509251
-11.7591591965
-11.7591674679
-11.7591757393
-11.7591840107
-11.7591922821
-11.7592005535
-11.7592088249
-11.7592170963
-11.7592253677
-11.7592336391
-11.7592419105
-11.7592501819
-11.7592584533
-11.7592667247
-11.7592749961
-11.7592832675
-11.7592915389
-11.7592998103
-11.7593080817
-11.7593163531
-11.7593246245
-11.7593328959
-11.7593411673
-11.7593494387
-11.7593577101
-11.7593659815
-11.7593742529
-11.7593825243
-11.7593907957
-11.7593990671
-11.7594073385
-11.7594156099
-11.7594238813
-11.7594321527
-11.7594404241
-11.7594486955
-11.7594569669
-11.7594652383
-11.7594735097
-11.7594817811
-11.7594900525
-11.7594983239
-11.7595065953
-11.7595148667
-11.7595231381
-11.7595314095
-11.7595396809
-11.7595479523
-11.7595562237
-11.7595644952
-11.7595727666
-11.759581038
-11.7595893094
-11.7595975808
-11.7596058522
-11.7596141236
-11.759622395
-11.7596306664
-11.7596389378
-11.7596472092
-11.7596554806
-11.759663752
-11.7596720234
-11.7596802948
-11.7596885662
-11.7596968376
-11.759705109
-11.7590506536
-11.759058925
-11.7590671964
-11.7590754678
-11.7590837392
-11.7590920106
-11.759100282
-11.7591085534
-11.7591168248
-11.7591250962
-11.7591333676
-11.759141639
-11.7591499104
-11.7591581818
-11.7591664532
-11.7591747246
-11.759182996
-11.7591912674
-11.7591995388
-11.7592078103
-11.7592160817
-11.7592243531
-11.7592326245
-11.7592408959
-11.7592491673
-11.7592574387
-11.7592657101
-11.7592739815
-11.7592822529
-11.7592905243
-11.7592987957
-11.7593070671
-11.7593153385
-11.7593236099
-11.7593318813
-11.7593401527
-11.7593484241
-11.7593566955
-11.7593649669
-11.7593732383
-11.7593815097
-11.7593897811
-11.7593980525
-11.7594063239
-11.7594145953
-11.7594228667
-11.7594311381
-11.7594394095
-11.7594476809
-11.7594559523
-11.7594642237
-11.7594724951
-11.7594807665
-11.7594890379
-11.7594973093
-11.7595055807
-11.7595138521
-11.7595221235
-11.7595303949
-11.7595386663
-11.7595469377
-11.7595552091
-11.7595634805
-11.7595717519
-11.7595800233
-11.7595882947
-11.7595965661
-11.7596048375
-11.7596131089
-11.7596213803
-11.7596296517
-11.7596379231
-11.7596461945
-11.7596544659
-11.7596627373
-11.7596710087
-11.7596792801
-11.7596875515
-11.7596958229
-11.7597040943
-11.759049639
-11.7590579104
-11.7590661818
-11.7590744532
-11.7590827246
-11.759090996
-11.7590992674
-11.7591075388
-11.7591158102
-11.7591240816
-11.759132353
-11.7591406244
-11.7591488958
-11.7591571672
-11.7591654386
-11.75917371
-11.7591819814
-11.7591902528
-11.7591985242
-11.7592067956
-11.759215067
-11.7592233384
-11.7592316098
-11.7592398812
-11.7592481526
-11.759256424
-11.7592646954
-11.7592729668
-11.7592812382
-11.7592895096
-11.759297781
-11.7593060524
-11.7593143238
-11.7593225952
-11.7593308666
-11.759339138
-11.7593474094
-11.7593556808
-11.7593639522
-11.7593722236
-11.759380495
-11.7593887664
-11.7593970378
-11.7594053092
-11.7594135806
-11.759421852
-11.7594301234
-11.7594383948
-11.7594466662
-11.7594549376
-11.759463209
-11.7594714804
-11.7594797518
-11.7594880232
-11.7594962946
-11.759504566
-11.7595128374
-11.7595211088
-11.7595293802
-11.7595376516
-11.759545923
-11.7595541944
-11.7595624658
-11.7595707372
-11.7595790086
-11.75958728
-11.7595955514
-11.7596038229
-11.7596120943
-11.7596203657
-11.7596286371
-11.7596369085
-11.7596451799
-11.7596534513
-11.7596617227
-11.7596699941
-11.7596782655
-11.7596865369
-11.7596948083
-11.7597030797
-11.7590486243
-11.7590568957
-11.7590651671
-11.7590734385
-11.7590817099
-11.7590899813
-11.7590982527
-11.7591065241
-11.7591147955
-11.7591230669
-11.7591313383
-11.7591396097
-11.7591478811
-11.7591561525
-11.7591644239
-11.7591726953
-11.7591809667
-11.7591892381
-11.7591975095
-11.7592057809
-11.7592140523
-11.7592223237
-11.7592305951
-11.7592388665
-11.759247138
-11.7592554094
-11.7592636808
-11.7592719522
-11.7592802236
-11.759288495
-11.7592967664
-11.7593050378
-11.7593133092
-11.7593215806
-11.759329852
-11.7593381234
-11.7593463948
-11.7593546662
-11.7593629376
-11.759371209
-11.7593794804
-11.7593877518
-11.7593960232
-11.7594042946
-11.759412566
-11.7594208374
-11.7594291088
-11.7594373802
-11.7594456516
-11.759453923
-11.7594621944
-11.7594704658
-11.7594787372
-11.7594870086
-11.75949528
-11.7595035514
-11.7595118228
-11.7595200942
-11.7595283656
-11.759536637
-11.7595449084
-11.7595531798
-11.7595614512
-11.7595697226
-11.759577994
-11.7595862654
-11.7595945368
-11.7596028082
-11.7596110796
-11.759619351
-11.7596276224
-11.7596358938
-11.7596441652
-11.7596524366
-11.759660708
-11.7596689794
-11.7596772508
-11.7596855222
-11.7596937936
-11.759702065
-11.7590476097
-11.7590558811
-11.7590641525
-11.7590724239
-11.7590806953
-11.7590889667
-11.7590972381
-11.7591055095
-11.7591137809
-11.7591220523
-11.7591303237
-11.7591385951
-11.7591468665
-11.7591551379
-11.7591634093
-11.7591716807
-11.7591799521
-11.7591882235
-11.7591964949
-11.7592047663
-11.7592130377
-11.7592213091
-11.7592295805
-11.7592378519
-11.7592461233
-11.7592543947
-11.7592626661
-11.7592709375
-11.7592792089
-11.7592874803
-11.7592957517
-11.7593040231
-11.7593122945
-11.7593205659
-11.7593288373
-11.7593371087
-11.7593453801
-11.7593536515
-11.7593619229
-11.7593701943
-11.7593784657
-11.7593867371
-11.7593950085
-11.7594032799
-11.7594115513
-11.7594198227
-11.7594280941
-11.7594363655
-11.7594446369
-11.7594529083
-11.7594611797
-11.7594694511
-11.7594777225
-11.7594859939
-11.7594942653
-11.7595025367
-11.7595108081
-11.7595190795
-11.7595273509
-11.7595356223
-11.7595438937
-11.7595521651
-11.7595604365
-11.7595687079
-11.7595769793
-11.7595852507
-11.7595935221
-11.7596017935
-11.7596100649
-11.7596183363
-11.7596266077
-11.7596348791
-11.7596431506
-11.759651422
-11.7596596934
-11.7596679648
-11.7596762362
-11.7596845076
-11.759692779
-11.7597010504
-11.759046595
-11.7590548664
-11.7590631378
-11.7590714092
-11.7590796806
-11.759087952
-11.7590962234
-11.7591044948
-11.7591127662
-11.7591210376
-11.759129309
-11.7591375804
-11.7591458518
-11.7591541232
-11.7591623946
-11.759170666
-11.7591789374
-11.7591872088
-11.7591954802
-11.7592037516
-11.759212023
-11.7592202944
-11.7592285658
-11.7592368372
-11.7592451086
-11.75925338
-11.7592616514
-11.7592699228
-11.7592781942
-11.7592864657
-11.7592947371
-11.7593030085
-11.7593112799
-11.7593195513
-11.7593278227
-11.7593360941
-11.7593443655
-11.7593526369
-11.7593609083
-11.7593691797
-11.7593774511
-11.7593857225
-11.7593939939
-11.7594022653
-11.7594105367
-11.7594188081
-11.7594270795
-11.7594353509
-11.7594436223
-11.7594518937
-11.7594601651
-11.7594684365
-11.7594767079
-11.7594849793
-11.7594932507
-11.7595015221
-11.7595097935
-11.7595180649
-11.7595263363
-11.7595346077
-11.7595428791
-11.7595511505
-11.7595594219
-11.7595676933
-11.7595759647
-11.7595842361
-11.7595925075
-11.7596007789
-11.7596090503
-11.7596173217
-11.7596255931
-11.7596338645
-11.7596421359
-11.7596504073
-11.7596586787
-11.7596669501
-11.7596752215
-11.7596834929
-11.7596917643
-11.7597000357
-11.7590455804
-11.7590538518
-11.7590621232
-11.7590703946
-11.759078666
-11.7590869374
-11.7590952088
-11.7591034802
-11.7591117516
-11.759120023
-11.7591282944
-11.7591365658
-11.7591448372
-11.7591531086
-11.75916138
-11.7591696514
-11.7591779228
-11.7591861942
-11.7591944656
-11.759202737
-11.7592110084
-11.7592192798
-11.7592275512
-11.7592358226
-11.759244094
-11.7592523654
-11.7592606368
-11.7592689082
-11.7592771796
-11.759285451
-11.7592937224
-11.7593019938
-11.7593102652
-11.7593185366
-11.759326808
-11.7593350794
-11.7593433508
-11.7593516222
-11.7593598936
-11.759368165
-11.7593764364
-11.7593847078
-11.7593929792
-11.7594012506
-11.759409522
-11.7594177934
-11.7594260648
-11.7594343362
-11.7594426076
-11.759450879
-11.7594591504
-11.7594674218
-11.7594756932
-11.7594839646
-11.759492236
-11.7595005074
-11.7595087788
-11.7595170502
-11.7595253216
-11.759533593
-11.7595418644
-11.7595501358
-11.7595584072
-11.7595666786
-11.75957495
-11.7595832214
-11.7595914928
-11.7595997642
-11.7596080356
-11.759616307
-11.7596245784
-11.7596328498
-11.7596411212
-11.7596493926
-11.759657664
-11.7596659354
-11.7596742069
-11.7596824783
-11.7596907497
-11.7596990211
-11.7590445657
-11.7590528371
-11.7590611085
-11.7590693799
-11.7590776513
-11.7590859227
-11.7590941941
-11.7591024655
-11.7591107369
-11.7591190083
-11.7591272797
-11.7591355511
-11.7591438225
-11.7591520939
-11.7591603653
-11.7591686367
-11.7591769081
-11.7591851795
-11.7591934509
-11.7592017223
-11.7592099937
-11.7592182651
-11.7592265365
-11.7592348079
-11.7592430793
-11.7592513507
-11.7592596221
-11.7592678935
-11.7592761649
-11.7592844363
-11.7592927077
-11.7593009791
-11.7593092505
-11.759317522
-11.7593257934
-11.7593340648
-11.7593423362
-11.7593506076
-11.759358879
-11.7593671504
-11.7593754218
-11.7593836932
-11.7593919646
-11.759400236
-11.7594085074
-11.7594167788
-11.7594250502
-11.7594333216
-11.759441593
-11.7594498644
-11.7594581358
-11.7594664072
-11.7594746786
-11.75948295
-11.7594912214
-11.7594994928
-11.7595077642
-11.7595160356
-11.759524307
-11.7595325784
-11.7595408498
-11.7595491212
-11.7595573926
-11.759565664
-11.7595739354
-11.7595822068
-11.7595904782
-11.7595987496
-11.759607021
-11.7596152924
-11.7596235638
-11.7596318352
-11.7596401066
-11.759648378
-11.7596566494
-11.7596649208
-11.7596731922
-11.7596814636
-11.759689735
-11.7596980064
-11.7590435511
-11.7590518225
-11.7590600939
-11.7590683653
-11.7590766367
-11.7590849081
-11.7590931795
-11.7591014509
-11.7591097223
-11.7591179937
-11.7591262651
-11.7591345365
-11.7591428079
-11.7591510793
-11.7591593507
-11.7591676221
-11.7591758935
-11.7591841649
-11.7591924363
-11.7592007077
-11.7592089791
-11.7592172505
-11.7592255219
-11.7592337933
-11.7592420647
-11.7592503361
-11.7592586075
-11.7592668789
-11.7592751503
-11.7592834217
-11.7592916931
-11.7592999645
-11.7593082359
-11.7593165073
-11.7593247787
-11.7593330501
-11.7593413215
-11.7593495929
-11.7593578643
-11.7593661357
-11.7593744071
-11.7593826785
-11.7593909499
-11.7593992213
-11.7594074927
-11.7594157641
-11.7594240355
-11.7594323069
-11.7594405783
-11.7594488497
-11.7594571211
-11.7594653925
-11.7594736639
-11.7594819353
-11.7594902067
-11.7594984781
-11.7595067495
-11.7595150209
-11.7595232923
-11.7595315637
-11.7595398351
-11.7595481065
-11.7595563779
-11.7595646493
-11.7595729207
-11.7595811921
-11.7595894635
-11.7595977349
-11.7596060063
-11.7596142777
-11.7596225491
-11.7596308205
-11.7596390919
-11.7596473633
-11.7596556347
-11.7596639061
-11.7596721775
-11.7596804489
-11.7596887203
-11.7596969917
-11.7590425364
-11.7590508078
-11.7590590792
-11.7590673506
-11.759075622
-11.7590838934
-11.7590921648
-11.7591004362
-11.7591087076
-11.759116979
-11.7591252504
-11.7591335218
-11.7591417932
-11.7591500646
-11.759158336
-11.7591666074
-11.7591748788
-11.7591831502
-11.7591914216
-11.759199693
-11.7592079644
-11.7592162358
-11.7592245072
-11.7592327786
-11.75924105
-11.7592493214
-11.7592575928
-11.7592658642
-11.7592741356
-11.759282407
-11.7592906784
-11.7592989498
-11.7593072212
-11.7593154926
-11.759323764
-11.7593320354
-11.7593403068
-11.7593485782
-11.7593568497
-11.7593651211
-11.7593733925
-11.7593816639
-11.7593899353
-11.7593982067
-11.7594064781
-11.7594147495
-11.7594230209
-11.7594312923
-11.7594395637
-11.7594478351
-11.7594561065
-11.7594643779
-11.7594726493
-11.7594809207
-11.7594891921
-11.7594974635
-11.7595057349
-11.7595140063
-11.7595222777
-11.7595305491
-11.7595388205
-11.7595470919
-11.7595553633
-11.7595636347
-11.7595719061
-11.7595801775
-11.7595884489
-11.7595967203
-11.7596049917
-11.7596132631
-11.7596215345
-11.7596298059
-11.7596380773
-11.7596463487
-11.7596546201
-11.7596628915
-11.7596711629
-11.7596794343
-11.7596877057
-11.7596959771
-11.7590415218
-11.7590497932
-11.7590580646
-11.759066336
-11.7590746074
-11.7590828788
-11.7590911502
-11.7590994216
-11.759107693
-11.7591159644
-11.7591242358
-11.7591325072
-11.7591407786
-11.75914905
-11.7591573214
-11.7591655928
-11.7591738642
-11.7591821356
-11.759190407
-11.7591986784
-11.7592069498
-11.7592152212
-11.7592234926
-11.759231764
-11.7592400354
-11.7592483068
-11.7592565782
-11.7592648496
-11.759273121
-11.7592813924
-11.7592896638
-11.7592979352
-11.7593062066
-11.759314478
-11.7593227494
-11.7593310208
-11.7593392922
-11.7593475636
-11.759355835
-11.7593641064
-11.7593723778
-11.7593806492
-11.7593889206
-11.759397192
-11.7594054634
-11.7594137348
-11.7594220062
-11.7594302776
-11.759438549
-11.7594468204
-11.7594550918
-11.7594633632
-11.7594716346
-11.759479906
-11.7594881774
-11.7594964488
-11.7595047202
-11.7595129916
-11.759521263
-11.7595295344
-11.7595378058
-11.7595460772
-11.7595543486
-11.75956262
-11.7595708914
-11.7595791628
-11.7595874342
-11.7595957056
-11.759603977
-11.7596122484
-11.7596205198
-11.7596287912
-11.7596370626
-11.759645334
-11.7596536054
-11.7596618768
-11.7596701482
-11.7596784196
-11.759686691
-11.7596949624
-11.7590405071
-11.7590487785
-11.7590570499
-11.7590653213
-11.7590735927
-11.7590818641
-11.7590901355
-11.7590984069
-11.7591066783
-11.7591149497
-11.7591232211
-11.7591314925
-11.7591397639
-11.7591480353
-11.7591563067
-11.7591645781
-11.7591728495
-11.7591811209
-11.7591893923
-11.7591976637
-11.7592059351
-11.7592142065
-11.7592224779
-11.7592307493
-11.7592390207
-11.7592472921
-11.7592555635
-11.7592638349
-11.7592721063
-11.7592803777
-11.7592886491
-11.7592969205
-11.7593051919
-11.7593134633
-11.7593217347
-11.7593300061
-11.7593382775
-11.7593465489
-11.7593548203
-11.7593630917
-11.7593713631
-11.7593796345
-11.7593879059
-11.7593961774
-11.7594044488
-11.7594127202
-11.7594209916
-11.759429263
-11.7594375344
-11.7594458058
-11.7594540772
-11.7594623486
-11.75947062
-11.7594788914
-11.7594871628
-11.7594954342
-11.7595037056
-11.759511977
-11.7595202484
-11.7595285198
-11.7595367912
-11.7595450626
-11.759553334
-11.7595616054
-11.7595698768
-11.7595781482
-11.7595864196
-11.759594691
-11.7596029624
-11.7596112338
-11.7596195052
-11.7596277766
-11.759636048
-11.7596443194
-11.7596525908
-11.7596608622
-11.7596691336
-11.759677405
-11.7596856764
-11.7596939478
-11.7590394925
-11.7590477639
-11.7590560353
-11.7590643067
-11.7590725781
-11.7590808495
-11.7590891209
-11.7590973923
-11.7591056637
-11.7591139351
-11.7591222065
-11.7591304779
-11.7591387493
-11.7591470207
-11.7591552921
-11.7591635635
-11.7591718349
-11.7591801063
-11.7591883777
-11.7591966491
-11.7592049205
-11.7592131919
-11.7592214633
-11.7592297347
-11.7592380061
-11.7592462775
-11.7592545489
-11.7592628203
-11.7592710917
-11.7592793631
-11.7592876345
-11.7592959059
-11.7593041773
-11.7593124487
-11.7593207201
-11.7593289915
-11.7593372629
-11.7593455343
-11.7593538057
-11.7593620771
-11.7593703485
-11.7593786199
-11.7593868913
-11.7593951627
-11.7594034341
-11.7594117055
-11.7594199769
-11.7594282483
-11.7594365197
-11.7594447911
-11.7594530625
-11.7594613339
-11.7594696053
-11.7594778767
-11.7594861481
-11.7594944195
-11.7595026909
-11.7595109623
-11.7595192337
-11.7595275051
-11.7595357765
-11.7595440479
-11.7595523193
-11.7595605907
-11.7595688621
-11.7595771335
-11.7595854049
-11.7595936763
-11.7596019477
-11.7596102191
-11.7596184905
-11.7596267619
-11.7596350333
-11.7596433047
-11.7596515761
-11.7596598475
-11.7596681189
-11.7596763903
-11.7596846617
-11.7596929331
-11.7590384778
-11.7590467492
-11.7590550206
-11.759063292
-11.7590715634
-11.7590798348
-11.7590881062
-11.7590963776
-11.759104649
-11.7591129204
-11.7591211918
-11.7591294632
-11.7591377346
-11.759146006
-11.7591542774
-11.7591625488
-11.7591708202
-11.7591790916
-11.759187363
-11.7591956344
-11.7592039058
-11.7592121772
-11.7592204486
-11.75922872
-11.7592369914
-11.7592452628
-11.7592535342
-11.7592618056
-11.759270077
-11.7592783484
-11.7592866198
-11.7592948912
-11.7593031626
-11.759311434
-11.7593197054
-11.7593279768
-11.7593362482
-11.7593445196
-11.759352791
-11.7593610624
-11.7593693338
-11.7593776052
-11.7593858766
-11.759394148
-11.7594024194
-11.7594106908
-11.7594189622
-11.7594272337
-11.7594355051
-11.7594437765
-11.7594520479
-11.7594603193
-11.7594685907
-11.7594768621
-11.7594851335
-11.7594934049
-11.7595016763
-11.7595099477
-11.7595182191
-11.7595264905
-11.7595347619
-11.7595430333
-11.7595513047
-11.7595595761
-11.7595678475
-11.7595761189
-11.7595843903
-11.7595926617
-11.7596009331
-11.7596092045
-11.7596174759
-11.7596257473
-11.7596340187
-11.7596422901
-11.7596505615
-11.7596588329
-11.7596671043
-11.7596753757
-11.7596836471
-11.7596919185
-11.7590374631
-11.7590457345
-11.7590540059
-11.7590622773
-11.7590705488
-11.7590788202
-11.7590870916
-11.759095363
-11.7591036344
-11.7591119058
-11.7591201772
-11.7591284486
-11.75913672
-11.7591449914
-11.7591532628
-11.7591615342
-11.7591698056
-11.759178077
-11.7591863484
-11.7591946198
-11.7592028912
-11.7592111626
-11.759219434
-11.7592277054
-11.7592359768
-11.7592442482
-11.7592525196
-11.759260791
-11.7592690624
-11.7592773338
-11.7592856052
-11.7592938766
-11.759302148
-11.7593104194
-11.7593186908
-11.7593269622
-11.7593352336
-11.759343505
-11.7593517764
-11.7593600478
-11.7593683192
-11.7593765906
-11.759384862
-11.7593931334
-11.7594014048
-11.7594096762
-11.7594179476
-11.759426219
-11.7594344904
-11.7594427618
-11.7594510332
-11.7594593046
-11.759467576
-11.7594758474
-11.7594841188
-11.7594923902
-11.7595006616
-11.759508933
-11.7595172044
-11.7595254758
-11.7595337472
-11.7595420186
-11.75955029
-11.7595585614
-11.7595668328
-11.7595751042
-11.7595833756
-11.759591647
-11.7595999184
-11.7596081898
-11.7596164612
-11.7596247326
-11.759633004
-11.7596412754
-11.7596495468
-11.7596578182
-11.7596660896
-11.759674361
-11.7596826324
-11.7596909038
-11.7590364485
-11.7590447199
-11.7590529913
-11.7590612627
-11.7590695341
-11.7590778055
-11.7590860769
-11.7590943483
-11.7591026197
-11.7591108911
-11.7591191625
-11.7591274339
-11.7591357053
-11.7591439767
-11.7591522481
-11.7591605195
-11.7591687909
-11.7591770623
-11.7591853337
-11.7591936051
-11.7592018765
-11.7592101479
-11.7592184193
-11.7592266907
-11.7592349621
-11.7592432335
-11.7592515049
-11.7592597763
-11.7592680477
-11.7592763191
-11.7592845905
-11.7592928619
-11.7593011333
-11.7593094047
-11.7593176761
-11.7593259475
-11.7593342189
-11.7593424903
-11.7593507617
-11.7593590331
-11.7593673045
-11.7593755759
-11.7593838473
-11.7593921187
-11.7594003901
-11.7594086615
-11.7594169329
-11.7594252043
-11.7594334757
-11.7594417471
-11.7594500185
-11.7594582899
-11.7594665614
-11.7594748328
-11.7594831042
-11.7594913756
-11.759499647
-11.7595079184
-11.7595161898
-11.7595244612
-11.7595327326
-11.759541004
-11.7595492754
-11.7595575468
-11.7595658182
-11.7595740896
-11.759582361
-11.7595906324
-11.7595989038
-11.7596071752
-11.7596154466
-11.759623718
-11.7596319894
-11.7596402608
-11.7596485322
-11.7596568036
-11.759665075
-11.7596733464
-11.7596816178
-11.7596898892
-11.7590354338
-11.7590437052
-11.7590519766
-11.759060248
-11.7590685194
-11.7590767908
-11.7590850622
-11.7590933336
-11.759101605
-11.7591098765
-11.7591181479
-11.7591264193
-11.7591346907
-11.7591429621
-11.7591512335
-11.7591595049
-11.7591677763
-11.7591760477
-11.7591843191
-11.7591925905
-11.7592008619
-11.7592091333
-11.7592174047
-11.7592256761
-11.7592339475
-11.7592422189
-11.7592504903
-11.7592587617
-11.7592670331
-11.7592753045
-11.7592835759
-11.7592918473
-11.7593001187
-11.7593083901
-11.7593166615
-11.7593249329
-11.7593332043
-11.7593414757
-11.7593497471
-11.7593580185
-11.7593662899
-11.7593745613
-11.7593828327
-11.7593911041
-11.7593993755
-11.7594076469
-11.7594159183
-11.7594241897
-11.7594324611
-11.7594407325
-11.7594490039
-11.7594572753
-11.7594655467
-11.7594738181
-11.7594820895
-11.7594903609
-11.7594986323
-11.7595069037
-11.7595151751
-11.7595234465
-11.7595317179
-11.7595399893
-11.7595482607
-11.7595565321
-11.7595648035
-11.7595730749
-11.7595813463
-11.7595896177
-11.7595978891
-11.7596061605
-11.7596144319
-11.7596227033
-11.7596309747
-11.7596392461
-11.7596475175
-11.7596557889
-11.7596640603
-11.7596723317
-11.7596806031
-11.7596888745
-11.7590344192
-11.7590426906
-11.759050962
-11.7590592334
-11.7590675048
-11.7590757762
-11.7590840476
-11.759092319
-11.7591005904
-11.7591088618
-11.7591171332
-11.7591254046
-11.759133676
-11.7591419474
-11.7591502188
-11.7591584902
-11.7591667616
-11.759175033
-11.7591833044
-11.7591915758
-11.7591998472
-11.7592081186
-11.75921639
-11.7592246614
-11.7592329328
-11.7592412042
-11.7592494756
-11.759257747
-11.7592660184
-11.7592742898
-11.7592825612
-11.7592908326
-11.759299104
-11.7593073754
-11.7593156468
-11.7593239182
-11.7593321896
-11.759340461
-11.7593487324
-11.7593570038
-11.7593652752
-11.7593735466
-11.759381818
-11.7593900894
-11.7593983608
-11.7594066322
-11.7594149036
-11.759423175
-11.7594314464
-11.7594397178
-11.7594479892
-11.7594562606
-11.759464532
-11.7594728034
-11.7594810748
-11.7594893462
-11.7594976176
-11.7595058891
-11.7595141605
-11.7595224319
-11.7595307033
-11.7595389747
-11.7595472461
-11.7595555175
-11.7595637889
-11.7595720603
-11.7595803317
-11.7595886031
-11.7595968745
-11.7596051459
-11.7596134173
-11.7596216887
-11.7596299601
-11.7596382315
-11.7596465029
-11.7596547743
-11.7596630457
-11.7596713171
-11.7596795885
-11.7596878599
-11.7590334045
-11.7590416759
-11.7590499473
-11.7590582187
-11.7590664901
-11.7590747615
-11.7590830329
-11.7590913043
-11.7590995757
-11.7591078471
-11.7591161185
-11.7591243899
-11.7591326613
-11.7591409327
-11.7591492042
-11.7591574756
-11.759165747
-11.7591740184
-11.7591822898
-11.7591905612
-11.7591988326
-11.759207104
-11.7592153754
-11.7592236468
-11.7592319182
-11.7592401896
-11.759248461
-11.7592567324
-11.7592650038
-11.7592732752
-11.7592815466
-11.759289818
-11.7592980894
-11.7593063608
-11.7593146322
-11.7593229036
-11.759331175
-11.7593394464
-11.7593477178
-11.7593559892
-11.7593642606
-11.759372532
-11.7593808034
-11.7593890748
-11.7593973462
-11.7594056176
-11.759413889
-11.7594221604
-11.7594304318
-11.7594387032
-11.7594469746
-11.759455246
-11.7594635174
-11.7594717888
-11.7594800602
-11.7594883316
-11.759496603
-11.7595048744
-11.7595131458
-11.7595214172
-11.7595296886
-11.75953796
-11.7595462314
-11.7595545028
-11.7595627742
-11.7595710456
-11.759579317
-11.7595875884
-11.7595958598
-11.7596041312
-11.7596124026
-11.759620674
-11.7596289454
-11.7596372168
-11.7596454882
-11.7596537596
-11.759662031
-11.7596703024
-11.7596785738
-11.7596868452
