15.6428 15.6499 15.6571 15.5581 15.4627 15.4723 15.4818 15.3859 15.2934 15.3051 15.3169 15.2238 15.1339 15.1477 15.1615 15.0709 14.9835 14.9991 15.0148 14.9266 14.8414 14.8587 14.8761 14.7902 14.7071 14.7259 14.7448 14.661 14.5799 14.6001
15.6699 15.677 15.6842 15.5841 15.4877 15.4972 15.5068 15.4099 15.3165 15.3283 15.3401 15.2461 15.1555 15.1692 15.1831 15.0918 15.0037 15.0193 15.035 14.9463 14.8605 14.8778 14.8952 14.8088 14.7252 14.7441 14.763 14.6789 14.5974 14.6176
15.6742 15.681 15.688 15.5873 15.4902 15.4995 15.5087 15.4113 15.3173 15.3287 15.3401 15.2457 15.1545 15.1679 15.1812 15.0896 15.001 15.0161 15.0313 14.9422 14.856 14.8728 14.8896 14.8029 14.7189 14.7372 14.7555 14.6711 14.5893 14.6089
15.6804 15.687 15.6937 15.5924 15.4948 15.5037 15.5127 15.4147 15.3202 15.3312 15.3423 15.2473 15.1556 15.1686 15.1815 15.0894 15.0004 15.015 15.0298 14.9403 14.8537 14.8699 14.8862 14.7992 14.7149 14.7325 14.7503 14.6656 14.5835 14.6024
15.7089 15.7156 15.7223 15.6199 15.5212 15.5302 15.5391 15.4402 15.3448 15.3558 15.3669 15.2712 15.1787 15.1916 15.2046 15.1118 15.0221 15.0368 15.0515 14.9614 14.8743 14.8905 14.9068 14.8193 14.7345 14.7522 14.77 14.685 14.6024 14.6214
15.7376 15.7442 15.7509 15.6475 15.5478 15.5567 15.5657 15.4659 15.3695 15.3805 15.3916 15.2951 15.2018 15.2148 15.2278 15.1343 15.0439 15.0585 15.0733 14.9826 14.8949 14.9112 14.9275 14.8395 14.7543 14.772 14.7897 14.7043 14.6214 14.6404
15.7416 15.748 15.7545 15.6506 15.5503 15.559 15.5677 15.4674 15.3706 15.3813 15.3921 15.2951 15.2014 15.214 15.2266 15.1328 15.042 15.0562 15.0705 14.9796 14.8915 14.9073 14.9231 14.8349 14.7494 14.7665 14.7838 14.6982 14.615 14.6334
15.7474 15.7536 15.76 15.6555 15.5547 15.5632 15.5716 15.4709 15.3736 15.384 15.3944 15.2971 15.2029 15.2152 15.2274 15.1333 15.0421 15.0559 15.0698 14.9786 14.8901 14.9054 14.9208 14.8324 14.7465 14.7632 14.7799 14.6941 14.6107 14.6285
15.7774 15.7836 15.7899 15.6845 15.5826 15.5911 15.5995 15.4979 15.3996 15.4101 15.4205 15.3224 15.2274 15.2397 15.2519 15.1571 15.0652 15.079 15.093 15.0012 14.9122 14.9275 14.9428 14.854 14.7676 14.7843 14.801 14.7148 14.631 14.6489
15.8075 15.8137 15.82 15.7135 15.6107 15.6191 15.6275 15.525 15.4258 15.4362 15.4467 15.3477 15.252 15.2642 15.2765 15.181 15.0884 15.1023 15.1162 15.0238 14.9342 14.9496 14.965 14.8756 14.7888 14.8054 14.8221 14.7356 14.6515 14.6693
15.8114 15.8175 15.8236 15.7167 15.6133 15.6216 15.6298 15.5269 15.4273 15.4375 15.4477 15.3484 15.2523 15.2642 15.2762 15.1804 15.0875 15.101 15.1145 15.0219 14.9321 14.947 14.962 14.8724 14.7854 14.8016 14.8178 14.7311 14.6468 14.6641
15.817 15.8229 15.8289 15.7216 15.6178 15.6258 15.6339 15.5306 15.4306 15.4405 15.4505 15.3509 15.2544 15.266 15.2777 15.1816 15.0884 15.1016 15.1148 15.0219 14.9318 14.9463 14.9609 14.8711 14.7839 14.7996 14.8154 14.7286 14.6441 14.6609
15.8483 15.8542 15.8602 15.7518 15.647 15.655 15.6631 15.5589 15.458 15.4679 15.4779 15.3775 15.2802 15.2918 15.3035 15.2067 15.1129 15.126 15.1392 15.0458 14.9551 14.9696 14.9842 14.894 14.8062 14.822 14.8378 14.7506 14.6657 14.6825
15.8798 15.8857 15.8917 15.7822 15.6764 15.6844 15.6924 15.5873 15.4855 15.4954 15.5053 15.4041 15.3061 15.3177 15.3294 15.2319 15.1373 15.1505 15.1637 15.0697 14.9784 14.993 15.0075 14.9168 14.8286 14.8444 14.8602 14.7726 14.6873 14.7042
15.8837 15.8895 15.8954 15.7856 15.6794 15.6873 15.6952 15.5897 15.4876 15.4973 15.507 15.4056 15.3073 15.3186 15.33 15.2324 15.1376 15.1504 15.1633 15.0692 14.9777 14.9919 15.0061 14.9153 14.8269 14.8422 14.8576 14.77 14.6846 14.7009
15.8892 15.895 15.9008 15.7907 15.6841 15.6918 15.6996 15.5938 15.4914 15.5009 15.5104 15.4088 15.3101 15.3212 15.3324 15.2345 15.1395 15.1521 15.1646 15.0703 14.9786 14.9925 15.0063 14.9154 14.8269 14.8418 14.8568 14.7691 14.6835 14.6995
15.9218 15.9275 15.9333 15.8221 15.7145 15.7222 15.73 15.6233 15.5199 15.5294 15.539 15.4365 15.3371 15.3482 15.3594 15.2608 15.1651 15.1776 15.1902 15.0953 15.0031 15.0169 15.0308 14.9393 14.8503 14.8653 14.8803 14.7922 14.7062 14.7222
15.9545 15.9602 15.9659 15.8537 15.745 15.7527 15.7605 15.6529 15.5486 15.5581 15.5676 15.4643 15.3641 15.3752 15.3864 15.2871 15.1907 15.2033 15.2159 15.1204 15.0275 15.0414 15.0553 14.9634 14.8739 14.8888 14.9039 14.8153 14.729 14.745
15.9587 15.9643 15.97 15.8576 15.7486 15.7562 15.7638 15.656 15.5515 15.5608 15.5702 15.4668 15.3663 15.3772 15.3882 15.2888 15.1922 15.2045 15.2169 15.1213 15.0283 15.0418 15.0555 14.9635 14.8738 14.8885 14.9032 14.8146 14.7282 14.7438
15.9644 15.97 15.9757 15.8629 15.7536 15.7612 15.7687 15.6607 15.5559 15.5651 15.5744 15.4707 15.3701 15.3808 15.3916 15.292 15.1952 15.2073 15.2194 15.1238 15.0306 15.0439 15.0572 14.9651 14.8754 14.8897 14.9041 14.8155 14.729 14.7442
15.998 16.0036 16.0092 15.8954 15.7851 15.7926 15.8002 15.6912 15.5855 15.5947 15.604 15.4995 15.3981 15.4088 15.4195 15.3193 15.2219 15.2339 15.2461 15.1498 15.056 15.0693 15.0826 14.9901 14.8998 14.9141 14.9285 14.8395 14.7527 14.7679
16.0318 16.0373 16.043 15.9281 15.8168 15.8242 15.8318 15.7219 15.6152 15.6244 15.6337 15.5284 15.4262 15.4368 15.4476 15.3467 15.2485 15.2606 15.2727 15.1758 15.0815 15.0948 15.1081 15.0151 14.9244 14.9387 14.9531 14.8637 14.7764 14.7916
16.0364 16.042 16.0476 15.9326 15.821 15.8284 15.8359 15.7259 15.6191 15.6281 15.6373 15.5319 15.4295 15.4401 15.4507 15.3497 15.2514 15.2633 15.2752 15.1783 15.0839 15.0969 15.11 15.017 14.9262 14.9403 14.9544 14.865 14.7777 14.7926
16.0424 16.048 16.0537 15.9384 15.8266 15.834 15.8415 15.7313 15.6243 15.6333 15.6423 15.5368 15.4343 15.4447 15.4552 15.3541 15.2557 15.2674 15.2792 15.1822 15.0877 15.1005 15.1134 15.0203 14.9295 14.9433 14.9571 14.8677 14.7804 14.795
16.077 16.0826 16.0882 15.9719 15.8591 15.8664 15.8739 15.7627 15.6548 15.6638 15.6729 15.5666 15.4632 15.4736 15.4841 15.3823 15.2832 15.2949 15.3067 15.2091 15.114 15.1268 15.1397 15.0461 14.9548 14.9685 14.9824 14.8926 14.8049 14.8195
16.1118 16.1173 16.1229 16.0055 15.8916 15.899 15.9064 15.7943 15.6855 15.6945 15.7035 15.5963 15.4922 15.5026 15.5131 15.4106 15.3108 15.3225 15.3342 15.236 15.1404 15.1532 15.1661 15.072 14.9801 14.9939 15.0078 14.9176 14.8294 14.844
16.117 16.1226 16.1283 16.0108 15.8967 15.9041 15.9115 15.7993 15.6904 15.6993 15.7083 15.6011 15.4968 15.5072 15.5176 15.415 15.3152 15.3267 15.3384 15.2402 15.1445 15.1571 15.1698 15.0758 14.9839 14.9975 15.0112 14.921 14.8329 14.8473
16.1236 16.1292 16.1349 16.0173 15.9031 15.9105 15.9179 15.8057 15.6965 15.7054 15.7144 15.6072 15.5028 15.5131 15.5234 15.4208 15.3209 15.3323 15.3438 15.2456 15.1499 15.1624 15.1749 15.0809 14.989 15.0024 15.0158 14.9257 14.8376 14.8517
16.159 16.1646 16.1703 16.0516 15.9363 15.9437 15.9511 15.8379 15.7279 15.7368 15.7457 15.6376 15.5325 15.5427 15.553 15.4497 15.3491 15.3606 15.3721 15.2733 15.1769 15.1894 15.2019 15.1074 15.015 15.0284 15.0418 14.9513 14.8628 14.8769
16.1946 16.2002 16.2059 16.0861 15.9698 15.9771 15.9845 15.8703 15.7593 15.7682 15.7772 15.6683 15.5623 15.5725 15.5828 15.4788 15.3775 15.3889 15.4004 15.301 15.204 15.2165 15.2291 15.134 15.0411 15.0545 15.0679 14.977 14.8881 14.9022
