37 39 36 27 20 25 25 28 35 36 31 27 33 35 30 26 22 21 25 23 31 26 29 31 37 32 35 33 34 26 28 32 32 41 31 32 30 34 31 33 36 24 25 21 26 23 24 31 32 28 33 40 36 24 24 22 30 30 29 33
37 28 35 32 33 30 19 32 42 34 33 33 36 28 27 23 16 21 19 18 26 29 35 33 39 38 32 21 36 35 30 34 31 36 36 31 27 31 28 36 36 32 33 29 24 25 28 31 33 28 30 32 25 29 28 28 35 45 31 20
26 29 37 30 31 30 26 34 36 32 32 35 34 23 27 29 22 21 24 28 25 27 30 31 36 37 27 33 37 33 35 39 35 26 33 28 23 26 24 32 26 31 27 33 29 22 24 30 30 33 42 30 20 36 36 29 34 33 24 25
28 35 37 30 25 25 34 35 27 27 33 36 32 29 35 32 25 18 34 40 33 33 24 24 30 36 35 30 28 41 41 34 41 33 27 31 23 31 32 25 24 27 27 25 32 30 28 36 31 24 32 31 29 31 29 22 34 21 24 27
37 32 30 29 33 31 30 30 29 36 33 33 32 29 28 22 28 27 37 37 34 37 31 32 37 37 38 33 31 30 28 29 38 36 28 29 27 27 28 19 25 27 30 26 27 34 32 30 26 24 17 22 36 36 35 25 23 25 34 32
33 30 32 23 24 25 23 25 31 30 39 31 32 30 27 23 35 41 35 31 31 33 31 32 32 25 38 43 32 26 25 24 34 29 25 24 36 32 34 28 27 33 27 31 26 29 28 20 24 27 26 21 31 33 27 24 18 27 28 32
31 32 28 29 34 34 25 18 27 35 35 28 28 27 31 26 26 30 33 32 38 31 24 25 23 23 37 38 33 27 29 32 35 33 27 29 37 39 34 30 28 31 35 34 32 30 24 24 31 28 32 31 24 37 25 24 25 25 27 26
35 34 27 37 34 28 27 22 29 35 28 36 40 27 31 33 32 29 24 30 35 16 26 34 31 32 31 32 35 27 31 37 31 30 25 25 26 34 23 20 22 23 29 36 36 32 37 26 20 29 26 37 32 42 32 29 28 28 29 29
25 26 26 34 27 20 25 32 28 19 20 44 37 32 30 33 35 31 26 25 31 24 28 26 25 32 28 32 28 31 34 29 35 32 33 29 26 34 24 26 28 24 25 29 27 23 28 24 24 31 26 23 34 38 31 33 24 31 23 30
28 25 25 28 22 23 22 23 23 22 32 32 28 27 25 32 30 31 27 27 37 30 31 25 24 21 29 33 26 25 33 29 24 26 24 29 33 28 31 29 28 29 41 37 33 26 26 28 36 37 24 25 23 30 24 28 28 24 24 28
29 33 29 30 37 34 24 22 23 18 22 22 31 34 32 27 26 28 30 31 41 33 33 30 28 29 28 28 31 26 26 25 30 30 25 32 40 40 38 38 29 24 39 34 32 30 33 34 30 28 32 25 18 28 25 26 33 32 32 33
29 38 30 29 41 35 21 25 36 23 17 22 32 37 27 22 23 26 25 31 36 32 35 31 25 30 30 34 33 31 27 28 34 28 20 32 37 35 28 28 25 28 34 36 30 27 32 33 27 32 32 26 18 21 28 30 33 33 29 28
27 37 29 32 37 31 28 27 30 32 22 28 33 26 14 18 27 31 29 35 33 27 35 33 33 28 33 35 27 28 31 27 23 30 29 28 26 21 27 17 21 34 33 39 40 31 29 37 36 31 34 39 22 25 36 33 30 29 23 16
27 41 37 25 28 28 38 37 32 28 34 34 36 22 18 17 30 40 29 34 34 25 23 28 39 33 33 28 31 32 31 32 30 40 40 32 27 23 25 24 27 36 37 36 36 33 32 35 36 25 30 35 25 37 41 31 28 31 34 21
30 35 32 32 31 24 36 34 35 40 34 34 33 28 29 22 20 29 31 33 35 30 25 32 37 29 30 27 34 35 31 38 34 37 27 27 29 33 28 36 33 42 42 31 35 35 35 39 34 37 34 32 26 36 31 24 23 30 29 26
32 24 21 26 35 26 27 28 31 34 31 30 24 32 38 22 24 29 25 29 34 29 28 29 32 25 32 28 33 33 30 26 25 33 31 30 35 36 35 33 28 30 33 34 33 34 29 41 41 37 34 32 28 33 32 27 21 29 35 34
31 29 22 24 25 31 28 34 35 37 33 36 31 35 33 29 28 35 21 20 27 33 36 29 32 31 35 31 25 29 33 31 33 37 38 39 35 29 33 31 26 27 24 37 35 26 27 37 37 34 32 30 29 30 28 29 33 28 30 34
34 24 35 36 23 33 35 29 30 32 32 32 30 22 28 31 25 26 25 25 28 31 40 37 31 32 42 31 30 24 25 37 35 32 34 32 28 31 37 32 29 26 34 36 28 26 31 33 34 37 32 33 32 29 25 31 28 33 28 28
23 20 29 34 30 31 29 28 26 20 24 31 31 19 30 36 28 24 18 26 25 29 39 33 32 38 34 29 30 30 28 31 33 32 29 34 35 37 43 39 35 34 37 33 19 29 32 31 32 32 36 34 33 36 31 34 24 30 27 31
22 24 34 33 34 30 24 25 22 21 19 24 38 36 38 32 30 24 23 28 30 36 38 33 37 40 33 32 23 28 31 29 33 28 38 42 45 38 33 32 37 41 42 37 26 28 28 27 32 34 36 34 31 37 29 26 28 35 30 37
29 31 38 28 35 31 23 33 24 32 31 25 32 27 34 31 35 37 37 28 30 37 37 33 29 34 32 29 24 28 34 30 31 31 30 35 45 40 34 33 34 39 33 37 31 23 34 31 38 31 25 35 32 35 26 25 30 29 31 32
36 40 28 28 32 32 24 31 26 37 32 30 30 29 33 30 36 29 24 25 25 28 29 25 21 31 33 33 28 31 33 29 30 36 36 37 47 42 32 30 32 29 28 23 25 25 35 32 33 30 23 33 22 27 29 35 33 18 21 25
29 26 32 34 30 40 41 25 21 34 37 40 39 41 33 27 28 23 22 30 25 27 30 35 34 29 37 35 26 24 28 36 42 39 25 35 42 41 38 33 35 31 39 29 25 32 30 37 36 35 27 32 23 22 27 36 38 32 24 28
37 35 34 30 31 34 44 31 29 36 38 30 38 35 23 30 30 30 32 33 26 24 27 37 33 31 32 27 34 36 31 39 42 35 24 38 33 36 39 31 37 39 25 28 30 37 28 37 34 37 34 35 38 30 31 38 33 34 39 32
36 33 26 38 35 38 36 30 33 30 26 25 34 37 35 26 26 23 27 25 26 32 38 37 40 28 26 28 26 33 32 41 50 45 30 43 45 45 30 30 35 43 25 34 33 36 35 37 30 31 29 27 24 24 25 24 31 25 32 32
24 24 26 34 34 35 29 21 23 33 31 26 28 37 38 24 32 27 36 37 33 24 28 37 34 28 31 33 27 35 30 35 47 43 37 42 43 48 41 40 35 37 32 21 27 39 35 40 32 26 26 21 19 22 25 18 23 29 36 31
28 30 35 29 30 38 39 33 21 26 32 33 26 29 33 21 34 36 37 26 19 21 25 34 40 34 35 41 38 39 39 46 49 49 52 44 42 47 41 42 44 44 30 32 25 30 27 30 30 20 27 27 29 29 33 23 22 22 25 25
35 33 31 32 36 42 38 28 21 22 28 34 31 24 28 24 24 25 25 30 32 33 41 37 34 42 41 46 49 49 52 51 49 57 57 50 46 45 34 34 40 32 34 34 39 35 31 35 29 34 25 25 31 30 27 27 29 24 39 28
35 35 30 36 43 50 41 27 28 23 26 26 33 28 22 24 23 31 25 28 40 39 39 43 37 39 46 51 53 55 55 51 60 58 55 49 43 38 33 35 39 27 34 33 34 32 22 29 34 32 31 30 34 32 26 27 31 35 40 35
26 33 31 31 35 38 35 33 33 27 34 30 30 29 30 36 29 31 29 27 43 46 35 42 42 44 54 52 57 58 58 58 60 53 52 43 43 35 31 40 42 35 30 30 26 26 27 32 34 32 31 35 34 32 30 30 32 36 35 39
34 27 26 28 34 35 31 38 36 30 32 32 28 35 39 36 27 24 31 30 38 37 40 43 41 52 59 47 49 56 62 62 52 53 46 41 44 37 33 42 41 29 30 23 24 25 31 33 23 31 44 36 31 35 31 24 27 31 33 33
40 23 24 30 34 39 28 29 37 38 27 36 32 31 31 34 37 30 33 33 32 24 38 38 43 55 57 53 40 49 57 56 52 45 47 36 33 33 41 49 47 43 33 24 29 37 30 29 28 21 28 34 27 23 28 26 28 29 32 36
30 29 27 32 31 29 37 38 42 38 29 34 33 27 31 33 29 42 39 31 29 32 48 45 37 45 42 58 53 51 56 55 47 38 39 31 25 36 43 43 37 38 27 31 33 38 37 29 35 32 27 31 32 23 18 28 29 35 31 36
29 34 33 30 24 20 32 39 37 36 20 31 31 28 29 30 24 34 40 34 35 35 49 51 49 51 54 60 55 46 45 50 44 35 31 30 28 36 34 32 39 33 27 33 32 37 33 32 41 36 33 30 32 29 31 30 30 32 30 27
35 28 27 26 39 32 26 37 35 41 37 42 30 28 32 29 23 33 45 40 41 46 49 43 47 52 52 53 53 49 38 36 39 31 31 34 35 34 33 28 38 40 33 33 29 34 27 30 36 28 34 37 35 32 29 27 27 39 39 30
39 31 33 34 40 31 31 34 38 29 30 31 31 32 32 32 33 33 33 31 43 55 46 33 38 47 41 48 46 45 44 30 27 28 36 28 32 30 36 37 34 40 40 34 29 32 30 27 27 26 30 38 35 33 28 24 20 39 40 28
34 34 41 42 37 22 31 33 37 26 24 27 32 25 26 36 33 26 23 30 37 40 39 43 46 49 48 47 42 41 45 33 28 29 43 24 29 32 33 39 35 31 38 36 36 35 39 30 24 30 33 34 36 34 29 31 31 29 32 33
40 32 32 27 33 25 29 36 30 27 40 46 30 16 27 36 26 35 33 33 26 32 42 45 44 43 40 43 41 40 37 31 26 25 34 24 26 36 36 35 33 30 30 35 46 38 33 30 31 30 34 35 32 36 40 33 34 35 29 38
41 35 27 25 33 33 40 39 29 24 36 36 31 29 26 29 32 38 38 37 22 31 41 37 33 31 34 39 47 43 36 36 29 31 30 31 31 35 35 32 31 35 33 32 39 34 27 34 34 21 24 34 31 34 39 30 29 31 33 32
29 35 34 35 44 37 36 40 29 28 37 40 41 40 34 33 37 35 30 33 29 35 36 38 33 34 40 38 36 35 36 39 39 40 27 28 41 35 25 30 30 33 38 39 35 32 27 30 26 20 31 38 34 28 35 35 35 32 35 39
33 33 28 39 39 35 34 36 34 36 38 34 37 38 29 33 38 37 30 39 37 36 32 31 42 42 32 37 28 37 34 35 45 35 28 30 32 38 31 39 32 24 35 38 29 32 31 30 29 31 28 34 34 34 34 32 35 30 32 32
33 35 30 34 25 29 45 37 29 36 30 36 40 43 35 36 29 34 32 34 44 40 30 34 39 38 36 38 29 34 42 35 32 30 33 38 37 35 25 39 40 21 36 34 21 28 45 37 31 36 29 22 29 31 30 34 29 33 30 26
41 29 34 31 23 33 51 36 31 38 33 35 38 37 33 37 36 40 39 33 39 34 28 40 35 37 32 37 36 33 38 35 32 26 34 30 37 37 24 34 42 27 31 28 20 29 40 31 34 39 34 30 33 33 27 30 28 33 28 39
34 27 29 29 27 29 35 38 35 27 29 34 39 35 34 41 42 38 37 32 32 33 31 32 36 34 31 31 34 35 36 30 33 37 30 28 26 29 33 32 33 37 29 34 31 32 26 29 35 36 43 32 30 34 26 27 34 33 32 45
31 31 34 35 39 41 34 38 31 33 28 31 37 40 32 37 33 34 34 29 31 36 36 34 32 29 25 30 31 29 29 27 27 31 25 38 32 27 32 24 26 33 28 38 32 27 33 37 30 31 39 36 38 38 30 27 29 27 34 38
33 33 31 37 38 36 30 40 30 39 34 36 34 44 43 38 27 39 42 40 35 37 31 37 29 19 28 35 38 35 33 33 27 32 34 42 38 37 35 33 29 22 26 33 35 31 41 32 24 34 35 30 30 32 29 27 28 26 29 31
26 34 36 37 35 32 28 37 31 38 33 38 35 40 40 37 33 40 36 40 43 36 33 39 25 24 31 32 36 41 39 36 34 38 37 42 36 36 34 35 30 32 33 27 27 30 39 29 25 32 34 30 30 29 30 29 23 25 28 31
28 27 40 38 41 42 33 38 36 31 35 36 32 31 32 37 37 34 37 36 34 32 33 39 31 37 39 28 29 38 38 34 33 30 40 44 30 30 26 33 33 34 37 34 31 32 32 34 38 48 33 35 28 25 24 28 31 34 27 24
32 35 42 40 37 50 38 35 45 40 37 37 43 33 37 35 38 35 35 39 30 15 18 35 43 37 34 28 28 36 32 36 30 21 38 35 33 32 32 41 41 33 36 31 29 27 30 28 32 35 37 28 32 30 29 31 36 36 25 23
35 37 34 40 32 38 40 32 34 34 34 38 33 30 36 42 38 42 43 40 35 29 33 29 36 33 29 34 34 33 28 41 42 35 43 40 38 39 37 37 33 31 28 36 30 26 26 34 44 37 35 42 30 26 36 35 31 28 28 33
39 40 40 37 37 32 32 32 37 38 32 39 32 38 40 38 34 36 39 34 43 37 45 39 29 26 40 41 34 31 29 31 26 29 31 29 36 34 40 35 31 38 34 38 37 29 33 37 37 35 33 36 21 23 33 32 34 37 31 32
39 28 38 29 29 36 38 42 42 37 37 32 28 29 35 36 26 25 35 30 38 27 29 36 33 36 30 38 38 30 24 31 30 33 35 25 36 37 43 40 34 40 42 32 33 37 39 37 34 30 28 27 26 34 39 32 32 32 26 33
34 34 33 30 30 34 40 48 33 32 32 36 36 42 36 35 37 30 27 32 32 31 25 33 40 35 33 37 37 29 24 30 31 32 33 29 43 38 36 32 29 36 38 42 36 39 39 32 40 28 27 25 29 30 37 37 36 30 31 37
34 39 36 41 35 35 38 48 40 42 38 41 42 32 30 42 41 33 34 39 37 37 29 33 33 33 33 42 44 38 30 32 37 42 42 39 45 37 33 31 32 23 26 37 29 34 30 27 30 36 34 27 32 23 29 38 38 41 40 33
35 32 44 43 30 34 35 35 32 33 30 35 43 30 27 38 44 36 35 32 41 34 29 33 29 39 37 39 32 36 39 35 35 33 34 34 32 33 30 32 34 34 30 31 32 35 31 34 30 41 47 40 42 32 35 39 33 46 38 30
36 34 42 34 31 34 34 31 29 37 37 27 35 39 38 35 34 39 35 28 37 30 34 38 34 22 26 43 33 32 41 38 38 35 33 26 22 32 32 27 29 41 30 37 36 36 35 37 30 38 41 33 30 27 31 32 27 35 33 36
34 36 40 37 37 33 43 36 32 41 36 26 29 40 39 26 27 30 35 33 39 26 25 38 40 36 36 40 34 32 31 41 36 38 41 32 33 34 22 32 34 39 33 31 33 33 36 40 28 29 31 33 26 23 29 37 36 33 25 33
46 41 30 36 39 34 35 34 34 42 41 27 30 38 40 37 35 41 37 36 41 33 29 47 50 42 30 31 31 30 43 52 36 25 36 40 35 40 40 43 41 35 31 22 32 34 34 34 29 33 32 40 33 29 32 30 37 32 30 36
42 42 35 35 34 34 30 35 34 32 36 31 35 33 30 35 38 44 37 38 40 43 44 39 40 39 36 25 33 35 35 47 45 32 35 36 29 40 47 37 33 35 41 42 46 39 35 29 27 35 34 50 35 31 34 26 27 28 34 39
42 43 41 37 25 30 35 43 37 32 35 37 38 33 34 36 43 43 42 41 38 43 50 41 44 40 41 32 38 36 33 38 40 44 40 34 26 33 38 31 31 36 39 46 47 37 36 30 27 31 32 48 34 30 41 36 34 32 33 35
