206.88819712
206.888187635
206.88817815
206.888168665
206.88815918
206.888149695
206.88814021
206.888130725
206.88812124
206.888111755
206.88810227
206.888092785
206.8880833
206.888073815
206.88806433
206.888054845
206.88804536
206.888035876
206.888026391
206.888016906
206.888007421
206.887997936
206.887988451
206.887978966
206.887969481
206.887959996
206.887950511
206.887941026
206.887931541
206.887922056
206.887912571
206.887903086
206.887893601
206.887884116
206.887874631
206.887865146
206.887855661
206.887846176
206.887836692
206.887827207
206.887817722
206.887808237
206.887798752
206.887789267
206.887779782
206.887770297
206.887760812
206.887751327
206.887741842
206.887732357
206.887722872
206.887713387
206.887703902
206.887694417
206.887684932
206.887675447
206.887665962
206.887656477
206.887646992
206.887637508
206.887628023
206.887618538
206.887609053
206.887599568
206.887590083
206.887580598
206.887571113
206.887561628
206.887552143
206.887542658
206.887533173
206.887523688
206.887514203
206.887504718
206.887495233
206.887485748
206.887476263
206.887466778
206.887457293
206.887447808
206.887438324
206.887428839
206.887419354
206.887409869
206.887400384
206.887390899
206.887381414
206.887371929
206.887362444
206.887352959
206.887343474
206.887333989
206.887324504
206.887315019
206.887305534
206.887296049
206.887286564
206.887277079
206.887267594
206.887258109
206.887248624
206.887239139
206.887229655
206.88722017
206.887210685
206.8872012
206.887191715
206.88718223
206.887172745
206.88716326
206.887153775
206.88714429
206.887134805
206.88712532
206.887115835
206.88710635
206.887096865
206.88708738
206.887077895
206.88706841
206.887058925
206.88704944
206.887039955
206.887030471
206.887020986
206.887011501
206.887002016
206.886992531
206.886983046
206.886973561
206.886964076
206.886954591
206.886945106
206.886935621
206.886926136
206.886916651
206.886907166
206.886897681
206.886888196
206.886878711
