206.879057619
206.879048134
206.879038649
206.879029164
206.879019679
206.879010194
206.879000709
206.878991224
206.878981739
206.878972254
206.878962769
206.878953284
206.878943799
206.878934314
206.878924829
206.878915344
206.878905859
206.878896374
206.878886889
206.878877404
206.87886792
206.878858435
206.87884895
206.878839465
206.87882998
206.878820495
206.87881101
206.878801525
206.87879204
206.878782555
206.87877307
206.878763585
206.8787541
206.878744615
206.87873513
206.878725645
206.87871616
206.878706675
206.87869719
206.878687705
206.87867822
206.878668736
206.878659251
206.878649766
206.878640281
206.878630796
206.878621311
206.878611826
206.878602341
206.878592856
206.878583371
206.878573886
206.878564401
206.878554916
206.878545431
206.878535946
206.878526461
206.878516976
206.878507491
206.878498006
