-11.7531585512
-11.753165808
-11.7531730647
-11.7531803215
-11.7531875782
-11.753194835
-11.7532020917
-11.7532093485
-11.7532166052
-11.753223862
-11.7532311187
-11.7532383755
-11.7532456322
-11.753252889
-11.7532601457
-11.7532674024
-11.7532746592
-11.7532819159
-11.7532891727
-11.7532964294
-11.7533036862
-11.7533109429
-11.7533181997
-11.7533254564
-11.7533327132
-11.7533399699
-11.7533472267
-11.7533544834
-11.7533617402
-11.7533689969
-11.7533762537
-11.7533835104
-11.7533907672
-11.7533980239
-11.7534052807
-11.7534125374
-11.7534197942
-11.7534270509
-11.7534343077
-11.7534415644
-11.7534488212
-11.7534560779
-11.7534633347
-11.7534705914
-11.7534778482
-11.7534851049
-11.7534923617
-11.7534996184
-11.7535068752
-11.7535141319
-11.7535213886
-11.7535286454
-11.7535359021
-11.7535431589
-11.7535504156
-11.7535576724
-11.7535649291
-11.7535721859
-11.7535794426
-11.7535866994
