206.92194148
206.921869983
206.921798487
206.92172699
206.921655493
206.921583996
206.921512499
206.921441002
206.921369505
206.921298008
206.921226512
206.921155015
206.921083518
206.921012021
206.920940524
206.920869027
206.92079753
206.920726034
206.920654537
206.92058304
206.920511543
206.920440046
206.920368549
206.920297052
206.920225555
206.920154059
206.920082562
206.920011065
206.919939568
206.919868071
206.919796574
206.919725077
206.919653581
206.919582084
206.919510587
206.91943909
206.919367593
206.919296096
206.919224599
206.919153103
206.919081606
206.919010109
206.918938612
206.918867115
206.918795618
206.918724121
206.918652624
206.918581128
206.918509631
206.918438134
206.918366637
206.91829514
206.918223643
206.918152146
206.91808065
206.918009153
206.917937656
206.917866159
206.917794662
206.917723165
206.917651668
206.917580171
206.917508675
206.917437178
206.917365681
206.917294184
206.917222687
206.91715119
206.917079693
206.917008197
206.9169367
206.916865203
206.916793706
206.916722209
206.916650712
206.916579215
206.916507718
206.916436222
206.916364725
206.916293228
206.916221731
206.916150234
206.916078737
206.91600724
206.915935744
206.915864247
206.91579275
206.915721253
206.915649756
206.915578259
206.915506762
206.915435266
206.915363769
206.915292272
206.915220775
206.915149278
206.915077781
206.915006284
206.914934787
206.914863291
206.914791794
206.914720297
206.9146488
206.914577303
206.914505806
206.914434309
206.914362813
206.914291316
206.914219819
206.914148322
206.914076825
206.914005328
206.913933831
206.913862334
206.913790838
206.913719341
206.913647844
206.913576347
206.91350485
206.913433353
206.913361856
206.91329036
206.913218863
206.913147366
206.913075869
206.913004372
206.912932875
206.912861378
206.912789882
206.912718385
206.912646888
206.912575391
206.912503894
206.912432397
206.9123609
206.912289403
206.912217907
206.91214641
206.912074913
206.912003416
206.911931919
206.911860422
206.911788925
206.911717429
206.911645932
206.911574435
206.911502938
206.911431441
206.911359944
206.911288447
206.91121695
206.911145454
206.911073957
206.91100246
206.910930963
206.910859466
206.910787969
206.910716472
206.910644976
206.910573479
206.910501982
206.910430485
206.910358988
206.910287491
206.910215994
206.910144497
206.910073001
206.910001504
206.909930007
206.90985851
206.909787013
206.909715516
206.909644019
206.909572523
206.909501026
206.909429529
206.909358032
206.909286535
206.909215038
206.909143541
206.909072045
206.909000548
206.908929051
206.908857554
206.908786057
206.90871456
206.908643063
206.908571566
206.90850007
206.908428573
206.908357076
206.908285579
206.908214082
206.908142585
206.908071088
206.907999592
206.907928095
206.907856598
206.907785101
206.907713604
206.907642107
206.90757061
206.907499113
206.907427617
206.90735612
206.907284623
206.907213126
206.907141629
206.907070132
206.906998635
206.906927139
206.906855642
206.906784145
206.906712648
206.906641151
206.906569654
206.906498157
206.90642666
206.906355164
206.906283667
206.90621217
206.906140673
206.906069176
206.905997679
206.905926182
206.905854686
206.905783189
206.905711692
206.905640195
206.905568698
206.905497201
206.905425704
206.905354208
206.905282711
206.905211214
206.905139717
206.90506822
206.904996723
206.904925226
206.904853729
206.904782233
206.904710736
206.904639239
206.904567742
206.904496245
206.904424748
206.904353251
206.904281755
206.904210258
206.904138761
206.904067264
206.903995767
206.90392427
206.903852773
206.903781276
206.90370978
206.903638283
206.903566786
206.903495289
206.903423792
206.903352295
206.903280798
206.903209302
206.903137805
206.903066308
206.902994811
206.902923314
206.902851817
206.90278032
206.902708824
206.902637327
206.90256583
206.902494333
206.902422836
206.902351339
206.902279842
206.902208345
206.902136849
206.902065352
206.901993855
206.901922358
206.901850861
206.901779364
206.901707867
206.901636371
206.901564874
206.901493377
206.90142188
206.901350383
206.901278886
206.901207389
206.901135892
206.901064396
206.900992899
206.900921402
206.900849905
206.900778408
206.900706911
206.900635414
206.900563918
206.900492421
206.900420924
206.900349427
206.90027793
206.900206433
206.900134936
206.900063439
206.899991943
206.899920446
206.899848949
206.899777452
206.899705955
206.899634458
206.899562961
206.899491465
206.899419968
206.899348471
206.899276974
206.899205477
206.89913398
206.899062483
206.898990987
206.89891949
206.898847993
206.898776496
206.898704999
206.898633502
206.898562005
206.898490508
206.898419012
206.898347515
206.898276018
206.898204521
206.898133024
206.898061527
206.89799003
206.897918534
206.897847037
206.89777554
206.897704043
206.897632546
206.897561049
206.897489552
206.897418055
206.897346559
206.897275062
206.897203565
206.897132068
206.897060571
206.896989074
206.896917577
206.896846081
206.896774584
206.896703087
206.89663159
206.896560093
206.896488596
206.896417099
206.896345603
206.896274106
206.896202609
206.896131112
206.896059615
206.895988118
206.895916621
206.895845124
206.895773628
206.895702131
206.895630634
206.895559137
206.89548764
206.895416143
206.895344646
206.89527315
206.895201653
206.895130156
206.895058659
206.894987162
206.894915665
206.894844168
206.894772671
206.894701175
206.894629678
206.894558181
206.894486684
206.894415187
206.89434369
206.894272193
206.894200697
206.8941292
206.894057703
206.893986206
206.893914709
206.893843212
206.893771715
206.893700218
206.893628722
206.893557225
206.893485728
206.893414231
206.893342734
206.893271237
206.89319974
206.893128244
206.893056747
206.89298525
206.892913753
206.892842256
206.892770759
206.892699262
206.892627766
206.892556269
206.892484772
206.892413275
206.892341778
206.892270281
206.892198784
206.892127287
206.892055791
206.891984294
206.891912797
206.8918413
206.891769803
206.891698306
206.891626809
206.891555313
206.891483816
206.891412319
206.891340822
206.891269325
206.891197828
206.891126331
206.891054834
206.890983338
206.890911841
206.890840344
206.890768847
206.89069735
206.890625853
206.890554356
206.89048286
206.890411363
206.890339866
206.890268369
206.890196872
206.890125375
206.890053878
206.889982381
206.889910885
206.889839388
206.889767891
206.889696394
206.889624897
206.8895534
206.889481903
206.889410407
206.88933891
206.889267413
206.889195916
206.889124419
206.889052922
206.888981425
206.888909929
206.888838432
206.888766935
206.888695438
206.888623941
206.888552444
206.888480947
206.88840945
206.888337954
206.888266457
206.88819496
206.888123463
206.888051966
206.887980469
206.887908972
206.887837476
206.887765979
206.887694482
206.887622985
206.887551488
206.887479991
206.887408494
206.887336997
206.887265501
206.887194004
206.887122507
206.88705101
206.886979513
206.886908016
206.886836519
206.886765023
206.886693526
206.886622029
206.886550532
206.886479035
206.886407538
206.886336041
206.886264545
206.886193048
206.886121551
206.886050054
206.885978557
206.88590706
206.885835563
206.885764066
206.88569257
206.885621073
206.885549576
206.885478079
206.885406582
206.885335085
206.885263588
206.885192092
206.885120595
206.885049098
206.884977601
206.884906104
206.884834607
206.88476311
206.884691613
206.884620117
206.88454862
206.884477123
206.884405626
206.884334129
206.884262632
206.884191135
206.884119639
206.884048142
206.883976645
206.883905148
206.883833651
206.883762154
206.883690657
206.88361916
206.883547664
206.883476167
206.88340467
206.883333173
206.883261676
206.883190179
206.883118682
206.883047186
206.882975689
206.882904192
206.882832695
206.882761198
206.882689701
206.882618204
206.882546708
206.882475211
206.882403714
206.882332217
206.88226072
206.882189223
206.882117726
206.882046229
206.881974733
206.881903236
206.881831739
206.881760242
206.881688745
206.881617248
206.881545751
206.881474255
206.881402758
206.881331261
206.881259764
206.881188267
206.88111677
206.881045273
206.880973776
206.88090228
206.880830783
206.880759286
206.880687789
206.880616292
206.880544795
206.880473298
206.880401802
206.880330305
206.880258808
206.880187311
206.880115814
206.880044317
206.87997282
206.879901324
206.879829827
206.87975833
206.879686833
206.879615336
206.879543839
206.879472342
206.879400845
206.879329349
206.879257852
206.879186355
206.879114858
206.879043361
206.878971864
206.878900367
206.878828871
206.878757374
206.878685877
206.87861438
206.878542883
206.878471386
206.878399889
206.878328392
206.878256896
206.878185399
206.878113902
206.878042405
206.877970908
206.877899411
206.877827914
206.877756418
206.877684921
206.877613424
206.877541927
206.87747043
206.877398933
206.877327436
206.877255939
206.877184443
206.877112946
206.877041449
206.876969952
206.876898455
206.876826958
206.876755461
206.876683965
206.876612468
206.876540971
206.876469474
206.876397977
206.87632648
206.876254983
206.876183487
206.87611199
206.876040493
206.875968996
206.875897499
206.875826002
206.875754505
206.875683008
206.875611512
206.875540015
206.875468518
206.875397021
206.875325524
206.875254027
206.87518253
206.875111034
206.875039537
206.87496804
206.874896543
206.874825046
206.874753549
206.874682052
206.874610555
206.874539059
206.874467562
206.874396065
206.874324568
206.874253071
206.874181574
206.874110077
206.874038581
206.873967084
206.873895587
206.87382409
206.873752593
206.873681096
206.873609599
206.873538102
206.873466606
206.873395109
206.873323612
206.873252115
206.873180618
206.873109121
206.873037624
206.872966128
206.872894631
206.872823134
206.872751637
206.87268014
206.872608643
206.872537146
206.87246565
206.872394153
206.872322656
206.872251159
206.872179662
206.872108165
206.872036668
206.871965171
206.871893675
206.871822178
206.871750681
206.871679184
206.871607687
206.87153619
206.871464693
206.871393197
206.8713217
206.871250203
206.871178706
206.871107209
206.871035712
206.870964215
206.870892718
206.870821222
206.870749725
206.870678228
206.870606731
206.870535234
206.870463737
206.87039224
206.870320744
206.870249247
206.87017775
206.870106253
206.870034756
206.869963259
206.869891762
206.869820266
206.869748769
206.869677272
206.869605775
206.869534278
206.869462781
206.869391284
206.869319787
206.869248291
206.869176794
206.869105297
206.8690338
206.868962303
206.868890806
206.868819309
206.868747813
206.868676316
206.868604819
206.868533322
206.868461825
206.868390328
206.868318831
206.868247334
206.868175838
206.868104341
206.868032844
206.867961347
206.86788985
206.867818353
206.867746856
206.86767536
206.867603863
206.867532366
206.867460869
206.867389372
206.867317875
206.867246378
206.867174881
206.867103385
206.867031888
206.866960391
206.866888894
206.866817397
206.8667459
206.866674403
206.866602907
206.86653141
206.866459913
206.866388416
206.866316919
206.866245422
206.866173925
206.866102429
206.866030932
206.865959435
206.865887938
206.865816441
206.865744944
206.865673447
206.86560195
206.865530454
206.865458957
206.86538746
206.865315963
206.865244466
206.865172969
206.865101472
206.865029976
206.864958479
206.864886982
206.864815485
206.864743988
206.864672491
206.864600994
206.864529497
206.864458001
206.864386504
206.864315007
206.86424351
206.864172013
206.864100516
206.864029019
206.863957523
206.863886026
206.863814529
206.863743032
206.863671535
206.863600038
206.863528541
206.863457044
206.863385548
206.863314051
206.863242554
206.863171057
206.86309956
206.863028063
206.862956566
206.86288507
206.862813573
206.862742076
206.862670579
206.862599082
206.862527585
206.862456088
206.862384592
206.862313095
206.862241598
206.862170101
206.862098604
206.862027107
206.86195561
206.861884113
206.861812617
206.86174112
206.861669623
206.861598126
206.861526629
206.861455132
206.861383635
206.861312139
206.861240642
206.861169145
206.861097648
206.861026151
206.860954654
206.860883157
206.86081166
206.860740164
206.860668667
206.86059717
206.860525673
206.860454176
206.860382679
206.860311182
206.860239686
206.860168189
206.860096692
206.860025195
206.859953698
206.859882201
206.859810704
206.859739208
206.859667711
206.859596214
206.859524717
206.85945322
206.859381723
206.859310226
206.859238729
206.859167233
206.859095736
206.859024239
206.858952742
206.858881245
206.858809748
206.858738251
206.858666755
206.858595258
206.858523761
206.858452264
206.858380767
206.85830927
206.858237773
206.858166276
206.85809478
206.858023283
206.857951786
206.857880289
206.857808792
206.857737295
206.857665798
206.857594302
206.857522805
206.857451308
206.857379811
206.857308314
206.857236817
206.85716532
206.857093823
206.857022327
206.85695083
206.856879333
206.856807836
206.856736339
206.856664842
206.856593345
206.856521849
206.856450352
206.856378855
206.856307358
206.856235861
206.856164364
206.856092867
206.856021371
206.855949874
206.855878377
206.85580688
206.855735383
206.855663886
206.855592389
206.855520892
206.855449396
206.855377899
206.855306402
206.855234905
206.855163408
206.855091911
206.855020414
206.854948918
206.854877421
206.854805924
206.854734427
206.85466293
206.854591433
206.854519936
206.854448439
206.854376943
206.854305446
206.854233949
206.854162452
206.854090955
206.854019458
206.853947961
206.853876465
206.853804968
206.853733471
206.853661974
206.853590477
206.85351898
206.853447483
206.853375987
206.85330449
206.853232993
206.853161496
206.853089999
206.853018502
206.852947005
206.852875508
206.852804012
206.852732515
206.852661018
206.852589521
206.852518024
206.852446527
206.85237503
206.852303534
206.852232037
206.85216054
206.852089043
206.852017546
206.851946049
206.851874552
206.851803055
206.851731559
206.851660062
206.851588565
206.851517068
206.851445571
206.851374074
206.851302577
206.851231081
206.851159584
206.851088087
206.85101659
206.850945093
206.850873596
206.850802099
206.850730602
206.850659106
206.850587609
206.850516112
206.850444615
206.850373118
206.850301621
206.850230124
206.850158628
206.850087131
206.850015634
206.849944137
206.84987264
206.849801143
206.849729646
206.84965815
206.849586653
206.849515156
206.849443659
206.849372162
206.849300665
206.849229168
206.849157671
206.849086175
206.849014678
206.848943181
206.848871684
206.848800187
