0.219245 0.220614 0.221923 0.223185 0.224408 0.2256 0.226767 0.227912 0.22904 0.230154 0.231254 0.232344 0.233424 0.234496 0.23556 0.236617 0.237668 0.238713 0.239752 0.240787 0.241817 0.242842 0.243863 0.24488
0.220017 0.221352 0.222627 0.223856 0.22505 0.226216 0.227359 0.228484 0.229594 0.230691 0.231777 0.232854 0.233922 0.234983 0.236038 0.237086 0.238129 0.239166 0.240199 0.241227 0.242251 0.243271 0.244287 0.245299
0.220798 0.222086 0.22332 0.224513 0.225675 0.226814 0.227934 0.229038 0.23013 0.231212 0.232284 0.233349 0.234406 0.235458 0.236503 0.237544 0.238579 0.23961 0.240636 0.241659 0.242677 0.243692 0.244703 0.245711
0.221569 0.222802 0.223989 0.225144 0.226275 0.227387 0.228484 0.22957 0.230645 0.231713 0.232773 0.233827 0.234875 0.235917 0.236955 0.237989 0.239018 0.240043 0.241064 0.242081 0.243095 0.244105 0.245112 0.246115
0.222303 0.223477 0.224619 0.225737 0.226838 0.227927 0.229005 0.230074 0.231136 0.232191 0.233241 0.234286 0.235326 0.236361 0.237393 0.23842 0.239444 0.240464 0.24148 0.242493 0.243503 0.244509 0.245512 0.246511
0.222965 0.224087 0.225189 0.226278 0.227356 0.228426 0.229489 0.230546 0.231597 0.232644 0.233686 0.234724 0.235758 0.236788 0.237815 0.238838 0.239857 0.240873 0.241886 0.242895 0.243901 0.244904 0.245904 0.2469
0.223516 0.224604 0.225684 0.226755 0.22782 0.228879 0.229933 0.230982 0.232028 0.233069 0.234106 0.23514 0.23617 0.237197 0.23822 0.23924 0.240257 0.24127 0.24228 0.243287 0.24429 0.24529 0.246287 0.24728
0.223927 0.225014 0.226091 0.227161 0.228224 0.229281 0.230334 0.231382 0.232425 0.233465 0.234501 0.235533 0.236562 0.237587 0.238609 0.239628 0.240643 0.241654 0.242663 0.243667 0.244669 0.245667 0.246661 0.247652
0.224196 0.225313 0.22641 0.227494 0.228567 0.229632 0.23069 0.231742 0.232789 0.233832 0.23487 0.235903 0.236933 0.237959 0.238981 0.24 0.241015 0.242026 0.243034 0.244037 0.245038 0.246034 0.247027 0.248016
0.224343 0.225513 0.226648 0.227759 0.228853 0.229934 0.231004 0.232066 0.233121 0.23417 0.235213 0.236251 0.237284 0.238313 0.239337 0.240357 0.241373 0.242385 0.243393 0.244397 0.245397 0.246393 0.247384 0.248372
0.224408 0.225638 0.22682 0.227966 0.229088 0.230191 0.231279 0.232356 0.233423 0.234481 0.235532 0.236577 0.237616 0.238649 0.239677 0.240701 0.241719 0.242733 0.243742 0.244746 0.245746 0.246742 0.247733 0.248719
0.224429 0.225716 0.226944 0.228129 0.229283 0.230411 0.231521 0.232615 0.233697 0.234768 0.23583 0.236883 0.23793 0.238969 0.240003 0.241031 0.242053 0.243069 0.24408 0.245086 0.246087 0.247083 0.248073 0.249059
0.224435 0.225769 0.227039 0.228261 0.229446 0.230602 0.231735 0.232849 0.233948 0.235034 0.236108 0.237172 0.238228 0.239275 0.240316 0.241349 0.242375 0.243395 0.244409 0.245417 0.246419 0.247415 0.248405 0.24939
0.224446 0.225814 0.227119 0.228374 0.229589 0.230772 0.231928 0.233063 0.23418 0.235282 0.23637 0.237446 0.238512 0.239569 0.240616 0.241656 0.242688 0.243712 0.244729 0.245739 0.246742 0.247739 0.248729 0.249713
0.224472 0.225863 0.227195 0.228478 0.22972 0.230927 0.232107 0.233263 0.234398 0.235516 0.236619 0.237708 0.238785 0.239852 0.240908 0.241954 0.242991 0.24402 0.245041 0.246053 0.247058 0.248056 0.249046 0.250029
0.224515 0.225922 0.227274 0.228579 0.229845 0.231075 0.232276 0.233452 0.234606 0.23574 0.236858 0.237961 0.23905 0.240126 0.241191 0.242245 0.243288 0.244322 0.245346 0.246361 0.247367 0.248365 0.249354 0.250336
0.224578 0.225993 0.227361 0.228684 0.229969 0.23122 0.232441 0.233636 0.234807 0.235959 0.237091 0.238207 0.239308 0.240395 0.241468 0.242529 0.243579 0.244617 0.245644 0.246661 0.247669 0.248666 0.249655 0.250635
0.224657 0.226078 0.227457 0.228796 0.230097 0.231366 0.232606 0.233818 0.235007 0.236174 0.237321 0.23845 0.239562 0.240659 0.241741 0.24281 0.243865 0.244907 0.245937 0.246956 0.247963 0.248961 0.249948 0.250926
0.224751 0.226177 0.227564 0.228915 0.230232 0.231517 0.232773 0.234003 0.235207 0.236389 0.237551 0.238692 0.239816 0.240922 0.242012 0.243087 0.244147 0.245193 0.246225 0.247244 0.248252 0.249247 0.250232 0.251207
0.224859 0.226288 0.227684 0.229046 0.230376 0.231676 0.232947 0.234192 0.235412 0.236608 0.237783 0.238936 0.24007 0.241185 0.242283 0.243363 0.244426 0.245474 0.246508 0.247527 0.248532 0.249526 0.250508 0.251479
0.224978 0.226411 0.227815 0.229187 0.23053 0.231844 0.23313 0.23439 0.235624 0.236834 0.23802 0.239185 0.240328 0.24145 0.242553 0.243638 0.244704 0.245753 0.246785 0.247803 0.248806 0.249796 0.250774 0.25174
0.225107 0.226546 0.227958 0.229341 0.230697 0.232025 0.233325 0.234598 0.235846 0.237068 0.238266 0.239439 0.24059 0.241719 0.242826 0.243912 0.244979 0.246027 0.247057 0.248071 0.24907 0.250056 0.251029 0.25199
0.225247 0.226693 0.228114 0.22951 0.230878 0.232219 0.233533 0.23482 0.23608 0.237313 0.238521 0.239702 0.240859 0.241991 0.2431 0.244186 0.245251 0.246296 0.247322 0.248331 0.249325 0.250305 0.251272 0.252227
0.225395 0.226852 0.228285 0.229693 0.231076 0.232431 0.233759 0.235058 0.236329 0.237572 0.238787 0.239974 0.241134 0.242267 0.243374 0.244458 0.245519 0.246558 0.247579 0.248582 0.249569 0.250541 0.251502 0.252451
