0.0601825561918 0.0424465726534 0.0378489935468 0.0675678818981 0.0543858270477 0.0491841178938 0.0386615612675 -0.0171420913674 -0.0514882620829 -0.0571115833135 -0.0248289868936 -0.0519929536239 -0.0587949593488 -0.0284852788026 0.00897108051501 0.0129863989328 -0.103444404701 -0.0878434682231 -0.0904108941168 -0.0934553862208 -0.0955615417282 -0.155063076193
0.0500283759713 0.0449815589954 0.0295453366578 0.0325552362556 0.0421838162504 0.0348933141692 0.026289649443 -0.0359180318037 -0.0445446243788 -0.0472624733455 -0.0211103876849 -0.0416256676904 -0.0254059735884 0.00629959609787 0.0103149145153 -0.08904863632 -0.076651382431 -0.0792149199437 -0.0813210754498 -0.083427230956 -0.135906031565 -0.143388726235
0.00660773263234 0.034827378774 0.0297805617983 0.0170179301687 0.0412350730861 0.0281209057138 0.0119988457185 -0.0390796154567 -0.0261298557392 -0.0239558511036 -0.0263916850273 -0.0204924763576 -0.014537361755 0.00764343009785 0.0116587485154 -0.0760475477896 -0.0670806091723 -0.069186764679 -0.0712929201854 -0.116748986938 -0.0764672390595 -0.0778012514879
0.0191244680031 -1.16122644765e-05 0.0196263815768 0.014579564601 0.00279955213252 0.0217556821099 -0.00151888773702 -0.00310930308657 -0.022534596483 -0.0202372518948 -0.0127416123447 -0.0114580565407 -0.00366874992173 0.00366724892788 -0.0419053896256 -0.0549462984015 -0.0570524539083 -0.0591586094146 -0.0975919423115 -0.0627127595226 -0.0640467719502 0.0146964391007
-0.0282522255419 -0.0045877368597 0.00947220135559 0.00442538437978 0.0178193435707 0.00167049401472 -0.0182386148741 -0.0126129779153 -0.0454781897106 -0.0123336609272 -0.00932702689124 -0.0094428016809 0.00419550050625 -0.0454356435286 -0.0306154470033 -0.0449181431372 -0.0470242986434 -0.0659026488204 -0.0807788477718 0.00947547133507 0.0122537237463 0.0165028915658
-0.030706171361 -0.0295860547748 -0.0106203257668 0.00643293863058 0.00838253563655 -0.0106009164125 -0.0252578470177 -0.0261698215117 -0.0298432354469 -0.0132432803026 -0.0202877550682 0.000986332654955 -0.0133238566427 -0.022754292882 -0.0209639290381 -0.0222362002572 -0.0311344596957 -0.000776010038905 0.00735357361777 0.0116027414375 0.0158519092577 0.0201010770776
-0.0324242160008 -0.032040000594 -0.0309198840076 -0.0140632406624 -0.000520657484586 -0.0110811784783 -0.0526383875338 -0.0394314175162 -0.0361405651606 -0.0161935648727 -0.0111324763373 -0.00971712127065 -0.0125010602608 -0.0132051150252 -0.0138733321226 -0.00703938311023 -0.000268566117858 0.00670259130891 0.0109517591294 0.0152009269491 0.0194500947694 0.0236992625895
-0.0493142793635 -0.0157325067743 -0.0195942477843 -0.0146634747671 -0.0398563320117 -0.0390924338327 -0.0535731333799 -0.0408285535527 -0.0341866034651 -0.0113136427397 -0.00406675085936 -0.00512119036603 -0.00345594585399 -0.0103328207504 -0.00710056748109 0.000775984873482 0.00120895890456 0.00164193293569 0.0020749069668 0.00250788099814 0.00294085502944 0.00337382906077
-0.0190559470103 -0.0237545601778 -0.0237238167277 -0.0399585570319 -0.0504939958989 -0.0361424140681 0.00127334428738 -0.0385119578361 -0.0275454606522 -0.0140237075958 0.0359685266076 0.00236906982498 -0.00368976816079 -0.00882177445669 -0.00039458248402 0.00162192681579 0.00205490084682 0.00248787487823 0.00292084890924 -0.0521219434079 -0.0613335924198 -0.0705452414314
-0.0521130288539 -0.0330799779726 -0.0334484684577 -0.0488408784616 -0.040013832379 -0.0318929859241 -0.0356227172542 -0.0201721352413 0.0189758945304 0.00884034109338 -0.00546942578904 0.00768189075469 -0.00237156672398 0.00105683675432 -0.0125386978299 -0.0317632397578 -0.048602902036 -0.0378366816022 -0.0470483306141 -0.0562599796258 -0.0654716286371 -0.0245890196757
-0.0412017760906 -0.0482464310768 -0.0488130155803 -0.0447119580397 -0.0534015198012 -0.0357750225188 -0.0347909278953 -0.0452487739716 -0.00721718404134 0.0207352670652 0.00457614726606 0.0136218290791 -0.00520546729222 -0.00620413000766 -0.0176252709715 -0.0328172562774 -0.0486527748666 -0.0644882934557 -0.0921356074139 -0.110028872012 -0.024438174314 0.00587100066223
-0.0555412446537 -0.0514401871133 -0.0473391295727 -0.0394800881646 -0.0309992676894 -0.0144689475347 -0.0374843707341 -0.0209151276959 -0.0265001670427 -0.00119140447552 -0.0112277819022 0.00459650169186 0.00017441073049 -0.010925616609 -0.0253842103042 -0.0423139953688 -0.0514975926941 -0.0673331112832 -0.0374618820611 -0.0475594586795 0.0189635315368 0.0688070477972
-0.0632491452786 -0.0505361401673 -0.0414317468685 -0.0329575581664 -0.0198478446186 -0.0168981055639 0.0032697407533 -0.000208861423822 -0.015061633101 -0.0180775752028 0.00423530050294 0.0106844736218 0.0130425819476 -0.00626344560252 -0.0104456512782 -0.032622198731 -0.0654314062974 -0.0518300443382 -0.055162825237 -0.0433769362212 -0.0061984454712 0.00399098676521
-0.0555234036751 -0.0464190103764 -0.034976955531 -0.0259728858945 -0.0102910864564 0.00736756600965 0.0360702064492 0.0114994008822 -0.000420506425338 0.0143741280723 0.00656311498081 0.0062416918007 0.0100469086695 -0.00846212694332 -0.0150315812189 -0.0550563709427 0.00499285961143 -0.0422287847464 -0.0305789761674 0.0642033254702 0.086306683527 0.0952192437751
-0.0514062738846 -0.0470271052487 -0.0374259073813 -0.0351907107085 0.013024006726 -0.00610150413101 0.00774993963973 0.015550233714 0.0150724779655 0.0139932639157 0.0146322072634 -0.0169477890391 -0.024932426516 0.00634337452304 0.0112040689767 0.0347763306108 0.0147778802416 0.0422354570168 0.0731560747491 0.100375413303 0.0807733129747 0.0995050610928
-0.0533179402567 -0.0437167423894 -0.0341155445214 -0.0361048889385 -0.0090177919735 0.000846352804195 0.0146750381882 0.00439739678696 0.0255971941754 0.0047224403099 0.0171674802011 0.0141646552959 -0.00963232976477 0.00145658501734 0.043006663839 0.0368777007587 0.0577939003928 0.0588617537659 0.0438964737098 0.0143793336294 0.0271911365319 0.0351715693474
-0.0677984190624 -0.055102566682 -0.0510048277236 -0.0141282854031 -0.00115103060532 0.00767710740065 0.00549343858295 0.00753969777395 -0.00298063877725 0.00524962478882 0.0135587129072 0.0486022107428 0.0127381968247 0.0510909683206 0.0356734882883 0.0473485702462 0.0384294835461 0.0442050136352 0.0212862707078 0.0190793082597 0.0592260152205 0.0602809322599
-0.0669535160045 -0.0542576636235 -0.0407874990678 -0.00619140430409 0.00755682396162 0.0146008970365 0.00214990333919 -0.0379242809103 -0.0165152098758 0.00577680926767 0.0487116322669 0.0610448680632 0.0431628329892 0.0552687004035 0.0521682870513 0.060520145762 0.0687937227437 0.0401842210162 0.0239379142294 0.0502128643037 0.047646473989 0.0383052403861
-0.0644870972454 -0.0518885779767 -0.0108893808417 -0.0168866523181 0.00789789337085 0.00241628617684 0.000684383267969 -0.056080813785 -0.012959811705 0.0269491457542 0.0465952035657 0.0618904707649 0.0737075996128 0.0678434012421 0.0643148144293 0.0618672054197 0.0323633598441 0.0262777514123 0.0425205470479 0.0523386591322 0.0363370201117 0.0573947765975
-0.0619851905508 -0.0744852437888 -0.0263859359856 -0.01208826357 -0.0341492556015 -0.0373095206748 0.038132927232 -0.0982732089276 0.01621411796 0.0617433971479 0.0748367152261 0.0694540379708 0.0690582680418 0.0839236100929 0.0742737659939 0.0568012148064 0.0469594211636 0.0596280865668 0.0770342257702 0.0447072073226 0.0272679814361 0.056433640718
-0.111958365977 -0.22747133572 -0.0215875472377 -0.00728987482096 0.0131209365745 0.0169171184906 0.0301652441865 0.0380275583387 0.0459511106248 0.0309222750459 0.0704011342062 0.0726705570645 0.0741244139056 0.0682316197676 0.0708140223889 0.0601312491822 0.069916285989 0.0822484860989 0.0432828085577 0.0543150353903 0.115136940372 0.138878466169
-0.114546513792 -0.0559624893709 -0.00752461359167 -0.000591021354612 0.00519692662425 0.0184719355345 0.029224307706 0.0373967926858 0.0483472096092 0.0703728967323 0.0241424155393 0.0387653201795 0.057136267765 0.0628460971654 0.0399392438433 0.0506774920614 0.0823935230814 0.0850734007003 0.0851011330296 0.118409393017 0.153521275826 0.242166606132
