109.377743071
109.377746719
109.377750367
109.377754015
109.377757664
109.377761312
109.37776496
109.377768608
109.377772256
109.377775904
109.377779553
109.377783201
109.377786849
109.377790497
109.377794145
109.377797793
109.377801442
109.37780509
109.377808738
109.377812386
109.377816034
109.377819683
109.377725888
109.377729537
109.377733185
109.377736833
109.377740481
109.377744129
109.377747778
109.377751426
109.377755074
109.377758722
109.37776237
109.377766018
109.377769667
109.377773315
109.377776963
109.377780611
109.377784259
109.377787907
109.377791556
109.377795204
109.377798852
109.3778025
109.377708706
109.377712354
109.377716002
109.377719651
109.377723299
109.377726947
109.377730595
109.377734243
109.377737891
109.37774154
109.377745188
109.377748836
109.377752484
109.377756132
109.37775978
109.377763429
109.377767077
109.377770725
109.377774373
109.377778021
109.377781669
109.377785318
109.377691524
109.377695172
109.37769882
109.377702468
109.377706116
109.377709764
109.377713413
109.377717061
109.377720709
109.377724357
109.377728005
109.377731653
109.377735302
109.37773895
109.377742598
109.377746246
109.377749894
109.377753543
109.377757191
109.377760839
109.377764487
109.377768135
109.377674341
109.377677989
109.377681638
109.377685286
109.377688934
109.377692582
109.37769623
109.377699878
109.377703527
109.377707175
109.377710823
109.377714471
109.377718119
109.377721767
109.377725416
109.377729064
109.377732712
109.37773636
109.377740008
109.377743656
109.377747305
109.377750953
109.377657159
109.377660807
109.377664455
109.377668103
109.377671751
109.3776754
109.377679048
109.377682696
109.377686344
109.377689992
109.37769364
109.377697289
109.377700937
109.377704585
109.377708233
109.377711881
109.377715529
109.377719178
109.377722826
109.377726474
109.377730122
109.37773377
109.377639976
109.377643624
109.377647273
109.377650921
109.377654569
109.377658217
109.377661865
109.377665513
109.377669162
109.37767281
109.377676458
109.377680106
109.377683754
109.377687403
109.377691051
109.377694699
109.377698347
109.377701995
109.377705643
109.377709292
109.37771294
109.377716588
109.377622794
109.377626442
109.37763009
109.377633738
109.377637387
109.377641035
109.377644683
109.377648331
109.377651979
109.377655627
109.377659276
109.377662924
109.377666572
109.37767022
109.377673868
109.377677516
109.377681165
109.377684813
109.377688461
109.377692109
109.377695757
109.377699405
109.377605611
109.37760926
109.377612908
109.377616556
109.377620204
109.377623852
109.3776275
109.377631149
109.377634797
109.377638445
109.377642093
109.377645741
109.377649389
109.377653038
109.377656686
109.377660334
109.377663982
109.37766763
109.377671278
109.377674927
109.377678575
109.377682223
109.377588429
109.377592077
109.377595725
109.377599373
109.377603022
109.37760667
109.377610318
109.377613966
109.377617614
109.377621263
109.377624911
109.377628559
109.377632207
109.377635855
109.377639503
109.377643152
109.3776468
109.377650448
109.377654096
109.377657744
109.377661392
109.377665041
109.377571247
109.377574895
109.377578543
109.377582191
109.377585839
109.377589487
109.377593136
109.377596784
109.377600432
109.37760408
109.377607728
109.377611376
109.377615025
109.377618673
109.377622321
109.377625969
109.377629617
109.377633265
109.377636914
109.377640562
109.37764421
109.377647858
109.377554064
109.377557712
109.37756136
109.377565009
109.377568657
109.377572305
109.377575953
109.377579601
109.377583249
109.377586898
109.377590546
109.377594194
109.377597842
109.37760149
109.377605138
109.377608787
109.377612435
109.377616083
109.377619731
109.377623379
109.377627028
109.377630676
109.377536882
109.37754053
109.377544178
109.377547826
109.377551474
109.377555123
109.377558771
109.377562419
109.377566067
109.377569715
109.377573363
109.377577012
109.37758066
109.377584308
109.377587956
109.377591604
109.377595252
109.377598901
109.377602549
109.377606197
109.377609845
109.377613493
109.377519699
109.377523347
109.377526996
109.377530644
109.377534292
109.37753794
109.377541588
109.377545236
109.377548885
109.377552533
109.377556181
109.377559829
109.377563477
109.377567125
109.377570774
109.377574422
109.37757807
109.377581718
109.377585366
109.377589014
109.377592663
109.377596311
109.377502517
109.377506165
109.377509813
109.377513461
109.377517109
109.377520758
109.377524406
109.377528054
109.377531702
109.37753535
109.377538998
109.377542647
109.377546295
109.377549943
109.377553591
109.377557239
109.377560888
109.377564536
109.377568184
109.377571832
109.37757548
109.377579128
109.377485334
109.377488982
109.377492631
109.377496279
109.377499927
109.377503575
109.377507223
109.377510872
109.37751452
109.377518168
109.377521816
109.377525464
109.377529112
109.377532761
109.377536409
109.377540057
109.377543705
109.377547353
109.377551001
109.37755465
109.377558298
109.377561946
109.377468152
109.3774718
109.377475448
109.377479096
109.377482745
109.377486393
109.377490041
109.377493689
109.377497337
109.377500985
109.377504634
109.377508282
109.37751193
109.377515578
109.377519226
109.377522874
109.377526523
109.377530171
109.377533819
109.377537467
109.377541115
109.377544763
109.377450969
109.377454618
109.377458266
109.377461914
109.377465562
109.37746921
109.377472858
109.377476507
109.377480155
109.377483803
109.377487451
109.377491099
109.377494747
109.377498396
109.377502044
109.377505692
109.37750934
109.377512988
109.377516637
109.377520285
109.377523933
109.377527581
109.377433787
109.377437435
109.377441083
109.377444732
109.37744838
109.377452028
109.377455676
109.377459324
109.377462972
109.377466621
109.377470269
109.377473917
109.377477565
109.377481213
109.377484861
109.37748851
109.377492158
109.377495806
109.377499454
109.377503102
109.37750675
109.377510399
109.377416605
109.377420253
109.377423901
109.377427549
109.377431197
109.377434845
109.377438494
109.377442142
109.37744579
109.377449438
109.377453086
109.377456734
109.377460383
109.377464031
109.377467679
109.377471327
109.377474975
109.377478623
109.377482272
109.37748592
109.377489568
109.377493216
109.377399422
109.37740307
109.377406718
109.377410367
109.377414015
109.377417663
109.377421311
109.377424959
109.377428607
109.377432256
109.377435904
109.377439552
109.3774432
109.377446848
109.377450497
109.377454145
109.377457793
109.377461441
109.377465089
109.377468737
109.377472386
109.377476034
109.37738224
109.377385888
109.377389536
109.377393184
109.377396832
109.377400481
109.377404129
109.377407777
109.377411425
109.377415073
109.377418721
109.37742237
109.377426018
109.377429666
109.377433314
109.377436962
109.37744061
109.377444259
109.377447907
109.377451555
109.377455203
109.377458851
