2.04913500751 1.72879752162 1.69712804559 1.84663774654 1.77551565274 1.74695350718 1.75928379931 1.63659278689 1.52396569486 1.62002365221 1.76686658721 1.61643781438 1.67878654011 1.94386526811 2.21120614895 2.28591999862 1.54572186945 1.61850398783 1.66047028827 1.74445110665 1.79291751433 2.56697329727
2.01694184549 1.93438567737 1.69094635527 1.9281327999 1.74585061623 1.71583019122 1.67455088593 1.48500721243 1.49726878477 1.5846552188 1.69833892723 1.60912023131 1.80953872614 2.02530469281 2.09172117216 1.54030619133 1.60719662725 1.67710687911 1.7224372691 1.7696943989 2.39678555597 2.56008330188
1.96718840729 1.90613998347 1.8310132789 1.76776480073 1.76086263337 1.6408545486 1.64717309324 1.35727767013 1.57331424642 1.64995099814 1.61074776898 1.7440041621 1.77953358546 1.92253811918 1.98570093762 1.58582545986 1.65794967897 1.7022578029 1.74842154093 2.2525962325 1.78803129379 1.82808276978
2.66015008601 1.86686539026 1.80610630483 1.73741454514 1.70024549686 1.67651712864 1.57553036878 1.54993237576 1.51347503982 1.59312740779 1.60279107104 1.66242665325 1.75211691958 1.7571352861 1.58858991307 1.64041920476 1.68380367204 1.72898039731 2.12909098839 1.76874103315 1.80801008121 1.42403375132
1.43774133236 1.83131156585 1.78238058049 1.71535240785 1.74844922111 1.63486472434 1.57451652441 1.57183611235 1.6355150996 1.49823772118 1.57319926886 1.61834973485 1.65860392208 1.60979125586 1.64082804031 1.6669783454 1.71126617459 2.04373356213 2.20253337329 1.47971147148 1.67712415683 1.69060253554
1.45576476576 1.49693526466 1.7168162843 1.68904444866 1.69257196313 1.6027161707 1.68910547051 1.55443295316 1.47419677067 1.502487632 1.6156713322 1.631667675 1.65210275123 1.64359877087 1.64152588189 1.66026604758 1.76984750134 1.70841698353 1.68974794285 1.70327072495 1.71706699418 1.73114479459
1.51016603642 1.51592830152 1.56037667341 1.65685906155 1.54783111802 1.42366834442 1.54415108605 1.52968473745 1.48751098555 1.49503403436 1.55845918734 1.54829870893 1.65916321547 1.71492493079 1.70237322795 1.86334040216 1.72671352048 1.71629351141 1.73013723727 1.74426317311 1.75867968639 1.773395481
1.48807392461 1.61649683412 1.61396359588 1.59484163084 1.58005688204 1.43942051697 1.63962428282 1.54556785789 1.52496198996 1.51272141646 1.62916038379 1.66708370361 1.71086937026 1.70571913636 1.68065768516 1.70878702698 1.70072186016 1.69275576218 1.68488702007 1.67711396058 1.66943494901 1.66184838817
1.61467774353 1.61203652403 1.67428584327 1.60446770658 1.49387100867 1.55477765609 1.53133576475 1.66959913164 1.59650274352 1.64446329387 1.78277294918 1.71129367374 1.71822234619 1.7488865388 1.79330452885 1.73577763626 1.72761135676 1.71954559429 1.71157861082 1.38313128636 1.3323905804 1.28507962899
1.73922736533 1.77418802525 1.69336914441 1.64511622683 1.62822258338 1.59413915028 1.72686633497 1.44532443658 1.47239194911 1.79535328279 1.62587678005 1.64331997661 1.61897095239 1.85512694184 1.83589037069 1.76704551635 1.74972364428 1.50521087889 1.44658394065 1.39216334282 1.34151302971 3.04477068965
1.86039188452 1.81686062522 1.71383054725 1.70781733097 1.72441043486 1.64388683334 1.79040654852 1.67224363962 1.70070341919 1.85694767951 1.65286466289 1.72108300281 1.73962477793 1.77402601369 1.88920035591 1.7536650448 1.73183492901 1.71186651207 1.75165865826 1.74677830291 3.06332574076 2.35907834503
1.72147509276 1.71509535844 1.7088942388 1.7380366633 1.78488090045 1.80390306769 1.71531507177 1.93899498537 1.95132002816 1.72673600888 1.86658085506 1.85417604725 1.83386427941 1.84208503926 1.73195111765 1.67079763256 1.7409342537 1.72133024475 2.87198675797 4.02622367323 2.40377735444 1.92847921717
1.73933746748 1.73422809256 1.75334783588 1.80408158575 1.79079818002 1.74732608874 1.85313421561 1.79077512328 1.82015163947 1.88097910476 1.8411897572 1.9028174596 1.86508178125 1.98605510845 1.93795348944 1.72314429724 1.91462839236 2.96712390349 3.74768282637 3.09344845586 2.47291434164 2.24526536534
1.74322979155 1.76222609916 1.87478753345 1.87706931178 1.9126210482 1.93059481482 2.05331704057 1.8153988635 1.77773387074 1.96884748746 1.97730421383 1.9534546914 1.86937290081 1.81850713398 1.7410851748 1.77044506045 2.06106897819 3.43125178587 3.02174271394 2.20194004989 2.01024323675 1.95966850516
1.77136093828 2.02160084392 2.00644704442 2.05380794503 2.13124179004 1.88375202171 1.96614133728 1.71586861708 1.72371210654 1.9101826384 1.85876220121 2.01125663094 1.9838220408 2.40805913286 2.22557492381 2.26532454058 2.88423798112 2.64292421182 2.34545094799 2.17457463941 2.10525597291 2.12182016752
2.14448177245 2.12742752105 2.11170280352 2.17022367513 1.94990380373 1.997077917 2.11308094828 2.04997879259 1.70711564593 2.07065518801 1.82009473684 1.75837963326 2.60848458022 2.55486340834 2.30409741187 2.55543670031 2.46216948777 2.49525327891 2.50052439725 2.61501978391 2.57112144312 2.52557906735
2.23695097102 2.19998677296 2.38245356325 2.0940902526 2.14459151081 2.14714472827 2.00556480251 2.29021572845 2.09246329489 2.09574642693 2.20056281106 2.22679787578 2.55765270233 2.31718128532 2.63051002054 2.60252979241 2.6554689166 2.68669718736 2.69967892709 2.71848005428 2.52935135352 2.11353491441
2.35375854108 2.31404142774 2.22143093167 2.30564866313 2.314803548 2.296563214 2.55395448082 2.44304463454 2.15019362861 2.12169454919 2.3057633327 2.25990155643 2.4261955197 2.4873817308 2.65429780698 2.59300096764 2.60045349347 2.70797886807 2.76702717992 2.78773610892 2.33709489235 2.33090221769
2.60613842708 2.52881362052 2.45479319809 2.42137210931 2.49821071389 2.21244886793 2.77375071428 2.58536106162 2.8886446704 2.52885016254 2.45399407401 2.36316986279 2.44517840492 2.63186559789 2.67037552147 2.77371474159 2.78206592817 2.82900724702 2.94670490119 2.97763147366 2.71455813365 2.67981152391
2.73457412051 2.09116602815 2.59512814271 2.6332447618 2.44909936584 2.31405002742 2.67497106086 5.58119156495 2.676326712 2.32960037676 2.35261659702 2.51173535119 2.61450733096 2.67600484303 2.59483940327 2.57638844382 2.63932744054 2.72757250989 2.84009975487 2.78237318615 2.74866731168 2.68265232937
2.16900718083 2.51370170158 2.83309352944 2.87765744611 2.83132316881 2.7378221905 2.66861348529 2.66043737843 2.62205056561 2.75967385043 2.52498626087 2.67321673309 2.49450233868 2.7316997104 2.55214242499 2.58105303813 2.60648098117 2.71383593164 2.91122401143 2.74811460944 2.51392638643 2.33271387016
2.22467166938 3.02373996876 2.77366430911 3.02968325989 3.10731338719 2.94787616169 2.82338564969 2.69025109144 2.8422518231 2.64412628148 2.76174759859 2.80714647994 2.74899659217 2.63131713802 2.63696126359 2.74140055771 2.78875015767 2.84031863002 2.6470066204 2.27588946966 2.13909099059 1.91380534327
