37.7620897567
37.7621453586
37.7622009605
37.7622565624
37.7623121643
37.7623677662
37.7624233681
37.76247897
37.7625345719
37.7625901738
37.7626457756
37.7627013775
37.7627569794
37.7628125813
37.7628681832
37.7629237851
37.762979387
37.7630349889
37.7630905908
37.7631461927
37.7632017946
37.7632573964
37.7633129983
37.7633686002
37.7634242021
37.763479804
37.7635354059
37.7635910078
37.7636466097
37.7637022116
37.7637578135
37.7638134153
37.7638690172
37.7639246191
37.763980221
37.7640358229
37.7640914248
37.7641470267
37.7642026286
37.7642582305
