-0.291129437347 -0.251052969735 -0.256291753301 -0.265951416581 -0.230430100122 -0.242601357185 -0.250572372013 -0.262506133276 -0.262019054196 -0.307382868764 -0.30841841056 -0.309453952356 -0.362406477628 -0.438198591165 -0.456609190309 -0.453498136114 -0.450387081919 -0.189201498379 -0.189013603363 -0.173741299548 -0.194089594562 -0.193110173377 -0.207048075034 -0.207835468222 -0.0791424293245 -0.0731422291305 -0.217279959711 -0.21817152815 -0.0928299513349 -0.0872374295218
-0.278420947512 -0.257195454176 -0.260122486746 -0.25032497527 -0.25076968541 -0.217830363484 -0.229083911214 -0.238961275746 -0.309977487534 -0.289084469023 -0.290120010819 -0.364691931174 -0.409126268321 -0.406254861741 -0.422359034941 -0.419247980746 -0.185907874417 -0.182943635641 -0.169571375984 -0.169098209251 -0.188174649895 -0.18719522871 -0.186215807525 -0.0900770823046 -0.0783766902336 -0.159791576463 -0.207817241478 -0.0943778087641 -0.088785286951 -0.20897542351
-0.272899052786 -0.231831847915 -0.249143429476 -0.23966570057 -0.239392276095 -0.220181387992 -0.215854539201 -0.226197295491 -0.247228332802 -0.182707741385 -0.182064162284 -0.338150200681 -0.377182538896 -0.374311132316 -0.388108879573 -0.384997825378 -0.179650011679 -0.176685772903 -0.164928285686 -0.183239126412 -0.182259705227 -0.181280284043 -0.0965188043636 -0.0899417831328 -0.19876026332 -0.0601696555596 -0.0959256661932 -0.0903331443803 -0.199046399801 -0.0269575055948
-0.261700344426 -0.220218092586 -0.232342030586 -0.223721527965 -0.122893907074 0.0475107048638 0.0292168934787 -0.0847274345076 -0.0932621369694 -0.235274672366 -0.178666767649 -0.311608470188 -0.345238809472 -0.342367402891 -0.353858724205 -0.35074767001 -0.173392148941 -0.186374274462 -0.17830360293 -0.177324181745 -0.17634476056 -0.175365339376 -0.0963835051919 -0.190390310111 -0.188322889809 -0.233785743993 -0.0918810018093 -0.0436860617681 -0.0341543228136 -0.0246225838593
-0.275278568603 -0.145284091515 -0.172473486994 -0.0377462617804 -0.111448471885 -0.123865760299 0.0171657208701 -0.0187593815271 -0.0975411935309 -0.106075895993 -0.0891528277772 -0.0909458857882 -0.313295080047 -0.310423673467 -0.319608568837 -0.170098524979 -0.167134286203 -0.178668169441 -0.172388658263 -0.171409237078 -0.170429815893 -0.102825227251 -0.182020356902 -0.1799529366 -0.153635251277 -0.219064822852 -0.21795533871 -0.04072914429 0.117083091521 0.137882486189
-0.163135732924 -0.125919744009 -0.0463341332091 -0.0491101346118 -0.0170618560027 -0.0477687712626 0.0687921641523 -0.00922058673055 -0.107208665197 -0.110354952554 -0.118889655016 -0.102352722894 -0.126776191987 -0.278479944042 -0.285358413469 -0.163840662241 -0.136868364132 -0.16745313478 -0.166473713595 -0.165494292411 -0.10926694931 -0.173650403693 -0.171582983391 -0.150125265836 -0.149678470847 -0.0673775362992 -0.048163807553 -0.0373526944171 -0.0191731120103 0.102876930781
-0.136886334839 -0.128218895285 -0.0710831946031 -0.0947866417929 0.0363959150512 -0.176620011562 -0.230685916298 -0.0240979013416 -0.110056281222 -0.11919665081 -0.123168711578 -0.11375956 -0.13321995603 -0.168619927973 -0.164303440242 -0.139558926313 -0.137395862626 -0.161538190113 -0.160558768928 -0.159579347744 -0.165280450484 -0.163213030183 -0.146615280395 -0.146168485406 -0.0822433866241 -0.0681801954426 -0.0733983446854 -0.0617465440419 -0.0500947433985 -0.0384429427548
-0.149443723666 -0.0896634820517 -0.0792047176368 -0.186604526963 -0.124726042315 -0.167443014363 -0.18205357783 -0.0940946799547 -0.0542440996584 -0.122044266835 -0.131184636423 -0.12786937097 -0.129762857472 -0.1632669049 -0.138160264961 -0.161467797092 -0.155728003634 -0.155623245446 -0.154643824261 -0.156910497275 -0.154843076974 -0.143105294954 -0.142658499965 -0.0872721193843 -0.077969496878 -0.0776418234906 -0.0659900228471 -0.0543382222036 -0.0426864215601 -0.0310346209167
-0.150707723174 -0.146395013821 -0.0865080374984 -0.121764388639 -0.129892987864 -0.125125669465 -0.171904543375 -0.146671881442 -0.158616020223 -0.124891882859 -0.134032252448 -0.143172622037 -0.141047336972 -0.143971202911 -0.141512451383 -0.155121710174 -0.138751384954 -0.129380573774 -0.158149664084 -0.146473123765 -0.139595309513 -0.139148514524 -0.153308809699 -0.102201469428 -0.0818853022959 -0.0702335016524 -0.0585817010089 -0.0469299003654 -0.0161589673375 -0.0029014131399
-0.148173606246 -0.14765901333 -0.157066888279 -0.131651740623 -0.124383494232 -0.119596130444 -0.161755508919 -0.143401435593 -0.160814803707 -0.122188577673 -0.136879868473 -0.146020238061 -0.154523475893 -0.156423475391 -0.146926925468 -0.142966379541 -0.130602235559 -0.118210934823 -0.127897082883 -0.119018708949 -0.113852910208 -0.147064633192 -0.13471929543 -0.130609108258 -0.126498921086 -0.0628251798141 -0.0511733791707 -0.0235439016465 -0.010286347449 0.00297120674854
-0.149049882087 0.00850729637912 -0.16760739342 -0.131732034033 -0.139061956915 -0.127473035653 -0.155172135586 -0.148811384862 -0.157582047227 -0.148530688283 -0.135693608965 -0.143793328003 -0.154524554549 -0.157793516383 -0.151397625693 -0.141249652547 -0.135047241564 -0.126748433049 -0.120270868235 -0.152490589099 -0.176532309859 -0.133472885334 -0.129362698162 -0.12525251099 0.0031574698239 -0.0367176071367 -0.0216536789517 -0.00658975076665 0.00847417741835 0.0235381056034
0.0358764563025 -0.132509637084 -0.159085685474 -0.15233584778 -0.142181498553 -0.129472554716 -0.125868005204 -0.129601548676 -0.162770876735 -0.144113127456 -0.141433365022 -0.141776074975 -0.160572057241 -0.142256177515 -0.154637932992 -0.132526613326 -0.138819188226 -0.135718666642 -0.131357409083 -0.117613961889 -0.159845525766 -0.114629892724 -0.0373985434275 -0.0167746911583 -0.0435368430914 -0.032201296417 -0.0208657497427 -0.00953020306832 0.001805343606 0.0131408902804
-0.0626617932193 -0.0806615881732 -0.112987271198 -0.144357324376 -0.140092438583 -0.117737773328 -0.123257767787 -0.103902148369 -0.153421339912 -0.147155993407 -0.127998334125 -0.118966289887 -0.124562638709 -0.144659208241 -0.124039044773 -0.106354712032 -0.116825889524 -0.116569698002 -0.11999179381 -0.117663476477 -0.111101514489 -0.104539552501 -0.0979775905131 -0.175775636984 -0.0498308030619 -0.0384952563875 -0.0271597097132 -0.0158241630388 -0.0207409454807 -0.00972404719531
-0.200350963365 -0.0683413654814 -0.137838508688 -0.11187029138 -0.126691210747 -0.129485534247 -0.119442581977 -0.114321504016 -0.125250284198 -0.140177824034 -0.134880476137 -0.11724683526 -0.126478070362 -0.129002565111 -0.108417116183 -0.102197637046 -0.106217783764 -0.0963129958882 -0.127869710363 -0.136374115071 -0.144445469201 -0.145576639814 -0.152110825037 -0.15864501026 -0.108705606376 -0.0559426768286 -0.0449257785432 -0.0339088802579 -0.0228919819727 -0.0118750836874
-0.218514085723 -0.16781804059 -0.08755772254 -0.115560602962 -0.111719654083 -0.114569484422 -0.127002306933 -0.119249054697 -0.111081154262 -0.144909285739 -0.126430682007 -0.128910792666 -0.132326414523 -0.139803751688 -0.142442543353 -0.11938096955 -0.107702332313 -0.102730126653 -0.0967543399083 -0.132065326605 -0.140136680736 -0.148208034866 -0.156279388996 -0.164350743127 -0.113491275584 -0.112842285996 -0.112226496573 -0.111616715201 -0.111006933828 -0.110397152455
-0.19344648636 -0.182752887128 -0.0891319650085 -0.105388069134 -0.11043794692 -0.103480722917 -0.115894351825 -0.135582378353 -0.162670421211 -0.140023789107 -0.137174724846 -0.14813355629 -0.162615878029 -0.1605212902 -0.154679994502 -0.132646437298 -0.111208667271 -0.095236736592 -0.0872437002469 -0.106417081441 -0.1276424357 -0.134918535473 -0.113012616569 -0.105487081732 -0.104838092144 -0.104189102556 -0.103540112968 -0.101303029561 -0.112068968535 -0.113242854566
-0.138414505928 -0.144433011421 -0.128656682967 -0.109034968488 -0.109136460918 -0.113143888488 -0.117686177621 -0.125734599283 -0.120824946901 -0.145117919556 -0.131608995502 -0.139098167747 -0.148569438854 -0.147878450198 -0.144711262996 -0.140504019885 -0.116441934802 -0.0988312734553 -0.0814811011749 -0.0660959670708 -0.105317222348 -0.122891095547 -0.130167195321 -0.0766005927941 -0.0748081031869 -0.112674698642 -0.107897094074 -0.109177869915 -0.110458645755 -0.109774308017
-0.0985801402457 -0.091389778308 -0.0991864208444 -0.111663904126 -0.11132948559 -0.120845805474 -0.117912404044 -0.0856209261917 -0.0934701340733 -0.133787074695 -0.125209243018 -0.134365351751 -0.140289759928 -0.13428161532 -0.126444690504 -0.138093564614 -0.124498948888 -0.104333315963 -0.0858088418905 -0.0745591655098 -0.0499559251394 -0.0345707910355 0.00930756649895 -0.0608617579574 -0.0966387134451 -0.0979832928365 -0.0993278722279 -0.102933276731 -0.104731406587 -0.106529536442
-0.104496253357 -0.0936349295985 -0.0944599906167 -0.0892532236492 -0.117952446628 -0.121387933909 -0.118736792734 -0.0992642993045 -0.0712568206668 -0.0902945344814 -0.142419464918 -0.127848203587 -0.122617247638 -0.118508631437 -0.11755119629 -0.113846746509 -0.113901296804 -0.142967137163 -0.0922246971247 -0.07492949142 -0.0614254459123 -0.0413720254771 -0.0191246669804 -0.0886895202261 -0.0835779815971 -0.0849225609885 -0.0862671403798 -0.0876117197712 -0.0889562991626 -0.10067608174
-0.117884259181 -0.130849919255 -0.104780038016 -0.0833259676091 -0.123973403309 -0.150911846109 -0.148886795094 -0.123257294047 -0.0767577231925 -0.0890767798645 -0.137060801588 -0.160063162486 -0.0853790559728 -0.112815932566 -0.108783769127 -0.109777857672 -0.0998385440108 -0.103948201881 -0.131002304284 -0.140553507526 -0.0617957718226 -0.0409522703738 -0.0268586185466 -0.0848492108189 -0.0830250107979 -0.0718618291405 -0.0732064085318 -0.0745509879232 -0.0758955673145 -0.0772401467059
-0.124614174098 -0.129818109932 -0.108145501303 -0.125944713273 -0.0890936220549 -0.163527605357 -0.176084547999 -0.136079569141 -0.140292174401 -0.101289691842 -0.146676550278 -0.125714746348 -0.140817956839 -0.120545161386 -0.101006411808 -0.101377358978 -0.100584872996 -0.104832254523 -0.13440507973 -0.0778491066123 -0.0613946604821 -0.0403275013859 -0.0936307423629 -0.0867715267397 -0.0779887037095 -0.0866258792119 -0.066145520172 -0.0614902560752 -0.0628348354665 -0.0641794148579
-0.120757022782 -0.116535498367 -0.124517504424 -0.108958651876 -0.0911320360215 -0.135471210783 -0.148226370022 -0.132658195379 -0.152550022695 -0.147114388501 -0.155326567466 -0.109150949452 -0.144825468929 -0.118880639404 -0.122429442579 -0.100811744651 -0.0921843743014 -0.0842277784662 -0.074399959701 -0.140177791418 -0.144497965111 -0.0487148365757 -0.0979013412352 -0.089917884254 -0.113134924186 -0.0711281966 -0.0862792542785 -0.0769030162133 -0.0741543594031 -0.0750406441747
-0.141975348091 -0.114997625017 -0.120789334465 -0.104420073804 -0.115949479019 -0.135314469526 -0.13790577267 -0.14278221221 -0.151644863822 -0.178898420582 -0.201530493636 -0.155019701021 -0.120401135016 -0.11858222257 -0.120764920597 -0.0823345549629 -0.0978500889184 -0.0823325814984 -0.0725047627333 -0.143579622938 -0.147899796632 -0.152219970325 -0.106727015366 -0.0909160231576 -0.0862050261452 -0.11578571966 -0.108202776895 -0.0859326293451 -0.0765563912799 -0.0671801532146
-0.143790676204 -0.130524237466 -0.11634910677 -0.100365425457 -0.118293791094 -0.121831830067 -0.140403802951 -0.13651206658 -0.14345080798 -0.17115843912 -0.178257131168 -0.076241326999 -0.197492953177 -0.203442698677 -0.0971054114096 -0.0741938814919 -0.0790045177322 -0.0707701025769 -0.0706095657656 -0.0901756420125 -0.151301628152 -0.155621801846 -0.103215555727 -0.104779979502 -0.0872031650487 -0.0824921680363 -0.118436515133 -0.110853572368 -0.0855860044117 -0.0762097663465
-0.137207564159 -0.126651527191 -0.150252604562 -0.100604519789 -0.121616101042 -0.139148158594 -0.144632003247 -0.13364022351 -0.137332760302 -0.178658833948 -0.186699155636 -0.119471064594 -0.0720715257069 -0.12522270539 -0.12545799601 -0.0948756074276 -0.0708638442612 -0.0756744805014 -0.0687143687979 -0.095422045742 -0.085083213887 -0.128365780291 -0.106119391249 -0.103855659287 -0.102832943637 -0.145991252539 -0.0787793099274 -0.121087310607 -0.113504367842 -0.105921425076
-0.133372395932 -0.119339044956 -0.129812579952 -0.133742152365 -0.117819535962 -0.15073615397 -0.11779483124 -0.142053225757 -0.111329865043 -0.180700346047 -0.185632171086 -0.159503510615 -0.119241727697 -0.108374077243 -0.114081151601 -0.154332769463 -0.0627231707902 -0.0675338070304 -0.0723444432706 -0.100668449472 -0.0903296176165 -0.158384338641 -0.129188461285 -0.106759494809 -0.175675296983 -0.100885907772 -0.149521062498 -0.140928850993 -0.12373810608 -0.116155163315
-0.191189030309 -0.118421716262 -0.127121021977 -0.136715840431 -0.120231679285 -0.167199410895 -0.149083799388 -0.0895282114529 -0.114434431806 -0.160341417164 -0.20666587246 -0.160843210038 -0.123578361915 -0.107828749442 -0.101014955479 -0.0712867718802 -0.0821473037981 -0.066870193026 -0.0642037697996 -0.105914853201 -0.0955760213459 -0.160740164613 -0.135224155291 -0.13001114228 -0.107399598368 -0.182795277272 -0.177260461765 -0.153050872458 -0.144458660952 -0.135866449446
-0.182076515785 -0.121465431047 -0.126069863003 -0.115557562334 -0.148024834778 -0.184592153106 -0.160512323452 -0.0549391596004 -0.109369691322 -0.149789621298 -0.196046828543 -0.137492413989 -0.14604010404 -0.125494478123 -0.118051289475 -0.099208838446 -0.0475344993578 -0.0757385462986 -0.0405544257919 -0.0660688014416 -0.100822425075 -0.169870468388 -0.163452369758 -0.136046836285 -0.130833823275 -0.195450073068 -0.189915257561 -0.184380442054 -0.115347560404 -0.0956155998513
-0.184101435684 -0.159202014637 -0.0923519432311 -0.113838359336 -0.15518442224 -0.152519232959 -0.166092402439 -0.0535917304819 -0.141758440335 -0.147225500091 -0.160379335756 -0.148696300229 -0.138174916459 -0.134594266155 -0.11779249101 -0.0992838462206 -0.0974027214134 -0.0312356036366 0.0793493550881 -0.0350568293542 -0.0433373962867 -0.179000772164 -0.172582673533 -0.166164574902 -0.13686951728 -0.13165650427 -0.202570053357 -0.127692059535 -0.121685162307 -0.115678265078
-0.186126355582 -0.161698941105 -0.0936597476255 -0.117237776416 -0.161349135218 -0.166576307718 -0.170260119024 -0.0170011598879 -0.0827316383649 -0.135602747818 -0.150519456901 -0.132549407305 -0.139358213171 -0.16931493784 -0.144685262494 -0.0720756272683 -0.0637727839895 -0.01895304248 0.0981255101453 0.108782630509 -0.0240442298231 -0.0627685670707 -0.181712977309 -0.175294878678 -0.142905211285 -0.165939287693 -0.161574265077 -0.15720924246 -0.12802276421 -0.122015866982
