109.407354247
109.407357895
109.407361544
109.407365192
109.40736884
109.407372488
109.407376136
109.407379784
109.407383433
109.407387081
109.407390729
109.407394377
109.407398025
109.407401673
109.407405322
109.40740897
109.407412618
109.407416266
109.407419914
109.407423563
109.407427211
109.407430859
109.407434507
109.407438155
109.407441803
109.407445452
109.4074491
109.407452748
109.407456396
109.407460044
109.407337065
109.407340713
109.407344361
109.407348009
109.407351658
109.407355306
109.407358954
109.407362602
109.40736625
109.407369898
109.407373547
109.407377195
109.407380843
109.407384491
109.407388139
109.407391787
109.407395436
109.407399084
109.407402732
109.40740638
109.407410028
109.407413676
109.407417325
109.407420973
109.407424621
109.407428269
109.407431917
109.407435565
109.407439214
109.407442862
109.407319882
109.407323531
109.407327179
109.407330827
109.407334475
109.407338123
109.407341771
109.40734542
109.407349068
109.407352716
109.407356364
109.407360012
109.40736366
109.407367309
109.407370957
109.407374605
109.407378253
109.407381901
109.407385549
109.407389198
109.407392846
109.407396494
109.407400142
109.40740379
109.407407438
109.407411087
109.407414735
109.407418383
109.407422031
109.407425679
109.4073027
109.407306348
109.407309996
109.407313644
109.407317293
109.407320941
109.407324589
109.407328237
109.407331885
109.407335533
109.407339182
109.40734283
109.407346478
109.407350126
109.407353774
109.407357423
109.407361071
109.407364719
109.407368367
109.407372015
109.407375663
109.407379312
109.40738296
109.407386608
109.407390256
109.407393904
109.407397552
109.407401201
109.407404849
109.407408497
109.407285518
109.407289166
109.407292814
109.407296462
109.40730011
109.407303758
109.407307407
109.407311055
109.407314703
109.407318351
109.407321999
109.407325647
109.407329296
109.407332944
109.407336592
109.40734024
109.407343888
109.407347536
109.407351185
109.407354833
109.407358481
109.407362129
109.407365777
109.407369425
109.407373074
109.407376722
109.40738037
109.407384018
109.407387666
109.407391314
109.407268335
109.407271983
109.407275631
109.40727928
109.407282928
109.407286576
109.407290224
109.407293872
109.40729752
109.407301169
109.407304817
109.407308465
109.407312113
109.407315761
109.407319409
109.407323058
109.407326706
109.407330354
109.407334002
109.40733765
109.407341298
109.407344947
109.407348595
109.407352243
109.407355891
109.407359539
109.407363188
109.407366836
109.407370484
109.407374132
109.407251153
109.407254801
109.407258449
109.407262097
109.407265745
109.407269393
109.407273042
109.40727669
109.407280338
109.407283986
109.407287634
109.407291283
109.407294931
109.407298579
109.407302227
109.407305875
109.407309523
109.407313172
109.40731682
109.407320468
109.407324116
109.407327764
109.407331412
109.407335061
109.407338709
109.407342357
109.407346005
109.407349653
109.407353301
109.40735695
109.40723397
109.407237618
109.407241267
109.407244915
109.407248563
109.407252211
109.407255859
109.407259507
109.407263156
109.407266804
109.407270452
109.4072741
109.407277748
109.407281396
109.407285045
109.407288693
109.407292341
109.407295989
109.407299637
109.407303285
109.407306934
109.407310582
109.40731423
109.407317878
109.407321526
109.407325174
109.407328823
109.407332471
109.407336119
109.407339767
109.407216788
109.407220436
109.407224084
109.407227732
109.40723138
109.407235029
109.407238677
109.407242325
109.407245973
109.407249621
109.407253269
109.407256918
109.407260566
109.407264214
109.407267862
109.40727151
109.407275158
109.407278807
109.407282455
109.407286103
109.407289751
109.407293399
109.407297048
109.407300696
109.407304344
109.407307992
109.40731164
109.407315288
109.407318937
109.407322585
109.407199605
109.407203253
109.407206902
109.40721055
109.407214198
109.407217846
109.407221494
109.407225143
109.407228791
109.407232439
109.407236087
109.407239735
109.407243383
109.407247032
109.40725068
109.407254328
109.407257976
109.407261624
109.407265272
109.407268921
109.407272569
109.407276217
109.407279865
109.407283513
109.407287161
109.40729081
109.407294458
109.407298106
109.407301754
109.407305402
109.407182423
109.407186071
109.407189719
109.407193367
109.407197016
109.407200664
109.407204312
109.40720796
109.407211608
109.407215256
109.407218905
109.407222553
109.407226201
109.407229849
109.407233497
109.407237145
109.407240794
109.407244442
109.40724809
109.407251738
109.407255386
109.407259034
109.407262683
109.407266331
109.407269979
109.407273627
109.407277275
109.407280923
109.407284572
109.40728822
109.40716524
109.407168889
109.407172537
109.407176185
109.407179833
109.407183481
109.407187129
109.407190778
109.407194426
109.407198074
109.407201722
109.40720537
109.407209018
109.407212667
109.407216315
109.407219963
109.407223611
109.407227259
109.407230908
109.407234556
109.407238204
109.407241852
109.4072455
109.407249148
109.407252797
109.407256445
109.407260093
109.407263741
109.407267389
109.407271037
109.407148058
109.407151706
109.407155354
109.407159003
109.407162651
109.407166299
109.407169947
109.407173595
109.407177243
109.407180892
109.40718454
109.407188188
109.407191836
109.407195484
109.407199132
109.407202781
109.407206429
109.407210077
109.407213725
109.407217373
109.407221021
109.40722467
109.407228318
109.407231966
109.407235614
109.407239262
109.40724291
109.407246559
109.407250207
109.407253855
109.407130876
109.407134524
109.407138172
109.40714182
109.407145468
109.407149116
109.407152765
109.407156413
109.407160061
109.407163709
109.407167357
109.407171005
109.407174654
109.407178302
109.40718195
109.407185598
109.407189246
109.407192894
109.407196543
109.407200191
109.407203839
109.407207487
109.407211135
109.407214783
109.407218432
109.40722208
109.407225728
109.407229376
109.407233024
109.407236673
109.407113693
109.407117341
109.407120989
109.407124638
109.407128286
109.407131934
109.407135582
109.40713923
109.407142878
109.407146527
109.407150175
109.407153823
109.407157471
109.407161119
109.407164768
109.407168416
109.407172064
109.407175712
109.40717936
109.407183008
109.407186657
109.407190305
109.407193953
109.407197601
109.407201249
109.407204897
109.407208546
109.407212194
109.407215842
109.40721949
109.407096511
109.407100159
109.407103807
109.407107455
109.407111103
109.407114752
109.4071184
109.407122048
109.407125696
109.407129344
109.407132992
109.407136641
109.407140289
109.407143937
109.407147585
109.407151233
109.407154881
109.40715853
109.407162178
109.407165826
109.407169474
109.407173122
109.40717677
109.407180419
109.407184067
109.407187715
109.407191363
109.407195011
109.407198659
109.407202308
109.407079328
109.407082976
109.407086625
109.407090273
109.407093921
109.407097569
109.407101217
109.407104865
109.407108514
109.407112162
109.40711581
109.407119458
109.407123106
109.407126754
109.407130403
109.407134051
109.407137699
109.407141347
109.407144995
109.407148643
109.407152292
109.40715594
109.407159588
109.407163236
109.407166884
109.407170533
109.407174181
109.407177829
109.407181477
109.407185125
109.407062146
109.407065794
109.407069442
109.40707309
109.407076738
109.407080387
109.407084035
109.407087683
109.407091331
109.407094979
109.407098628
109.407102276
109.407105924
109.407109572
109.40711322
109.407116868
109.407120517
109.407124165
109.407127813
109.407131461
109.407135109
109.407138757
109.407142406
109.407146054
109.407149702
109.40715335
109.407156998
109.407160646
109.407164295
109.407167943
109.407044963
109.407048612
109.40705226
109.407055908
109.407059556
109.407063204
109.407066852
109.407070501
109.407074149
109.407077797
109.407081445
109.407085093
109.407088741
109.40709239
109.407096038
109.407099686
109.407103334
109.407106982
109.40711063
109.407114279
109.407117927
109.407121575
109.407125223
109.407128871
109.407132519
109.407136168
109.407139816
109.407143464
109.407147112
109.40715076
109.407027781
109.407031429
109.407035077
109.407038725
109.407042374
109.407046022
109.40704967
109.407053318
109.407056966
109.407060614
109.407064263
109.407067911
109.407071559
109.407075207
109.407078855
109.407082503
109.407086152
109.4070898
109.407093448
109.407097096
109.407100744
109.407104393
109.407108041
109.407111689
109.407115337
109.407118985
109.407122633
109.407126282
109.40712993
109.407133578
109.407010598
109.407014247
109.407017895
109.407021543
109.407025191
109.407028839
109.407032488
109.407036136
109.407039784
109.407043432
109.40704708
109.407050728
109.407054377
109.407058025
109.407061673
109.407065321
109.407068969
109.407072617
109.407076266
109.407079914
109.407083562
109.40708721
109.407090858
109.407094506
109.407098155
109.407101803
109.407105451
109.407109099
109.407112747
109.407116395
109.406993416
109.406997064
109.407000712
109.407004361
109.407008009
109.407011657
109.407015305
109.407018953
109.407022601
109.40702625
109.407029898
109.407033546
109.407037194
109.407040842
109.40704449
109.407048139
109.407051787
109.407055435
109.407059083
109.407062731
109.407066379
109.407070028
109.407073676
109.407077324
109.407080972
109.40708462
109.407088268
109.407091917
109.407095565
109.407099213
109.406976234
109.406979882
109.40698353
109.406987178
109.406990826
109.406994474
109.406998123
109.407001771
109.407005419
109.407009067
109.407012715
109.407016363
109.407020012
109.40702366
109.407027308
109.407030956
109.407034604
109.407038253
109.407041901
109.407045549
109.407049197
109.407052845
109.407056493
109.407060142
109.40706379
109.407067438
109.407071086
109.407074734
109.407078382
109.407082031
109.406959051
109.406962699
109.406966348
109.406969996
109.406973644
109.406977292
109.40698094
109.406984588
109.406988237
109.406991885
109.406995533
109.406999181
109.407002829
109.407006477
109.407010126
109.407013774
109.407017422
109.40702107
109.407024718
109.407028366
109.407032015
109.407035663
109.407039311
109.407042959
109.407046607
109.407050255
109.407053904
109.407057552
109.4070612
109.407064848
109.406941869
109.406945517
109.406949165
109.406952813
109.406956461
109.40696011
109.406963758
109.406967406
109.406971054
109.406974702
109.40697835
109.406981999
109.406985647
109.406989295
109.406992943
109.406996591
109.407000239
109.407003888
109.407007536
109.407011184
109.407014832
109.40701848
109.407022128
109.407025777
109.407029425
109.407033073
109.407036721
109.407040369
109.407044018
109.407047666
109.406924686
109.406928334
109.406931983
109.406935631
109.406939279
109.406942927
109.406946575
109.406950223
109.406953872
109.40695752
109.406961168
109.406964816
109.406968464
109.406972113
109.406975761
109.406979409
109.406983057
109.406986705
109.406990353
109.406994002
109.40699765
109.407001298
109.407004946
109.407008594
109.407012242
109.407015891
109.407019539
109.407023187
109.407026835
109.407030483
109.406907504
109.406911152
109.4069148
109.406918448
109.406922097
109.406925745
109.406929393
109.406933041
109.406936689
109.406940337
109.406943986
109.406947634
109.406951282
109.40695493
109.406958578
109.406962226
109.406965875
109.406969523
109.406973171
109.406976819
109.406980467
109.406984115
109.406987764
109.406991412
109.40699506
109.406998708
109.407002356
109.407006004
109.407009653
109.407013301
109.406890321
109.40689397
109.406897618
109.406901266
109.406904914
109.406908562
109.40691221
109.406915859
109.406919507
109.406923155
109.406926803
109.406930451
109.406934099
109.406937748
109.406941396
109.406945044
109.406948692
109.40695234
109.406955988
109.406959637
109.406963285
109.406966933
109.406970581
109.406974229
109.406977878
109.406981526
109.406985174
109.406988822
109.40699247
109.406996118
109.406873139
109.406876787
109.406880435
109.406884083
109.406887732
109.40689138
109.406895028
109.406898676
109.406902324
109.406905973
109.406909621
109.406913269
109.406916917
109.406920565
109.406924213
109.406927862
109.40693151
109.406935158
109.406938806
109.406942454
109.406946102
109.406949751
109.406953399
109.406957047
109.406960695
109.406964343
109.406967991
109.40697164
109.406975288
109.406978936
109.406855957
109.406859605
109.406863253
109.406866901
109.406870549
109.406874197
109.406877846
109.406881494
109.406885142
109.40688879
109.406892438
109.406896086
109.406899735
109.406903383
109.406907031
109.406910679
109.406914327
109.406917975
109.406921624
109.406925272
109.40692892
109.406932568
109.406936216
109.406939864
109.406943513
109.406947161
109.406950809
109.406954457
109.406958105
109.406961753
