9.73991864899 5.45868801344 5.63160852519 5.11060938518 6.55776008936 6.66607224777 5.87818544348 6.77382671208 6.14141102757 6.40185637376 6.44594006146 6.49129126853 8.17871042687 25.7598202236 11.0019755525 11.7189219885 12.5347230017 3.96920270824 4.10468695905 3.49203362323 3.31483807368 3.35054291038 5.33906050512 5.71474938756 5.20857909237 5.72274137809 7.65366333563 8.42833819452 8.06976149654 8.9686352498
7.8081277814 5.57607594102 4.8736705236 5.28223468222 4.63598038666 6.27234930016 5.57489010631 5.78068945733 5.82182968103 5.3054400427 5.33496613055 9.06339182994 82.8842005457 69.4597380542 30.5734508238 36.8384192908 3.64087662553 3.68876802328 3.22733543662 3.33604344669 3.20615455523 3.24006301669 3.27452995409 3.30792965326 4.92996673511 6.47502714057 6.69465668487 6.67787244682 7.30560029003 8.80156659365
5.47622409495 5.48719278291 4.48256484976 4.78779946186 4.30777468681 4.72956335318 4.8253771101 5.07100650991 4.99846849161 3.29033932289 3.26143798773 6.51293585354 15.2895576827 14.8025520394 38.8969602961 31.9761060334 3.39731395254 3.44065961374 3.09273204985 3.07250640946 3.10425844019 3.13652089732 3.15476488763 3.26065685954 3.80634668189 5.94042932744 5.66927515624 6.13214388324 6.93061500126 8.11356785412
4.12423854 4.97233820769 4.48835622133 4.10634671278 2.7063640563 2.0833285064 2.0496584548 2.41474128685 2.45315771159 4.37299131469 3.10625756271 5.08887369777 8.42564193605 8.28794847744 11.8541794413 11.1204161577 3.18029218174 3.33351166819 2.94845857362 2.97826187047 3.00853334337 3.03928313026 3.11121384243 3.55219253689 3.60811702074 3.62871634212 5.26091169684 6.05056495329 6.65952636694 7.39996775982
5.72200296245 3.47053294161 3.38354121203 2.19955153671 2.58915512473 2.71996197305 2.10610489114 2.07394904046 2.40103321837 2.44039063445 2.06512146217 2.07349468241 5.81704345186 5.75703794124 6.9812739496 2.95195684988 2.98580442042 3.09723457229 2.86106232719 2.88952884465 2.91843532074 2.97319694847 3.32713515733 3.37803633449 2.75278378906 3.43203595181 3.42040446221 3.61737362443 10.1625145506 13.876687229
2.62780906184 2.66407463705 2.42248086024 2.26411617344 2.07143289017 2.1603629315 1.24037589943 2.52419253547 2.49137964297 2.38920836889 2.42954304932 2.11000812346 2.18648861416 4.41139108424 4.94181877956 2.77949530766 2.64123613868 2.75178288053 2.77860735057 2.80583774764 2.84537365507 3.12649567488 3.17306693046 2.70810736303 2.70569726032 3.22501811311 3.43504252669 3.5199039629 3.99589455452 10.0831456507
2.46424152549 2.68845403421 2.51649349405 2.51297273234 2.04396921261 1.87596475717 1.6460906242 2.54873997665 2.42551803089 2.44643256964 2.37921345577 2.14895136563 2.21567276616 2.57021654214 2.7790424574 2.53315324423 2.54760657237 2.67498490218 2.70068625086 2.72677086673 2.94654615891 2.9893535817 2.66481408372 2.66249480467 3.08971073996 3.2940551841 3.34288162975 3.41938883285 3.50141676578 3.58951235348
2.64013755232 2.61443554287 2.58865356987 3.42323361203 2.3000237598 1.91455796999 2.32788147818 1.96320203831 2.46960125249 2.38227303777 2.40407256437 2.28511052738 2.28699840855 2.48973216891 2.39478849627 2.82373777498 2.55002899095 2.60227764484 2.62693522142 2.78427974946 2.82379071285 2.62284076424 2.62060790505 2.96410868936 3.01003679668 3.16507726573 3.23503809692 3.30989236103 3.39010830135 3.47621786728
2.68460940769 2.71206237585 2.72800840773 1.75850720816 1.74652495485 2.3027790565 2.31964002184 2.75672383714 2.50088235278 2.32179015287 2.34148603065 2.36411578287 2.27448641444 2.26933808491 2.37186833194 2.60445362179 2.34740050219 2.50243594127 2.72429504678 2.6738486698 2.58212800864 2.57997743624 2.48861275542 2.76657550475 3.001438158 3.06559044205 3.13409676358 3.20736003182 3.58362673841 3.72473255539
2.70268008183 2.75832517718 3.69934216327 1.79533320115 1.83606420658 2.25402427785 2.31253833503 2.70004673621 2.41363309115 2.60912745629 2.282459549 2.30298434971 2.36031107837 2.28709472792 2.33640400698 2.34313971966 2.33270633709 2.3290404123 2.2391383019 2.5989431448 2.61158047302 2.45340204321 2.76191777743 2.88379535372 3.01493558124 2.97231251068 3.03941592058 3.33751075835 3.46191518504 3.59812021869
2.70908005983 1.23832593917 4.37592251718 1.9489206107 2.0386770398 2.1860769888 2.43982387771 2.47077248422 2.38061413878 2.33889156706 2.19275111485 2.19654028763 2.1051084025 2.31978551058 2.30174930657 2.28594712462 2.37665355312 2.41603951429 2.37953220532 2.8873192072 2.40222038761 2.53337498047 2.63874133102 2.75159496455 4.49756866255 4.15022079356 4.76251314019 5.55516697793 6.61947919766 8.12062299777
1.26583861415 2.74176375592 3.94874612335 2.20369499153 2.10454860072 2.24432058915 2.17179436511 2.44706374992 2.88883650445 2.38650835483 2.39958281442 2.09446301784 2.07395270907 1.96820392762 2.44135065575 2.26795618509 2.30898748397 2.32637932276 2.5238419613 2.73943597463 2.5118479514 2.71035971307 3.38273318108 3.85803002109 3.44821686078 3.78224903983 4.18315031792 4.67313857715 5.28549761299 6.07244628309
1.99640363983 2.09805478564 2.88270979098 2.32402782999 2.14824392444 2.31132686402 2.19529783455 2.54869747845 2.53024223572 2.26686085737 2.1767934064 2.05355560448 1.80173402647 1.94958792929 1.99190637342 1.94841278539 2.03740314846 2.15053105469 2.36014149411 2.38403758106 2.53575697856 2.70442010841 2.89290819631 2.26535968846 3.32616704584 3.63481378308 4.00221730834 4.4468345174 4.23644198505 4.63525191842
3.86406210351 2.06753563795 3.33348024734 2.11383563147 2.38062191567 2.34792808569 2.31170563751 2.58096521315 2.4227811979 2.0715224629 2.14093388761 2.06860189473 2.00663097446 1.77521237096 1.81914092357 1.96114943635 2.05626264296 2.17105353604 2.14510518719 2.17667695493 2.19216950482 2.23976486582 2.26177077256 2.28462712319 2.71691127397 3.25721076185 3.50382494886 3.78487275715 4.10790632044 4.48284968659
4.4689239739 3.36918474984 2.51644282057 2.27558603559 2.31825731069 2.24989312807 2.48213830626 2.49626099906 2.38345165186 2.07113890712 2.09740034467 2.18950108914 2.09317535037 1.88841192017 1.98296322828 2.03676966299 2.18309857282 2.17076490188 2.21375494675 2.15086378929 2.16575780316 2.18148229583 2.19806906726 2.21555237427 2.77768002329 2.91280632306 3.07134722815 3.23495601314 3.41536956273 3.6152946739
3.52975842818 3.99372946564 2.51080300408 2.21210929477 2.35146057633 2.32150759623 2.28822702833 2.45662422636 2.173338736 2.19314571462 2.18875332408 2.35412084047 2.23324245998 2.25493965708 2.05254955664 2.0233942774 2.12462672682 2.22873305112 2.27100769306 2.17515359971 2.05529657564 2.02836828037 2.47161144793 2.66241678398 2.78889321245 2.92695709797 3.0782653413 3.17816052237 3.44610401845 3.6141368794
2.89379194671 3.06367261511 2.91475591905 2.37558482336 2.38303068457 2.47683356382 2.25474901906 2.24739391007 2.18326893376 2.25344844133 2.1796967312 2.19832878779 2.09995958324 2.154700951 2.29441266909 2.13737997017 2.23089475468 2.30261947656 2.36010990354 2.5083936921 2.18935340715 1.98919296124 1.96360757575 2.41892008318 2.48748789886 3.11325396888 3.2278908681 3.38850524481 3.56214821822 3.63692414989
2.34715736469 2.37227812677 2.53261986904 2.37131272012 2.45271546124 2.40831259526 2.30951576714 2.08384110022 2.03205746716 2.2020570263 2.07318378597 2.14781518028 2.07807707872 2.09882301983 2.04981693134 2.31768028355 2.34117109293 2.39448387964 2.37780480026 2.59523748211 2.71078528975 2.90156756564 2.83758410803 2.4075446738 2.97840579642 3.15068901376 3.35174664449 3.22340378646 3.36434050349 3.51884299338
2.38333504956 2.37649942182 2.53650711203 2.52102962432 2.50417962681 2.26484282507 2.24483787437 2.2349125439 1.97797596687 1.84979091616 2.25854265123 2.0665446607 2.07565345354 2.04276531551 2.03368889379 2.11442328827 2.3217448186 2.40509850607 2.57771367213 2.67578858771 2.82570239984 2.98154397874 3.26130106006 2.72497104597 3.07002129598 3.25583244711 3.47376864494 3.73242020152 4.0437736562 3.60239664417
2.52209155955 2.57792868827 2.46929517008 2.64527638747 2.57563655076 2.50544598425 2.36031435204 2.41581035113 2.03701204101 1.95359992768 2.18547372006 2.45447301449 1.7705870578 2.044247233 2.04663540642 2.10332810302 2.2103887363 2.5655968628 2.36831129848 2.34084892381 2.918112965 3.0197840351 3.2091289015 2.76682519938 2.90214456936 3.3730134063 3.61048436342 3.8942069129 4.23850131794 4.66432250735
2.40636181632 2.53469841703 2.59143448808 2.99721041194 2.72009478878 2.60815081112 2.5330253636 2.49787569667 2.52460737012 2.11554760063 2.27451553981 2.15556827827 2.33394719184 2.13688197553 2.04452163226 2.08550633123 2.16659079674 2.72416996949 2.44966528677 2.8227227221 2.95816501165 3.10776657485 2.77833866677 2.86259375234 2.94676077727 2.85323764017 3.27600082142 4.07763503106 4.46128607673 4.94116958076
2.31056619678 2.38046241604 2.57216405544 2.7251535147 2.90123146767 2.23821468542 2.12469833313 2.34904578266 2.64884505537 2.51619516473 2.39211861296 2.10527430145 2.39010496023 2.16394012202 2.20081458107 2.10727265213 2.15055355292 2.54309059957 2.65631844898 2.40724833383 2.44014094052 3.23655533441 2.83680702365 2.9586239813 2.84033226986 3.14713533485 2.97777110984 3.02286895282 3.40515878516 3.54105503204
2.55902623445 2.32680938172 2.6208614094 2.66042049509 2.66034184009 2.1897654236 2.02041056898 2.34525881163 2.61686730193 2.92802770957 3.40697086462 2.54829926176 2.22092244758 2.21365685028 2.23027602352 2.06056523855 2.23766165199 2.65571229685 2.77781028518 2.48353278656 2.51888517963 2.55569622753 2.93742078967 3.05005125223 3.16093412912 2.94275808074 2.97831227705 3.11146400823 3.15971573288 3.21077259218
2.47571676158 2.71351672771 2.46404588722 2.8133736911 2.48386754545 2.83394243881 1.98573214318 2.19496114517 2.26786802512 2.81144423265 2.99687482154 2.01433108989 3.13505780244 3.54241582987 2.18152163523 2.0642419368 2.139631109 2.23580031977 2.90822764381 3.14870571494 2.6028204171 2.64250451215 2.99312817837 3.135559026 3.26378635445 3.38949769109 3.05271152407 3.09068601413 3.25530955394 3.30704633514
2.49383427783 2.69096030846 2.65309724461 2.78866593589 2.42417650049 2.2321053087 1.94768529519 2.32338265547 2.16585727578 2.99495464348 3.0665749751 2.33354801911 1.98996269901 2.60789066436 2.45103968373 2.3388965429 2.14710007895 2.22930806722 3.04850502965 3.32913832954 3.52617361082 3.03654529985 3.09135808747 3.19263772456 3.35735285581 3.08046393121 3.64969721315 3.17105384394 3.21172167191 3.25485927034
2.45220295342 2.6282866417 2.82994259152 2.38912931926 2.39895094399 2.06252600753 1.7576386907 2.43132525147 2.04334132415 3.06923717739 3.28346922909 2.80214247669 2.50810013737 2.54394184346 2.65246573681 2.77628045283 2.15739752565 2.24123561134 2.33153543183 3.52826626436 3.74407995513 3.38420223616 3.19650460725 3.3035367757 2.99864299466 3.60713082087 3.20024666982 3.23253732667 3.29878287396 3.34246061362
2.05230251812 2.59081506381 2.80873250079 2.46722558651 2.41413790227 2.07573823639 1.38502414353 2.05364613588 2.04963149644 3.01437253028 4.14534538872 2.99476475605 2.53834160132 2.63073857302 2.72772865979 2.66022941254 2.58113597467 2.62492431151 2.34877821201 3.74907168591 3.98655442935 3.88781833932 3.31757456577 3.37010506456 3.54354834157 3.09292273523 3.1127074377 3.33245905356 3.36854780511 3.40833715427
2.12299990529 2.57252790736 2.82754347755 3.10293306331 2.44528244595 2.07628974342 1.2640850464 2.07406723735 1.99202886404 2.97702673711 3.83297842026 2.59809030866 2.70717096469 2.7446111004 2.80527687546 2.90955302661 2.29396874448 2.70146057009 2.64833317649 2.88258279049 4.2578896222 4.18241264574 4.30727404176 3.50217550565 3.55901756344 3.17755374205 3.19761535427 3.22053246009 3.94476296876 3.98319798231
2.10326628781 2.26198797729 3.12008034323 3.11131721057 2.21566187492 1.2711251088 1.17506516487 2.23110475704 2.89119862084 3.06054991132 2.56821610067 2.67832345892 2.6648567275 2.85220751583 2.89770323301 3.04770020383 3.11613832645 2.32111597132 2.73239872278 3.0663813901 3.50046235972 4.52068109675 4.65968112289 4.80740840448 3.70351977017 3.76518773897 3.29086163515 3.9683280169 4.08049048476 4.19811859213
2.08579475251 2.22190493041 2.90502922882 3.1791367642 2.16990244235 1.25545380927 1.10558132986 1.88150675676 4.78994345852 2.68851304892 2.46176473081 2.33238117581 2.51754626078 3.23688303885 3.40101518576 3.02371732385 3.0975266176 2.30449199334 2.76335036281 2.95675980413 3.29750657298 3.47047836981 5.06906866201 5.2352561406 3.85913758519 3.94686622148 4.00849522045 4.07186669071 4.22598309778 4.34885214758
