206.88090228
206.880830783
206.880759286
206.880687789
206.880616292
206.880544795
206.880473298
206.880401802
206.880330305
206.880258808
206.880187311
206.880115814
206.880044317
206.87997282
206.879901324
206.879829827
206.87975833
206.879686833
206.879615336
206.879543839
206.879472342
206.879400845
206.879329349
206.879257852
206.879186355
206.879114858
206.879043361
206.878971864
206.878900367
206.878828871
206.878757374
206.878685877
206.87861438
206.878542883
206.878471386
206.878399889
206.878328392
206.878256896
206.878185399
206.878113902
206.878042405
206.877970908
206.877899411
206.877827914
206.877756418
206.877684921
206.877613424
206.877541927
206.87747043
206.877398933
206.877327436
206.877255939
206.877184443
206.877112946
206.877041449
206.876969952
206.876898455
206.876826958
206.876755461
206.876683965
