-11.7959653333
-11.7958953464
-11.7958253594
-11.7957553724
-11.7956853854
-11.7956153984
-11.7955454115
-11.7954754245
-11.7954054375
-11.7953354505
-11.7952654635
-11.7951954766
-11.7951254896
-11.7950555026
-11.7949855156
-11.7949155286
-11.7948455417
-11.7947755547
-11.7947055677
-11.7946355807
-11.7945655937
-11.7944956068
-11.7944256198
-11.7943556328
-11.7942856458
-11.7942156589
-11.7941456719
-11.7940756849
-11.7940056979
-11.7939357109
-11.793865724
-11.793795737
-11.79372575
-11.793655763
-11.793585776
-11.7935157891
-11.7934458021
-11.7933758151
-11.7933058281
-11.7932358411
-11.7931658542
-11.7930958672
-11.7930258802
-11.7929558932
-11.7928859062
-11.7928159193
-11.7927459323
-11.7926759453
-11.7926059583
-11.7925359714
-11.7924659844
-11.7923959974
-11.7923260104
-11.7922560234
-11.7921860365
-11.7921160495
-11.7920460625
-11.7919760755
-11.7919060885
-11.7918361016
-11.7917661146
-11.7916961276
-11.7916261406
-11.7915561536
-11.7914861667
-11.7914161797
-11.7913461927
-11.7912762057
-11.7912062187
-11.7911362318
-11.7910662448
-11.7909962578
-11.7909262708
-11.7908562839
-11.7907862969
-11.7907163099
-11.7906463229
-11.7905763359
-11.790506349
-11.790436362
-11.790366375
-11.790296388
-11.790226401
-11.7901564141
-11.7900864271
-11.7900164401
-11.7899464531
-11.7898764661
-11.7898064792
-11.7897364922
-11.7896665052
-11.7895965182
-11.7895265312
-11.7894565443
-11.7893865573
-11.7893165703
-11.7892465833
-11.7891765964
-11.7891066094
-11.7890366224
-11.7889666354
-11.7888966484
-11.7888266615
-11.7887566745
-11.7886866875
-11.7886167005
-11.7885467135
-11.7884767266
-11.7884067396
-11.7883367526
-11.7882667656
-11.7881967786
-11.7881267917
-11.7880568047
-11.7879868177
-11.7879168307
-11.7878468437
-11.7877768568
-11.7877068698
-11.7876368828
-11.7875668958
-11.7874969089
-11.7874269219
-11.7873569349
-11.7872869479
-11.7872169609
-11.787146974
-11.787076987
-11.787007
-11.786937013
-11.786867026
-11.7867970391
-11.7867270521
-11.7866570651
-11.7865870781
-11.7865170911
-11.7864471042
-11.7863771172
-11.7863071302
-11.7862371432
-11.7861671562
-11.7860971693
-11.7860271823
-11.7859571953
-11.7858872083
-11.7858172214
-11.7857472344
-11.7856772474
-11.7856072604
-11.7855372734
-11.7854672865
-11.7853972995
-11.7853273125
-11.7852573255
-11.7851873385
-11.7851173516
-11.7850473646
-11.7849773776
-11.7849073906
-11.7848374036
-11.7847674167
-11.7846974297
-11.7846274427
-11.7845574557
-11.7844874687
-11.7844174818
-11.7843474948
-11.7842775078
-11.7842075208
-11.7841375339
-11.7840675469
-11.7839975599
-11.7839275729
-11.7838575859
-11.783787599
-11.783717612
-11.783647625
-11.783577638
-11.783507651
-11.7834376641
-11.7833676771
-11.7832976901
-11.7832277031
-11.7831577161
-11.7830877292
-11.7830177422
-11.7829477552
-11.7828777682
-11.7828077812
-11.7827377943
-11.7826678073
-11.7825978203
-11.7825278333
-11.7824578464
-11.7823878594
-11.7823178724
-11.7822478854
-11.7821778984
-11.7821079115
-11.7820379245
-11.7819679375
-11.7818979505
-11.7818279635
-11.7817579766
-11.7816879896
-11.7816180026
-11.7815480156
-11.7814780286
-11.7814080417
-11.7813380547
-11.7812680677
-11.7811980807
-11.7811280937
-11.7810581068
-11.7809881198
-11.7809181328
-11.7808481458
-11.7807781589
-11.7807081719
-11.7806381849
-11.7805681979
-11.7804982109
-11.780428224
-11.780358237
-11.78028825
-11.780218263
-11.780148276
-11.7800782891
-11.7800083021
-11.7799383151
-11.7798683281
-11.7797983411
-11.7797283542
-11.7796583672
-11.7795883802
-11.7795183932
-11.7794484062
-11.7793784193
-11.7793084323
-11.7792384453
-11.7791684583
-11.7790984714
-11.7790284844
-11.7789584974
-11.7788885104
-11.7788185234
-11.7787485365
-11.7786785495
-11.7786085625
-11.7785385755
-11.7784685885
-11.7783986016
-11.7783286146
-11.7782586276
-11.7781886406
-11.7781186536
-11.7780486667
-11.7779786797
-11.7779086927
-11.7778387057
-11.7777687187
-11.7776987318
-11.7776287448
-11.7775587578
-11.7774887708
-11.7774187839
-11.7773487969
-11.7772788099
-11.7772088229
-11.7771388359
-11.777068849
-11.776998862
-11.776928875
-11.776858888
-11.776788901
-11.7767189141
-11.7766489271
-11.7765789401
-11.7765089531
-11.7764389661
-11.7763689792
-11.7762989922
-11.7762290052
-11.7761590182
-11.7760890312
-11.7760190443
-11.7759490573
-11.7758790703
-11.7758090833
-11.7757390964
-11.7756691094
-11.7755991224
-11.7755291354
-11.7754591484
-11.7753891615
-11.7753191745
-11.7752491875
-11.7751792005
-11.7751092135
-11.7750392266
-11.7749692396
-11.7748992526
-11.7748292656
-11.7747592786
-11.7746892917
-11.7746193047
-11.7745493177
-11.7744793307
-11.7744093437
-11.7743393568
-11.7742693698
-11.7741993828
-11.7741293958
-11.7740594089
-11.7739894219
-11.7739194349
-11.7738494479
-11.7737794609
-11.773709474
-11.773639487
-11.7735695
-11.773499513
-11.773429526
-11.7733595391
-11.7732895521
-11.7732195651
-11.7731495781
-11.7730795911
-11.7730096042
-11.7729396172
-11.7728696302
-11.7727996432
-11.7727296562
-11.7726596693
-11.7725896823
-11.7725196953
-11.7724497083
-11.7723797214
-11.7723097344
-11.7722397474
-11.7721697604
-11.7720997734
-11.7720297865
-11.7719597995
-11.7718898125
-11.7718198255
-11.7717498385
-11.7716798516
-11.7716098646
-11.7715398776
-11.7714698906
-11.7713999036
-11.7713299167
-11.7712599297
-11.7711899427
-11.7711199557
-11.7710499687
-11.7709799818
-11.7709099948
-11.7708400078
-11.7707700208
-11.7707000339
-11.7706300469
-11.7705600599
-11.7704900729
-11.7704200859
-11.770350099
-11.770280112
-11.770210125
-11.770140138
-11.770070151
-11.7700001641
-11.7699301771
-11.7698601901
-11.7697902031
-11.7697202161
-11.7696502292
-11.7695802422
-11.7695102552
-11.7694402682
-11.7693702812
-11.7693002943
-11.7692303073
-11.7691603203
-11.7690903333
-11.7690203464
-11.7689503594
-11.7688803724
-11.7688103854
-11.7687403984
-11.7686704115
-11.7686004245
-11.7685304375
-11.7684604505
-11.7683904635
-11.7683204766
-11.7682504896
-11.7681805026
-11.7681105156
-11.7680405286
-11.7679705417
-11.7679005547
-11.7678305677
-11.7677605807
-11.7676905937
-11.7676206068
-11.7675506198
-11.7674806328
-11.7674106458
-11.7673406589
-11.7672706719
-11.7672006849
-11.7671306979
-11.7670607109
-11.766990724
-11.766920737
-11.76685075
-11.766780763
-11.766710776
-11.7666407891
-11.7665708021
-11.7665008151
-11.7664308281
-11.7663608411
-11.7662908542
-11.7662208672
-11.7661508802
-11.7660808932
-11.7660109062
-11.7659409193
-11.7658709323
-11.7658009453
-11.7657309583
-11.7656609714
-11.7655909844
-11.7655209974
-11.7654510104
-11.7653810234
-11.7653110365
-11.7652410495
-11.7651710625
-11.7651010755
-11.7650310885
-11.7649611016
-11.7648911146
-11.7648211276
-11.7647511406
-11.7646811536
-11.7646111667
-11.7645411797
-11.7644711927
-11.7644012057
-11.7643312187
-11.7642612318
-11.7641912448
-11.7641212578
-11.7640512708
-11.7639812839
-11.7639112969
-11.7638413099
-11.7637713229
-11.7637013359
-11.763631349
-11.763561362
-11.763491375
-11.763421388
-11.763351401
-11.7632814141
-11.7632114271
-11.7631414401
-11.7630714531
-11.7630014661
-11.7629314792
-11.7628614922
-11.7627915052
-11.7627215182
-11.7626515312
-11.7625815443
-11.7625115573
-11.7624415703
-11.7623715833
-11.7623015964
-11.7622316094
-11.7621616224
-11.7620916354
-11.7620216484
-11.7619516615
-11.7618816745
-11.7618116875
-11.7617417005
-11.7616717135
-11.7616017266
-11.7615317396
-11.7614617526
-11.7613917656
-11.7613217786
-11.7612517917
-11.7611818047
-11.7611118177
-11.7610418307
-11.7609718437
-11.7609018568
-11.7608318698
-11.7607618828
-11.7606918958
-11.7606219089
-11.7605519219
-11.7604819349
-11.7604119479
-11.7603419609
-11.760271974
-11.760201987
-11.760132
-11.760062013
-11.759992026
-11.7599220391
-11.7598520521
-11.7597820651
-11.7597120781
-11.7596420911
-11.7595721042
-11.7595021172
-11.7594321302
-11.7593621432
-11.7592921562
-11.7592221693
-11.7591521823
-11.7590821953
-11.7590122083
-11.7589422214
-11.7588722344
-11.7588022474
-11.7587322604
-11.7586622734
-11.7585922865
-11.7585222995
-11.7584523125
-11.7583823255
-11.7583123385
-11.7582423516
-11.7581723646
-11.7581023776
-11.7580323906
-11.7579624036
-11.7578924167
-11.7578224297
-11.7577524427
-11.7576824557
-11.7576124687
-11.7575424818
-11.7574724948
-11.7574025078
-11.7573325208
-11.7572625339
-11.7571925469
-11.7571225599
-11.7570525729
-11.7569825859
-11.756912599
-11.756842612
-11.756772625
-11.756702638
-11.756632651
-11.7565626641
-11.7564926771
-11.7564226901
-11.7563527031
-11.7562827161
-11.7562127292
-11.7561427422
-11.7560727552
-11.7560027682
-11.7559327812
-11.7558627943
-11.7557928073
-11.7557228203
-11.7556528333
-11.7555828464
-11.7555128594
-11.7554428724
-11.7553728854
-11.7553028984
-11.7552329115
-11.7551629245
-11.7550929375
-11.7550229505
-11.7549529635
-11.7548829766
-11.7548129896
-11.7547430026
-11.7546730156
-11.7546030286
-11.7545330417
-11.7544630547
-11.7543930677
-11.7543230807
-11.7542530937
-11.7541831068
-11.7541131198
-11.7540431328
-11.7539731458
-11.7539031589
-11.7538331719
-11.7537631849
-11.7536931979
-11.7536232109
-11.753553224
-11.753483237
-11.75341325
-11.753343263
-11.753273276
-11.7532032891
-11.7531333021
-11.7530633151
-11.7529933281
-11.7529233411
-11.7528533542
-11.7527833672
-11.7527133802
-11.7526433932
-11.7525734062
-11.7525034193
-11.7524334323
-11.7523634453
-11.7522934583
-11.7522234714
-11.7521534844
-11.7520834974
-11.7520135104
-11.7519435234
-11.7518735365
-11.7518035495
-11.7517335625
-11.7516635755
-11.7515935885
-11.7515236016
-11.7514536146
-11.7513836276
-11.7513136406
-11.7512436536
-11.7511736667
-11.7511036797
-11.7510336927
-11.7509637057
-11.7508937187
-11.7508237318
-11.7507537448
-11.7506837578
-11.7506137708
-11.7505437839
-11.7504737969
-11.7504038099
-11.7503338229
-11.7502638359
-11.750193849
-11.750123862
-11.750053875
-11.749983888
-11.749913901
-11.7498439141
-11.7497739271
-11.7497039401
-11.7496339531
-11.7495639661
-11.7494939792
-11.7494239922
-11.7493540052
-11.7492840182
-11.7492140312
-11.7491440443
-11.7490740573
-11.7490040703
-11.7489340833
-11.7488640964
-11.7487941094
-11.7487241224
-11.7486541354
-11.7485841484
-11.7485141615
-11.7484441745
-11.7483741875
-11.7483042005
-11.7482342135
-11.7481642266
-11.7480942396
-11.7480242526
-11.7479542656
-11.7478842786
-11.7478142917
-11.7477443047
-11.7476743177
-11.7476043307
-11.7475343437
-11.7474643568
-11.7473943698
-11.7473243828
-11.7472543958
-11.7471844089
-11.7471144219
-11.7470444349
-11.7469744479
-11.7469044609
-11.746834474
-11.746764487
-11.7466945
-11.746624513
-11.746554526
-11.7464845391
-11.7464145521
-11.7463445651
-11.7462745781
-11.7462045911
-11.7461346042
-11.7460646172
-11.7459946302
-11.7459246432
-11.7458546562
-11.7457846693
-11.7457146823
-11.7456446953
-11.7455747083
-11.7455047214
-11.7454347344
-11.7453647474
-11.7452947604
-11.7452247734
-11.7451547865
-11.7450847995
-11.7450148125
-11.7449448255
-11.7448748385
-11.7448048516
-11.7447348646
-11.7446648776
-11.7445948906
-11.7445249036
-11.7444549167
-11.7443849297
-11.7443149427
-11.7442449557
-11.7441749687
-11.7441049818
-11.7440349948
-11.7439650078
-11.7438950208
-11.7438250339
-11.7437550469
-11.7436850599
-11.7436150729
-11.7435450859
-11.743475099
-11.743405112
-11.743335125
-11.743265138
-11.743195151
-11.7431251641
-11.7430551771
-11.7429851901
-11.7429152031
-11.7428452161
-11.7427752292
-11.7427052422
-11.7426352552
-11.7425652682
-11.7424952812
-11.7424252943
-11.7423553073
-11.7422853203
-11.7422153333
-11.7421453464
-11.7420753594
-11.7420053724
-11.7419353854
-11.7418653984
-11.7417954115
-11.7417254245
-11.7416554375
-11.7415854505
-11.7415154635
-11.7414454766
-11.7413754896
-11.7413055026
-11.7412355156
-11.7411655286
-11.7410955417
-11.7410255547
-11.7409555677
-11.7408855807
-11.7408155937
-11.7407456068
-11.7406756198
-11.7406056328
-11.7405356458
-11.7404656589
-11.7403956719
-11.7403256849
-11.7402556979
-11.7401857109
-11.740115724
-11.740045737
-11.73997575
-11.739905763
-11.739835776
-11.7397657891
-11.7396958021
-11.7396258151
-11.7395558281
-11.7394858411
-11.7394158542
-11.7393458672
-11.7392758802
-11.7392058932
-11.7391359062
-11.7390659193
-11.7389959323
-11.7389259453
-11.7388559583
-11.7387859714
-11.7387159844
-11.7386459974
-11.7385760104
-11.7385060234
-11.7384360365
-11.7383660495
-11.7382960625
-11.7382260755
-11.7381560885
-11.7380861016
-11.7380161146
-11.7379461276
-11.7378761406
-11.7378061536
-11.7377361667
-11.7376661797
-11.7375961927
-11.7375262057
-11.7374562187
-11.7373862318
-11.7373162448
-11.7372462578
-11.7371762708
-11.7371062839
-11.7370362969
-11.7369663099
-11.7368963229
-11.7368263359
-11.736756349
-11.736686362
-11.736616375
-11.736546388
-11.736476401
-11.7364064141
-11.7363364271
-11.7362664401
-11.7361964531
-11.7361264661
-11.7360564792
-11.7359864922
-11.7359165052
-11.7358465182
-11.7357765312
-11.7357065443
-11.7356365573
-11.7355665703
-11.7354965833
-11.7354265964
-11.7353566094
-11.7352866224
-11.7352166354
-11.7351466484
-11.7350766615
-11.7350066745
-11.7349366875
-11.7348667005
-11.7347967135
-11.7347267266
-11.7346567396
-11.7345867526
-11.7345167656
-11.7344467786
-11.7343767917
-11.7343068047
-11.7342368177
-11.7341668307
-11.7340968437
-11.7340268568
-11.7339568698
-11.7338868828
-11.7338168958
-11.7337469089
-11.7336769219
-11.7336069349
-11.7335369479
-11.7334669609
-11.733396974
-11.733326987
-11.733257
-11.733187013
-11.733117026
-11.7330470391
-11.7329770521
-11.7329070651
-11.7328370781
-11.7327670911
-11.7326971042
-11.7326271172
-11.7325571302
-11.7324871432
-11.7324171562
-11.7323471693
-11.7322771823
-11.7322071953
-11.7321372083
-11.7320672214
-11.7319972344
-11.7319272474
-11.7318572604
-11.7317872734
-11.7317172865
-11.7316472995
-11.7315773125
-11.7315073255
-11.7314373385
-11.7313673516
-11.7312973646
-11.7312273776
-11.7311573906
-11.7310874036
-11.7310174167
-11.7309474297
-11.7308774427
-11.7308074557
-11.7307374687
-11.7306674818
-11.7305974948
-11.7305275078
-11.7304575208
-11.7303875339
-11.7303175469
-11.7302475599
-11.7301775729
-11.7301075859
-11.730037599
-11.729967612
-11.729897625
-11.729827638
-11.729757651
-11.7296876641
-11.7296176771
-11.7295476901
-11.7294777031
-11.7294077161
-11.7293377292
-11.7292677422
-11.7291977552
-11.7291277682
-11.7290577812
-11.7289877943
-11.7289178073
-11.7288478203
-11.7287778333
-11.7287078464
-11.7286378594
-11.7285678724
-11.7284978854
-11.7284278984
-11.7283579115
-11.7282879245
-11.7282179375
-11.7281479505
-11.7280779635
-11.7280079766
-11.7279379896
-11.7278680026
-11.7277980156
-11.7277280286
-11.7276580417
-11.7275880547
-11.7275180677
-11.7274480807
-11.7273780937
-11.7273081068
-11.7272381198
-11.7271681328
-11.7270981458
-11.7270281589
-11.7269581719
-11.7268881849
-11.7268181979
-11.7267482109
-11.726678224
-11.726608237
-11.72653825
-11.726468263
-11.726398276
-11.7263282891
-11.7262583021
-11.7261883151
-11.7261183281
-11.7260483411
-11.7259783542
-11.7259083672
-11.7258383802
-11.7257683932
-11.7256984062
-11.7256284193
-11.7255584323
-11.7254884453
-11.7254184583
-11.7253484714
-11.7252784844
-11.7252084974
-11.7251385104
-11.7250685234
-11.7249985365
-11.7249285495
-11.7248585625
-11.7247885755
-11.7247185885
-11.7246486016
-11.7245786146
-11.7245086276
-11.7244386406
-11.7243686536
