37.7634764689
37.7634628828
37.7634492968
37.7634357108
37.7634221247
37.7634085387
37.7633949527
37.7633813666
37.7633677806
37.7633541945
37.7633406085
37.7633270225
37.7633134364
37.7632998504
37.7632862644
37.7632726783
37.7632590923
37.7632455062
37.7632319202
37.7632183342
37.7632047481
37.7631911621
37.7631775761
37.76316399
37.763150404
37.7631368179
37.7631232319
37.7631096459
37.7630960598
37.7630824738
37.7634735843
37.7634599983
37.7634464122
37.7634328262
37.7634192401
37.7634056541
37.7633920681
37.763378482
37.763364896
37.76335131
37.7633377239
37.7633241379
37.7633105518
37.7632969658
37.7632833798
37.7632697937
37.7632562077
37.7632426217
37.7632290356
37.7632154496
37.7632018635
37.7631882775
37.7631746915
37.7631611054
37.7631475194
37.7631339334
37.7631203473
37.7631067613
37.7630931752
37.7630795892
37.7634706997
37.7634571137
37.7634435276
37.7634299416
37.7634163556
37.7634027695
37.7633891835
37.7633755974
37.7633620114
37.7633484254
37.7633348393
37.7633212533
37.7633076673
37.7632940812
37.7632804952
37.7632669091
37.7632533231
37.7632397371
37.763226151
37.763212565
37.763198979
37.7631853929
37.7631718069
37.7631582208
37.7631446348
37.7631310488
37.7631174627
37.7631038767
37.7630902907
37.7630767046
37.7634678151
37.7634542291
37.763440643
37.763427057
37.763413471
37.7633998849
37.7633862989
37.7633727129
37.7633591268
37.7633455408
37.7633319547
37.7633183687
37.7633047827
37.7632911966
37.7632776106
37.7632640246
37.7632504385
37.7632368525
37.7632232664
37.7632096804
37.7631960944
37.7631825083
37.7631689223
37.7631553363
37.7631417502
37.7631281642
37.7631145781
37.7631009921
37.7630874061
37.76307382
37.7634649305
37.7634513445
37.7634377585
37.7634241724
37.7634105864
37.7633970003
37.7633834143
37.7633698283
37.7633562422
37.7633426562
37.7633290702
37.7633154841
37.7633018981
37.763288312
37.763274726
37.76326114
37.7632475539
37.7632339679
37.7632203819
37.7632067958
37.7631932098
37.7631796237
37.7631660377
37.7631524517
37.7631388656
37.7631252796
37.7631116936
37.7630981075
37.7630845215
37.7630709355
37.7634620459
37.7634484599
37.7634348739
37.7634212878
37.7634077018
37.7633941158
37.7633805297
37.7633669437
37.7633533577
37.7633397716
37.7633261856
37.7633125995
37.7632990135
37.7632854275
37.7632718414
37.7632582554
37.7632446694
37.7632310833
37.7632174973
37.7632039112
37.7631903252
37.7631767392
37.7631631531
37.7631495671
37.7631359811
37.763122395
37.763108809
37.7630952229
37.7630816369
37.7630680509
37.7634591614
37.7634455753
37.7634319893
37.7634184033
37.7634048172
37.7633912312
37.7633776451
37.7633640591
37.7633504731
37.763336887
37.763323301
37.763309715
37.7632961289
37.7632825429
37.7632689568
37.7632553708
37.7632417848
37.7632281987
37.7632146127
37.7632010267
37.7631874406
37.7631738546
37.7631602685
37.7631466825
37.7631330965
37.7631195104
37.7631059244
37.7630923384
37.7630787523
37.7630651663
37.7634562768
37.7634426907
37.7634291047
37.7634155187
37.7634019326
37.7633883466
37.7633747606
37.7633611745
37.7633475885
37.7633340024
37.7633204164
37.7633068304
37.7632932443
37.7632796583
37.7632660723
37.7632524862
37.7632389002
37.7632253141
37.7632117281
37.7631981421
37.763184556
37.76317097
37.763157384
37.7631437979
37.7631302119
37.7631166258
37.7631030398
37.7630894538
37.7630758677
37.7630622817
37.7634533922
37.7634398062
37.7634262201
37.7634126341
37.763399048
37.763385462
37.763371876
37.7633582899
37.7633447039
37.7633311179
37.7633175318
37.7633039458
37.7632903597
37.7632767737
37.7632631877
37.7632496016
37.7632360156
37.7632224296
37.7632088435
37.7631952575
37.7631816714
37.7631680854
37.7631544994
37.7631409133
37.7631273273
37.7631137413
37.7631001552
37.7630865692
37.7630729831
37.7630593971
37.7634505076
37.7634369216
37.7634233355
37.7634097495
37.7633961635
37.7633825774
37.7633689914
37.7633554053
37.7633418193
37.7633282333
37.7633146472
37.7633010612
37.7632874752
37.7632738891
37.7632603031
37.763246717
37.763233131
37.763219545
37.7632059589
37.7631923729
37.7631787869
37.7631652008
37.7631516148
37.7631380287
37.7631244427
37.7631108567
37.7630972706
37.7630836846
37.7630700986
37.7630565125
37.763447623
37.763434037
37.7634204509
37.7634068649
37.7633932789
37.7633796928
37.7633661068
37.7633525208
37.7633389347
37.7633253487
37.7633117626
37.7632981766
37.7632845906
37.7632710045
37.7632574185
37.7632438325
37.7632302464
37.7632166604
37.7632030743
37.7631894883
37.7631759023
37.7631623162
37.7631487302
37.7631351442
37.7631215581
37.7631079721
37.7630943861
37.7630808
37.763067214
37.7630536279
37.7634447384
37.7634311524
37.7634175664
37.7634039803
37.7633903943
37.7633768083
37.7633632222
37.7633496362
37.7633360501
37.7633224641
37.7633088781
37.763295292
37.763281706
37.76326812
37.7632545339
37.7632409479
37.7632273618
37.7632137758
37.7632001898
37.7631866037
37.7631730177
37.7631594317
37.7631458456
37.7631322596
37.7631186735
37.7631050875
37.7630915015
37.7630779154
37.7630643294
37.7630507434
37.7634418539
37.7634282678
37.7634146818
37.7634010957
37.7633875097
37.7633739237
37.7633603376
37.7633467516
37.7633331656
37.7633195795
37.7633059935
37.7632924074
37.7632788214
37.7632652354
37.7632516493
37.7632380633
37.7632244773
37.7632108912
37.7631973052
37.7631837191
37.7631701331
37.7631565471
37.763142961
37.763129375
37.763115789
37.7631022029
37.7630886169
37.7630750308
37.7630614448
37.7630478588
37.7634389693
37.7634253832
37.7634117972
37.7633982112
37.7633846251
37.7633710391
37.763357453
37.763343867
37.763330281
37.7633166949
37.7633031089
37.7632895229
37.7632759368
37.7632623508
37.7632487647
37.7632351787
37.7632215927
37.7632080066
37.7631944206
37.7631808346
37.7631672485
37.7631536625
37.7631400764
37.7631264904
37.7631129044
37.7630993183
37.7630857323
37.7630721463
37.7630585602
37.7630449742
37.7634360847
37.7634224986
37.7634089126
37.7633953266
37.7633817405
37.7633681545
37.7633545685
37.7633409824
37.7633273964
37.7633138103
37.7633002243
37.7632866383
37.7632730522
37.7632594662
37.7632458802
37.7632322941
37.7632187081
37.763205122
37.763191536
37.76317795
37.7631643639
37.7631507779
37.7631371919
37.7631236058
37.7631100198
37.7630964337
37.7630828477
37.7630692617
37.7630556756
37.7630420896
37.7634332001
37.7634196141
37.763406028
37.763392442
37.7633788559
37.7633652699
37.7633516839
37.7633380978
37.7633245118
37.7633109258
37.7632973397
37.7632837537
37.7632701676
37.7632565816
37.7632429956
37.7632294095
37.7632158235
37.7632022375
37.7631886514
37.7631750654
37.7631614793
37.7631478933
37.7631343073
37.7631207212
37.7631071352
37.7630935492
37.7630799631
37.7630663771
37.763052791
37.763039205
37.7634303155
37.7634167295
37.7634031434
37.7633895574
37.7633759714
37.7633623853
37.7633487993
37.7633352132
37.7633216272
37.7633080412
37.7632944551
37.7632808691
37.7632672831
37.763253697
37.763240111
37.7632265249
37.7632129389
37.7631993529
37.7631857668
37.7631721808
37.7631585948
37.7631450087
37.7631314227
37.7631178367
37.7631042506
37.7630906646
37.7630770785
37.7630634925
37.7630499065
37.7630363204
37.7634274309
37.7634138449
37.7634002589
37.7633866728
37.7633730868
37.7633595007
37.7633459147
37.7633323287
37.7633187426
37.7633051566
37.7632915706
37.7632779845
37.7632643985
37.7632508124
37.7632372264
37.7632236404
37.7632100543
37.7631964683
37.7631828823
37.7631692962
37.7631557102
37.7631421241
37.7631285381
37.7631149521
37.763101366
37.76308778
37.763074194
37.7630606079
37.7630470219
37.7630334358
37.7634245463
37.7634109603
37.7633973743
37.7633837882
37.7633702022
37.7633566162
37.7633430301
37.7633294441
37.763315858
37.763302272
37.763288686
37.7632750999
37.7632615139
37.7632479279
37.7632343418
37.7632207558
37.7632071697
37.7631935837
37.7631799977
37.7631664116
37.7631528256
37.7631392396
37.7631256535
37.7631120675
37.7630984814
37.7630848954
37.7630713094
37.7630577233
37.7630441373
37.7630305513
37.7634216618
37.7634080757
37.7633944897
37.7633809036
37.7633673176
37.7633537316
37.7633401455
37.7633265595
37.7633129735
37.7632993874
37.7632858014
37.7632722153
37.7632586293
37.7632450433
37.7632314572
37.7632178712
37.7632042852
37.7631906991
37.7631771131
37.763163527
37.763149941
37.763136355
37.7631227689
37.7631091829
37.7630955969
37.7630820108
37.7630684248
37.7630548387
37.7630412527
37.7630276667
37.7634187772
37.7634051911
37.7633916051
37.7633780191
37.763364433
37.763350847
37.7633372609
37.7633236749
37.7633100889
37.7632965028
37.7632829168
37.7632693308
37.7632557447
37.7632421587
37.7632285726
37.7632149866
37.7632014006
37.7631878145
37.7631742285
37.7631606425
37.7631470564
37.7631334704
37.7631198843
37.7631062983
37.7630927123
37.7630791262
37.7630655402
37.7630519542
37.7630383681
37.7630247821
37.7634158926
37.7634023065
37.7633887205
37.7633751345
37.7633615484
37.7633479624
37.7633343764
37.7633207903
37.7633072043
37.7632936182
37.7632800322
37.7632664462
37.7632528601
37.7632392741
37.7632256881
37.763212102
37.763198516
37.7631849299
37.7631713439
37.7631577579
37.7631441718
37.7631305858
37.7631169998
37.7631034137
37.7630898277
37.7630762416
37.7630626556
37.7630490696
37.7630354835
37.7630218975
37.763413008
37.763399422
37.7633858359
37.7633722499
37.7633586638
37.7633450778
37.7633314918
37.7633179057
37.7633043197
37.7632907337
37.7632771476
37.7632635616
37.7632499755
37.7632363895
37.7632228035
37.7632092174
37.7631956314
37.7631820454
37.7631684593
37.7631548733
37.7631412873
37.7631277012
37.7631141152
37.7631005291
37.7630869431
37.7630733571
37.763059771
37.763046185
37.763032599
37.7630190129
37.7634101234
37.7633965374
37.7633829513
37.7633693653
37.7633557793
37.7633421932
37.7633286072
37.7633150212
37.7633014351
37.7632878491
37.763274263
37.763260677
37.763247091
37.7632335049
37.7632199189
37.7632063329
37.7631927468
37.7631791608
37.7631655747
37.7631519887
37.7631384027
37.7631248166
37.7631112306
37.7630976446
37.7630840585
37.7630704725
37.7630568864
37.7630433004
37.7630297144
37.7630161283
37.7634072388
37.7633936528
37.7633800668
37.7633664807
37.7633528947
37.7633393086
37.7633257226
37.7633121366
37.7632985505
37.7632849645
37.7632713785
37.7632577924
37.7632442064
37.7632306203
37.7632170343
37.7632034483
37.7631898622
37.7631762762
37.7631626902
37.7631491041
37.7631355181
37.763121932
37.763108346
37.76309476
37.7630811739
37.7630675879
37.7630540019
37.7630404158
37.7630268298
37.7630132437
37.7634043542
37.7633907682
37.7633771822
37.7633635961
37.7633500101
37.7633364241
37.763322838
37.763309252
37.7632956659
37.7632820799
37.7632684939
37.7632549078
37.7632413218
37.7632277358
37.7632141497
37.7632005637
37.7631869776
37.7631733916
37.7631598056
37.7631462195
37.7631326335
37.7631190475
37.7631054614
37.7630918754
37.7630782893
37.7630647033
37.7630511173
37.7630375312
37.7630239452
37.7630103592
37.7634014697
37.7633878836
37.7633742976
37.7633607115
37.7633471255
37.7633335395
37.7633199534
37.7633063674
37.7632927814
37.7632791953
37.7632656093
37.7632520232
37.7632384372
37.7632248512
37.7632112651
37.7631976791
37.7631840931
37.763170507
37.763156921
37.7631433349
37.7631297489
37.7631161629
37.7631025768
37.7630889908
37.7630754048
37.7630618187
37.7630482327
37.7630346466
37.7630210606
37.7630074746
37.7633985851
37.763384999
37.763371413
37.763357827
37.7633442409
37.7633306549
37.7633170688
37.7633034828
37.7632898968
37.7632763107
37.7632627247
37.7632491387
37.7632355526
37.7632219666
37.7632083805
37.7631947945
37.7631812085
37.7631676224
37.7631540364
37.7631404504
37.7631268643
37.7631132783
37.7630996922
37.7630861062
37.7630725202
37.7630589341
37.7630453481
37.7630317621
37.763018176
37.76300459
37.7633957005
37.7633821144
37.7633685284
37.7633549424
37.7633413563
37.7633277703
37.7633141843
37.7633005982
37.7632870122
37.7632734261
37.7632598401
37.7632462541
37.763232668
37.763219082
37.763205496
37.7631919099
37.7631783239
37.7631647379
37.7631511518
37.7631375658
37.7631239797
37.7631103937
37.7630968077
37.7630832216
37.7630696356
37.7630560496
37.7630424635
37.7630288775
37.7630152914
37.7630017054
37.7633928159
37.7633792299
37.7633656438
37.7633520578
37.7633384718
37.7633248857
37.7633112997
37.7632977136
37.7632841276
37.7632705416
37.7632569555
37.7632433695
37.7632297835
37.7632161974
37.7632026114
37.7631890253
37.7631754393
37.7631618533
37.7631482672
37.7631346812
37.7631210952
37.7631075091
37.7630939231
37.763080337
37.763066751
37.763053165
37.7630395789
37.7630259929
37.7630124069
37.7629988208
