24
27
27
21
16
13
14
15
14
16
21
13
1
5
16
16
8
8
17
14
13
19
16
12
16
8
2
5
13
15
21
17
17
15
14
13
13
11
10
20
26
16
4
8
16
11
4
10
18
16
10
10
10
8
11
6
0
0
5
8
24
15
12
13
15
15
10
1
0
17
20
16
13
17
17
10
7
9
16
17
10
4
6
9
13
14
6
4
5
3
19
13
11
13
17
16
8
1
0
8
10
12
16
20
17
15
13
13
18
21
17
8
8
11
14
18
13
10
6
0
15
6
4
8
11
9
2
1
4
8
7
13
18
19
20
23
22
20
21
27
26
18
14
13
11
14
11
8
4
0
6
10
8
11
11
7
0
2
12
17
15
19
23
21
24
33
31
27
25
33
35
29
21
16
11
11
8
8
5
3
4
8
8
8
3
0
0
9
18
16
24
29
30
25
26
33
36
49
50
43
38
33
25
18
12
15
18
15
5
4
0
0
3
5
3
0
2
10
17
19
22
28
30
29
29
38
49
57
59
50
44
40
31
26
20
14
15
12
5
3
0
0
0
3
8
10
11
11
11
13
18
29
42
46
41
46
58
72
74
63
54
48
38
31
24
15
13
11
8
7
0
0
0
6
13
19
18
10
4
8
15
31
49
59
62
66
74
88
90
76
64
54
43
32
23
15
9
7
7
8
0
1
6
12
18
17
13
9
6
15
20
30
43
61
78
91
99
101
102
88
74
62
48
37
27
19
9
5
8
10
3
7
13
19
17
10
7
10
16
24
30
36
47
65
87
108
117
122
123
105
87
68
51
40
29
21
11
6
7
8
10
13
15
16
13
9
9
14
21
29
36
48
64
81
101
124
137
148
146
125
97
73
53
41
30
21
11
4
4
5
11
14
10
7
7
11
15
15
15
28
35
53
74
92
113
142
164
162
160
136
105
78
54
44
34
20
9
2
2
5
7
9
5
5
4
8
16
13
11
18
39
57
82
103
124
163
181
179
163
150
116
83
49
39
27
9
5
0
0
2
11
14
7
6
3
8
18
15
14
14
33
57
86
113
140
176
196
189
180
165
126
83
53
39
25
9
6
6
5
6
11
14
10
7
1
6
20
19
17
19
35
63
89
118
149
177
198
196
188
166
129
85
61
42
25
12
9
9
8
7
11
12
10
9
1
5
17
21
20
30
39
69
91
117
147
168
188
193
178
150
123
86
68
46
30
19
14
9
6
4
11
10
10
12
4
5
15
18
20
31
39
67
89
115
144
163
181
187
165
137
116
83
64
44
36
24
16
9
5
3
7
10
11
14
8
8
15
15
18
27
37
62
86
110
134
154
167
165
145
125
104
72
47
34
30
23
15
7
4
3
7
10
8
12
10
13
15
12
16
25
38
56
79
98
112
131
136
128
114
105
85
60
35
27
22
23
11
3
2
1
8
7
2
6
9
15
18
13
17
23
38
50
71
84
90
107
109
100
88
84
66
53
34
26
16
24
12
4
2
2
14
4
2
3
8
13
19
20
18
23
39
50
53
59
73
86
89
81
72
62
53
40
26
16
13
15
12
4
0
0
6
2
2
6
13
18
22
22
21
23
32
39
43
50
62
69
71
68
62
55
44
33
24
17
10
10
9
8
2
0
2
1
2
8
14
18
22
23
25
22
25
31
37
47
53
56
57
52
52
47
37
30
25
19
9
13
13
11
4
0
4
2
2
6
11
16
19
21
23
19
20
25
34
44
50
51
51
48
47
44
36
30
24
17
8
12
11
9
5
0
6
4
3
7
12
15
16
14
14
16
17
23
32
40
43
44
46
46
40
36
32
28
19
11
8
8
5
3
3
4
4
8
8
11
17
18
14
9
7
15
17
22
28
33
35
36
37
37
30
25
24
22
14
8
7
7
2
1
3
7
1
6
8
12
18
18
14
9
10
12
15
20
21
24
27
29
30
26
20
17
16
16
15
12
10
8
4
3
8
12
0
3
5
9
14
15
14
15
19
6
10
14
15
18
22
26
24
17
16
12
10
13
18
18
13
7
2
4
10
14
