109.38465906
109.384556189
109.384453318
109.384350447
109.384247576
109.384144705
109.384041834
109.383938963
109.383836092
109.383733222
109.383630351
109.38352748
109.383424609
109.383321738
109.383218867
109.383115996
109.383013125
109.382910254
109.382807383
109.382704513
109.382601642
109.382498771
109.3823959
109.382293029
109.382190158
109.382087287
109.381984416
109.381881545
109.381778675
109.381675804
109.381572933
109.381470062
109.381367191
109.38126432
109.381161449
109.381058578
109.380955707
109.380852836
109.380749966
109.380647095
109.380544224
109.380441353
109.380338482
109.380235611
109.38013274
109.380029869
109.379926998
109.379824127
109.379721257
109.379618386
109.379515515
109.379412644
109.379309773
109.379206902
109.379104031
109.37900116
109.378898289
109.378795419
109.378692548
109.378589677
109.378486806
109.378383935
109.378281064
109.378178193
109.378075322
109.377972451
109.37786958
109.37776671
109.377663839
109.377560968
