37.750802573
37.7508581749
37.7509137768
37.7509693786
37.7510249805
37.7510805824
37.7511361843
37.7511917862
37.7512473881
37.75130299
37.7513585919
37.7514141938
37.7514697957
37.7515253976
37.7515809994
37.7516366013
37.7516922032
37.7517478051
37.751803407
37.7518590089
37.7519146108
37.7519702127
37.7520258146
37.7520814165
37.7521370183
37.7521926202
37.7522482221
37.752303824
37.7523594259
37.7524150278
37.7524706297
37.7525262316
37.7525818335
37.7526374354
37.7526930373
37.7527486391
37.752804241
37.7528598429
37.7529154448
37.7529710467
37.7530266486
37.7530822505
37.7531378524
37.7531934543
37.7532490562
37.753304658
37.7533602599
37.7534158618
37.7534714637
37.7535270656
