37.7628083367
37.7628263922
37.7628444478
37.7628625033
37.7628805589
37.7628986144
37.76291667
37.7629347256
37.7629527811
37.7629708367
37.7629888922
37.7630069478
37.7630250033
37.7630430589
37.7630611144
37.76307917
37.7630972256
37.7631152811
37.7631333367
37.7631513922
37.7631694478
37.7631875033
37.7632055589
37.7632236144
37.76324167
37.7632597256
37.7632777811
37.7632958367
37.7633138922
37.7633319478
37.7633500033
37.7633680589
37.7633861144
37.76340417
37.7634222256
37.7634402811
37.7634583367
37.7634763922
37.7634944478
37.7635125033
