109.376588222
109.37659187
109.376595518
109.376599166
109.376602815
109.376606463
109.376610111
109.376613759
109.376617407
109.376621056
109.376624704
109.376628352
109.376632
109.376635648
109.376639296
109.376642945
109.376646593
109.376650241
109.376653889
109.376657537
109.376661185
109.376664834
109.376668482
109.37667213
109.376675778
109.376679426
109.376683074
109.376686723
109.376690371
109.376694019
109.376697667
109.376701315
109.376704963
109.376708612
109.37671226
109.376715908
109.376719556
109.376723204
109.376726852
109.376730501
109.37657104
109.376574688
109.376578336
109.376581984
109.376585632
109.37658928
109.376592929
109.376596577
109.376600225
109.376603873
109.376607521
109.376611169
109.376614818
109.376618466
109.376622114
109.376625762
109.37662941
109.376633058
109.376636707
109.376640355
109.376644003
109.376647651
109.376651299
109.376654947
109.376658596
109.376662244
109.376665892
109.37666954
109.376673188
109.376676836
109.376680485
109.376684133
109.376687781
109.376691429
109.376695077
109.376698726
109.376702374
109.376706022
109.37670967
109.376713318
109.376553857
109.376557505
109.376561153
109.376564802
109.37656845
109.376572098
109.376575746
109.376579394
109.376583042
109.376586691
109.376590339
109.376593987
109.376597635
109.376601283
109.376604931
109.37660858
109.376612228
109.376615876
109.376619524
109.376623172
109.376626821
109.376630469
109.376634117
109.376637765
109.376641413
109.376645061
109.37664871
109.376652358
109.376656006
109.376659654
109.376663302
109.37666695
109.376670599
109.376674247
109.376677895
109.376681543
109.376685191
109.376688839
109.376692488
109.376696136
109.376536675
109.376540323
109.376543971
109.376547619
109.376551267
109.376554916
109.376558564
109.376562212
109.37656586
109.376569508
109.376573156
109.376576805
109.376580453
109.376584101
109.376587749
109.376591397
109.376595045
109.376598694
109.376602342
109.37660599
109.376609638
109.376613286
109.376616934
109.376620583
109.376624231
109.376627879
109.376631527
109.376635175
109.376638823
109.376642472
109.37664612
109.376649768
109.376653416
109.376657064
109.376660712
109.376664361
109.376668009
109.376671657
109.376675305
109.376678953
109.376519492
109.37652314
109.376526789
109.376530437
109.376534085
109.376537733
109.376541381
109.376545029
109.376548678
109.376552326
109.376555974
109.376559622
109.37656327
109.376566918
109.376570567
109.376574215
109.376577863
109.376581511
109.376585159
109.376588807
109.376592456
109.376596104
109.376599752
109.3766034
109.376607048
109.376610696
109.376614345
109.376617993
109.376621641
109.376625289
109.376628937
109.376632586
109.376636234
109.376639882
109.37664353
109.376647178
109.376650826
109.376654475
109.376658123
109.376661771
109.37650231
109.376505958
109.376509606
109.376513254
109.376516902
109.376520551
109.376524199
109.376527847
109.376531495
109.376535143
109.376538791
109.37654244
109.376546088
109.376549736
109.376553384
109.376557032
109.376560681
109.376564329
109.376567977
109.376571625
109.376575273
109.376578921
109.37658257
109.376586218
109.376589866
109.376593514
109.376597162
109.37660081
109.376604459
109.376608107
109.376611755
109.376615403
109.376619051
109.376622699
109.376626348
109.376629996
109.376633644
109.376637292
109.37664094
109.376644588
109.376485127
109.376488776
109.376492424
109.376496072
109.37649972
109.376503368
109.376507016
109.376510665
109.376514313
109.376517961
109.376521609
109.376525257
109.376528905
109.376532554
109.376536202
109.37653985
109.376543498
109.376547146
109.376550794
109.376554443
109.376558091
109.376561739
109.376565387
109.376569035
109.376572683
109.376576332
109.37657998
109.376583628
109.376587276
109.376590924
109.376594572
109.376598221
109.376601869
109.376605517
109.376609165
109.376612813
109.376616461
109.37662011
109.376623758
109.376627406
109.376467945
109.376471593
109.376475241
109.376478889
109.376482538
109.376486186
109.376489834
109.376493482
109.37649713
109.376500778
109.376504427
109.376508075
109.376511723
109.376515371
109.376519019
109.376522667
109.376526316
109.376529964
109.376533612
109.37653726
109.376540908
109.376544556
109.376548205
109.376551853
109.376555501
109.376559149
109.376562797
109.376566446
109.376570094
109.376573742
109.37657739
109.376581038
109.376584686
109.376588335
109.376591983
109.376595631
109.376599279
109.376602927
109.376606575
109.376610224
109.376450762
109.376454411
109.376458059
109.376461707
109.376465355
109.376469003
109.376472651
109.3764763
109.376479948
109.376483596
109.376487244
109.376490892
109.376494541
109.376498189
109.376501837
109.376505485
109.376509133
109.376512781
109.37651643
109.376520078
109.376523726
109.376527374
109.376531022
109.37653467
109.376538319
109.376541967
109.376545615
109.376549263
109.376552911
109.376556559
109.376560208
109.376563856
109.376567504
109.376571152
109.3765748
109.376578448
109.376582097
109.376585745
109.376589393
109.376593041
109.37643358
109.376437228
109.376440876
109.376444525
109.376448173
109.376451821
109.376455469
109.376459117
109.376462765
109.376466414
109.376470062
109.37647371
109.376477358
109.376481006
109.376484654
109.376488303
109.376491951
109.376495599
109.376499247
109.376502895
109.376506543
109.376510192
109.37651384
109.376517488
109.376521136
109.376524784
109.376528432
109.376532081
109.376535729
109.376539377
109.376543025
109.376546673
109.376550321
109.37655397
109.376557618
109.376561266
109.376564914
109.376568562
109.376572211
109.376575859
109.376416398
109.376420046
109.376423694
109.376427342
109.37643099
109.376434638
109.376438287
109.376441935
109.376445583
109.376449231
109.376452879
109.376456527
109.376460176
109.376463824
109.376467472
109.37647112
109.376474768
109.376478416
109.376482065
109.376485713
109.376489361
109.376493009
109.376496657
109.376500306
109.376503954
109.376507602
109.37651125
109.376514898
109.376518546
109.376522195
109.376525843
109.376529491
109.376533139
109.376536787
109.376540435
109.376544084
109.376547732
109.37655138
109.376555028
109.376558676
109.376399215
109.376402863
109.376406511
109.37641016
109.376413808
109.376417456
109.376421104
109.376424752
109.376428401
109.376432049
109.376435697
109.376439345
109.376442993
109.376446641
109.37645029
109.376453938
109.376457586
109.376461234
109.376464882
109.37646853
109.376472179
109.376475827
109.376479475
109.376483123
109.376486771
109.376490419
109.376494068
109.376497716
109.376501364
109.376505012
109.37650866
109.376512308
109.376515957
109.376519605
109.376523253
109.376526901
109.376530549
109.376534197
109.376537846
109.376541494
109.376382033
109.376385681
109.376389329
109.376392977
109.376396625
109.376400274
109.376403922
109.37640757
109.376411218
109.376414866
109.376418514
109.376422163
109.376425811
109.376429459
109.376433107
109.376436755
109.376440403
109.376444052
109.3764477
109.376451348
109.376454996
109.376458644
109.376462292
109.376465941
109.376469589
109.376473237
109.376476885
109.376480533
109.376484181
109.37648783
109.376491478
109.376495126
109.376498774
109.376502422
109.376506071
109.376509719
109.376513367
109.376517015
109.376520663
109.376524311
109.37636485
109.376368498
109.376372147
109.376375795
109.376379443
109.376383091
109.376386739
109.376390387
109.376394036
109.376397684
109.376401332
109.37640498
109.376408628
109.376412276
109.376415925
109.376419573
109.376423221
109.376426869
109.376430517
109.376434166
109.376437814
109.376441462
109.37644511
109.376448758
109.376452406
109.376456055
109.376459703
109.376463351
109.376466999
109.376470647
109.376474295
109.376477944
109.376481592
109.37648524
109.376488888
109.376492536
109.376496184
109.376499833
109.376503481
109.376507129
109.376347668
109.376351316
109.376354964
109.376358612
109.376362261
109.376365909
109.376369557
109.376373205
109.376376853
109.376380501
109.37638415
109.376387798
109.376391446
109.376395094
109.376398742
109.37640239
109.376406039
109.376409687
109.376413335
109.376416983
109.376420631
109.376424279
109.376427928
109.376431576
109.376435224
109.376438872
109.37644252
109.376446168
109.376449817
109.376453465
109.376457113
109.376460761
109.376464409
109.376468057
109.376471706
109.376475354
109.376479002
109.37648265
109.376486298
109.376489946
109.376330485
109.376334134
109.376337782
109.37634143
109.376345078
109.376348726
109.376352374
109.376356023
109.376359671
109.376363319
109.376366967
109.376370615
109.376374263
109.376377912
109.37638156
109.376385208
109.376388856
109.376392504
109.376396152
109.376399801
109.376403449
109.376407097
109.376410745
109.376414393
109.376418041
109.37642169
109.376425338
109.376428986
109.376432634
109.376436282
109.376439931
109.376443579
109.376447227
109.376450875
109.376454523
109.376458171
109.37646182
109.376465468
109.376469116
109.376472764
109.376313303
109.376316951
109.376320599
109.376324247
109.376327896
109.376331544
109.376335192
109.37633884
109.376342488
109.376346136
109.376349785
109.376353433
109.376357081
109.376360729
109.376364377
109.376368026
109.376371674
109.376375322
109.37637897
109.376382618
109.376386266
109.376389915
109.376393563
109.376397211
109.376400859
109.376404507
109.376408155
109.376411804
109.376415452
109.3764191
109.376422748
109.376426396
109.376430044
109.376433693
109.376437341
109.376440989
109.376444637
109.376448285
109.376451933
109.376455582
109.37629612
109.376299769
109.376303417
109.376307065
109.376310713
109.376314361
109.37631801
109.376321658
109.376325306
109.376328954
109.376332602
109.37633625
109.376339899
109.376343547
109.376347195
109.376350843
109.376354491
109.376358139
109.376361788
109.376365436
109.376369084
109.376372732
109.37637638
109.376380028
109.376383677
109.376387325
109.376390973
109.376394621
109.376398269
109.376401917
109.376405566
109.376409214
109.376412862
109.37641651
109.376420158
109.376423806
109.376427455
109.376431103
109.376434751
109.376438399
109.376278938
109.376282586
109.376286234
109.376289883
109.376293531
109.376297179
109.376300827
109.376304475
109.376308123
109.376311772
109.37631542
109.376319068
109.376322716
109.376326364
109.376330012
109.376333661
109.376337309
109.376340957
109.376344605
109.376348253
109.376351901
109.37635555
109.376359198
109.376362846
109.376366494
109.376370142
109.376373791
109.376377439
109.376381087
109.376384735
109.376388383
109.376392031
109.37639568
109.376399328
109.376402976
109.376406624
109.376410272
109.37641392
109.376417569
109.376421217
109.376261756
109.376265404
109.376269052
109.3762727
109.376276348
109.376279996
109.376283645
109.376287293
109.376290941
109.376294589
109.376298237
109.376301885
109.376305534
109.376309182
109.37631283
109.376316478
109.376320126
109.376323775
109.376327423
109.376331071
109.376334719
109.376338367
109.376342015
109.376345664
109.376349312
109.37635296
109.376356608
109.376360256
109.376363904
109.376367553
109.376371201
109.376374849
109.376378497
109.376382145
109.376385793
109.376389442
109.37639309
109.376396738
109.376400386
109.376404034
109.376244573
109.376248221
109.37625187
109.376255518
109.376259166
109.376262814
109.376266462
109.37627011
109.376273759
109.376277407
109.376281055
109.376284703
109.376288351
109.376291999
109.376295648
109.376299296
109.376302944
109.376306592
109.37631024
109.376313888
109.376317537
109.376321185
109.376324833
109.376328481
109.376332129
109.376335777
109.376339426
109.376343074
109.376346722
109.37635037
109.376354018
109.376357666
109.376361315
109.376364963
109.376368611
109.376372259
109.376375907
109.376379556
109.376383204
109.376386852
109.376227391
109.376231039
109.376234687
109.376238335
109.376241983
109.376245632
109.37624928
109.376252928
109.376256576
109.376260224
109.376263872
109.376267521
109.376271169
109.376274817
109.376278465
109.376282113
109.376285761
109.37628941
109.376293058
109.376296706
109.376300354
109.376304002
109.376307651
109.376311299
109.376314947
109.376318595
109.376322243
109.376325891
109.37632954
109.376333188
109.376336836
109.376340484
109.376344132
109.37634778
109.376351429
109.376355077
109.376358725
109.376362373
109.376366021
109.376369669
109.376210208
109.376213856
109.376217505
109.376221153
109.376224801
109.376228449
109.376232097
109.376235745
109.376239394
109.376243042
109.37624669
109.376250338
109.376253986
109.376257635
109.376261283
109.376264931
109.376268579
109.376272227
109.376275875
109.376279524
109.376283172
109.37628682
109.376290468
109.376294116
109.376297764
109.376301413
109.376305061
109.376308709
109.376312357
109.376316005
109.376319653
109.376323302
109.37632695
109.376330598
109.376334246
109.376337894
109.376341542
109.376345191
109.376348839
109.376352487
109.376193026
109.376196674
109.376200322
109.37620397
109.376207619
109.376211267
109.376214915
109.376218563
109.376222211
109.376225859
109.376229508
109.376233156
109.376236804
109.376240452
109.3762441
109.376247748
109.376251397
109.376255045
109.376258693
109.376262341
109.376265989
109.376269637
109.376273286
109.376276934
109.376280582
109.37628423
109.376287878
109.376291526
109.376295175
109.376298823
109.376302471
109.376306119
109.376309767
109.376313416
109.376317064
109.376320712
109.37632436
109.376328008
109.376331656
109.376335305
109.376175843
109.376179492
109.37618314
109.376186788
109.376190436
109.376194084
109.376197732
109.376201381
109.376205029
109.376208677
109.376212325
109.376215973
109.376219621
109.37622327
109.376226918
109.376230566
109.376234214
109.376237862
109.37624151
109.376245159
109.376248807
109.376252455
109.376256103
109.376259751
109.3762634
109.376267048
109.376270696
109.376274344
109.376277992
109.37628164
109.376285289
109.376288937
109.376292585
109.376296233
109.376299881
109.376303529
109.376307178
109.376310826
109.376314474
109.376318122
109.376158661
109.376162309
109.376165957
109.376169605
109.376173254
109.376176902
109.37618055
109.376184198
109.376187846
109.376191495
109.376195143
109.376198791
109.376202439
109.376206087
109.376209735
109.376213384
109.376217032
109.37622068
109.376224328
109.376227976
109.376231624
109.376235273
109.376238921
109.376242569
109.376246217
109.376249865
109.376253513
109.376257162
109.37626081
109.376264458
109.376268106
109.376271754
109.376275402
109.376279051
109.376282699
109.376286347
109.376289995
109.376293643
109.376297291
109.37630094
109.376141479
109.376145127
109.376148775
109.376152423
109.376156071
109.376159719
109.376163368
109.376167016
109.376170664
109.376174312
109.37617796
109.376181608
109.376185257
109.376188905
109.376192553
109.376196201
109.376199849
109.376203497
109.376207146
109.376210794
109.376214442
109.37621809
109.376221738
109.376225386
109.376229035
109.376232683
109.376236331
109.376239979
109.376243627
109.376247275
109.376250924
109.376254572
109.37625822
109.376261868
109.376265516
109.376269165
109.376272813
109.376276461
109.376280109
109.376283757
109.376124296
109.376127944
109.376131592
109.376135241
109.376138889
109.376142537
109.376146185
109.376149833
109.376153481
109.37615713
109.376160778
109.376164426
109.376168074
109.376171722
109.37617537
109.376179019
109.376182667
109.376186315
109.376189963
109.376193611
109.37619726
109.376200908
109.376204556
109.376208204
109.376211852
109.3762155
109.376219149
109.376222797
109.376226445
109.376230093
109.376233741
109.376237389
109.376241038
109.376244686
109.376248334
109.376251982
109.37625563
109.376259278
109.376262927
109.376266575
109.376107114
109.376110762
109.37611441
109.376118058
109.376121706
109.376125355
109.376129003
109.376132651
109.376136299
109.376139947
109.376143595
109.376147244
109.376150892
109.37615454
109.376158188
109.376161836
109.376165484
109.376169133
109.376172781
109.376176429
109.376180077
109.376183725
109.376187373
109.376191022
109.37619467
109.376198318
109.376201966
109.376205614
109.376209262
109.376212911
109.376216559
109.376220207
109.376223855
109.376227503
109.376231151
109.3762348
109.376238448
109.376242096
109.376245744
109.376249392
109.376089931
109.376093579
109.376097228
109.376100876
109.376104524
109.376108172
109.37611182
109.376115468
109.376119117
109.376122765
109.376126413
109.376130061
109.376133709
109.376137357
109.376141006
109.376144654
109.376148302
109.37615195
109.376155598
109.376159246
109.376162895
109.376166543
109.376170191
109.376173839
109.376177487
109.376181135
109.376184784
109.376188432
109.37619208
109.376195728
109.376199376
109.376203025
109.376206673
109.376210321
109.376213969
109.376217617
109.376221265
109.376224914
109.376228562
109.37623221
109.376072749
109.376076397
109.376080045
109.376083693
109.376087341
109.37609099
109.376094638
109.376098286
109.376101934
109.376105582
109.37610923
109.376112879
109.376116527
109.376120175
109.376123823
109.376127471
109.37613112
109.376134768
109.376138416
109.376142064
109.376145712
109.37614936
109.376153009
109.376156657
109.376160305
109.376163953
109.376167601
109.376171249
109.376174898
109.376178546
109.376182194
109.376185842
109.37618949
109.376193138
109.376196787
109.376200435
109.376204083
109.376207731
109.376211379
109.376215027
109.376055566
109.376059215
109.376062863
109.376066511
109.376070159
109.376073807
109.376077455
109.376081104
109.376084752
109.3760884
109.376092048
109.376095696
109.376099344
109.376102993
109.376106641
109.376110289
109.376113937
109.376117585
109.376121233
109.376124882
109.37612853
109.376132178
109.376135826
109.376139474
109.376143122
109.376146771
109.376150419
109.376154067
109.376157715
109.376161363
109.376165011
109.37616866
109.376172308
109.376175956
109.376179604
109.376183252
109.3761869
109.376190549
109.376194197
109.376197845
109.376038384
109.376042032
109.37604568
109.376049328
109.376052977
109.376056625
109.376060273
109.376063921
109.376067569
109.376071217
109.376074866
109.376078514
109.376082162
109.37608581
109.376089458
109.376093106
109.376096755
109.376100403
109.376104051
109.376107699
109.376111347
109.376114995
109.376118644
109.376122292
109.37612594
109.376129588
109.376133236
109.376136885
109.376140533
109.376144181
109.376147829
109.376151477
109.376155125
109.376158774
109.376162422
109.37616607
109.376169718
109.376173366
109.376177014
109.376180663
109.376021201
109.37602485
109.376028498
109.376032146
109.376035794
109.376039442
109.37604309
109.376046739
109.376050387
109.376054035
109.376057683
109.376061331
109.37606498
109.376068628
109.376072276
109.376075924
109.376079572
109.37608322
109.376086869
109.376090517
109.376094165
109.376097813
109.376101461
109.376105109
109.376108758
109.376112406
109.376116054
109.376119702
109.37612335
109.376126998
109.376130647
109.376134295
109.376137943
109.376141591
109.376145239
109.376148887
109.376152536
109.376156184
109.376159832
109.37616348
109.376004019
109.376007667
109.376011315
109.376014964
109.376018612
109.37602226
109.376025908
109.376029556
109.376033204
109.376036853
109.376040501
109.376044149
109.376047797
109.376051445
109.376055093
109.376058742
109.37606239
109.376066038
109.376069686
109.376073334
109.376076982
109.376080631
109.376084279
109.376087927
109.376091575
109.376095223
109.376098871
109.37610252
109.376106168
109.376109816
109.376113464
109.376117112
109.37612076
109.376124409
109.376128057
109.376131705
109.376135353
109.376139001
109.37614265
109.376146298
109.375986837
109.375990485
109.375994133
109.375997781
109.376001429
109.376005077
109.376008726
109.376012374
109.376016022
109.37601967
109.376023318
109.376026966
109.376030615
109.376034263
109.376037911
109.376041559
109.376045207
109.376048855
109.376052504
109.376056152
109.3760598
109.376063448
109.376067096
109.376070745
109.376074393
109.376078041
109.376081689
109.376085337
109.376088985
109.376092634
109.376096282
109.37609993
109.376103578
109.376107226
109.376110874
109.376114523
109.376118171
109.376121819
109.376125467
109.376129115
109.375969654
109.375973302
109.37597695
109.375980599
109.375984247
109.375987895
109.375991543
109.375995191
109.37599884
109.376002488
109.376006136
109.376009784
109.376013432
109.37601708
109.376020729
109.376024377
109.376028025
109.376031673
109.376035321
109.376038969
109.376042618
109.376046266
109.376049914
109.376053562
109.37605721
109.376060858
109.376064507
109.376068155
109.376071803
109.376075451
109.376079099
109.376082747
109.376086396
109.376090044
109.376093692
109.37609734
109.376100988
109.376104636
109.376108285
109.376111933
109.375952472
109.37595612
109.375959768
109.375963416
109.375967064
109.375970713
109.375974361
109.375978009
109.375981657
109.375985305
109.375988953
109.375992602
109.37599625
109.375999898
109.376003546
109.376007194
109.376010842
109.376014491
109.376018139
109.376021787
109.376025435
109.376029083
109.376032731
109.37603638
109.376040028
109.376043676
109.376047324
109.376050972
109.37605462
109.376058269
109.376061917
109.376065565
109.376069213
109.376072861
109.37607651
109.376080158
109.376083806
109.376087454
109.376091102
109.37609475
109.375935289
109.375938937
109.375942586
109.375946234
109.375949882
109.37595353
109.375957178
109.375960826
109.375964475
109.375968123
109.375971771
109.375975419
109.375979067
109.375982715
109.375986364
109.375990012
109.37599366
109.375997308
109.376000956
109.376004605
109.376008253
109.376011901
109.376015549
109.376019197
109.376022845
109.376026494
109.376030142
109.37603379
109.376037438
109.376041086
109.376044734
109.376048383
109.376052031
109.376055679
109.376059327
109.376062975
109.376066623
109.376070272
109.37607392
109.376077568
109.375918107
109.375921755
109.375925403
109.375929051
109.3759327
109.375936348
109.375939996
109.375943644
109.375947292
109.37595094
109.375954589
109.375958237
109.375961885
109.375965533
109.375969181
109.375972829
109.375976478
109.375980126
109.375983774
109.375987422
109.37599107
109.375994718
109.375998367
109.376002015
109.376005663
109.376009311
109.376012959
109.376016607
109.376020256
109.376023904
109.376027552
109.3760312
109.376034848
109.376038496
109.376042145
109.376045793
109.376049441
109.376053089
109.376056737
109.376060385
