37.743043625
37.7431250052
37.7432063854
37.7432877656
37.7433691458
37.743450526
37.7435319063
37.7436132865
37.7436946667
37.7437760469
37.7438574271
37.7439388073
37.7440201875
37.7441015677
37.7441829479
37.7442643281
37.7443457083
37.7444270885
37.7445084688
37.744589849
37.7446712292
37.7447526094
37.7448339896
37.7449153698
37.74499675
37.7450781302
37.7451595104
37.7452408906
37.7453222708
37.745403651
37.7454850313
37.7455664115
37.7456477917
37.7457291719
37.7458105521
37.7458919323
37.7459733125
37.7460546927
37.7461360729
37.7462174531
