109.394728666
109.394732315
109.394735963
109.394739611
109.394743259
109.394746907
109.394750555
109.394754204
109.394757852
109.3947615
109.394765148
109.394768796
109.394772444
109.394776093
109.394779741
109.394783389
109.394787037
109.394790685
109.394794333
109.394797982
109.39480163
109.394805278
109.394808926
109.394812574
109.394816222
109.394819871
109.394823519
109.394827167
109.394830815
109.394834463
109.394838111
109.39484176
109.394845408
109.394849056
109.394852704
109.394856352
109.394860001
109.394863649
109.394867297
109.394870945
109.394711484
109.394715132
109.39471878
109.394722428
109.394726077
109.394729725
109.394733373
109.394737021
109.394740669
109.394744317
109.394747966
109.394751614
109.394755262
109.39475891
109.394762558
109.394766206
109.394769855
109.394773503
109.394777151
109.394780799
109.394784447
109.394788096
109.394791744
109.394795392
109.39479904
109.394802688
109.394806336
109.394809985
109.394813633
109.394817281
109.394820929
109.394824577
109.394828225
109.394831874
109.394835522
109.39483917
109.394842818
109.394846466
109.394850114
109.394853763
109.394694301
109.39469795
109.394701598
109.394705246
109.394708894
109.394712542
109.394716191
109.394719839
109.394723487
109.394727135
109.394730783
109.394734431
109.39473808
109.394741728
109.394745376
109.394749024
109.394752672
109.39475632
109.394759969
109.394763617
109.394767265
109.394770913
109.394774561
109.394778209
109.394781858
109.394785506
109.394789154
109.394792802
109.39479645
109.394800098
109.394803747
109.394807395
109.394811043
109.394814691
109.394818339
109.394821987
109.394825636
109.394829284
109.394832932
109.39483658
109.394677119
109.394680767
109.394684415
109.394688064
109.394691712
109.39469536
109.394699008
109.394702656
109.394706304
109.394709953
109.394713601
109.394717249
109.394720897
109.394724545
109.394728193
109.394731842
109.39473549
109.394739138
109.394742786
109.394746434
109.394750082
109.394753731
109.394757379
109.394761027
109.394764675
109.394768323
109.394771971
109.39477562
109.394779268
109.394782916
109.394786564
109.394790212
109.394793861
109.394797509
109.394801157
109.394804805
109.394808453
109.394812101
109.39481575
109.394819398
109.394659937
109.394663585
109.394667233
109.394670881
109.394674529
109.394678177
109.394681826
109.394685474
109.394689122
109.39469277
109.394696418
109.394700066
109.394703715
109.394707363
109.394711011
109.394714659
109.394718307
109.394721956
109.394725604
109.394729252
109.3947329
109.394736548
109.394740196
109.394743845
109.394747493
109.394751141
109.394754789
109.394758437
109.394762085
109.394765734
109.394769382
109.39477303
109.394776678
109.394780326
109.394783974
109.394787623
109.394791271
109.394794919
109.394798567
109.394802215
109.394642754
109.394646402
109.39465005
109.394653699
109.394657347
109.394660995
109.394664643
109.394668291
109.39467194
109.394675588
109.394679236
109.394682884
109.394686532
109.39469018
109.394693829
109.394697477
109.394701125
109.394704773
109.394708421
109.394712069
109.394715718
109.394719366
109.394723014
109.394726662
109.39473031
109.394733958
109.394737607
109.394741255
109.394744903
109.394748551
109.394752199
109.394755847
109.394759496
109.394763144
109.394766792
109.39477044
109.394774088
109.394777736
109.394781385
109.394785033
109.394625572
109.39462922
109.394632868
109.394636516
109.394640164
109.394643813
109.394647461
109.394651109
109.394654757
109.394658405
109.394662053
109.394665702
109.39466935
109.394672998
109.394676646
109.394680294
109.394683942
109.394687591
109.394691239
109.394694887
109.394698535
109.394702183
109.394705831
109.39470948
109.394713128
109.394716776
109.394720424
109.394724072
109.394727721
109.394731369
109.394735017
109.394738665
109.394742313
109.394745961
109.39474961
109.394753258
109.394756906
109.394760554
109.394764202
109.39476785
109.394608389
109.394612037
109.394615686
109.394619334
109.394622982
109.39462663
109.394630278
109.394633926
109.394637575
109.394641223
109.394644871
109.394648519
109.394652167
109.394655816
109.394659464
109.394663112
109.39466676
109.394670408
109.394674056
109.394677705
109.394681353
109.394685001
109.394688649
109.394692297
109.394695945
109.394699594
109.394703242
109.39470689
109.394710538
109.394714186
109.394717834
109.394721483
109.394725131
109.394728779
109.394732427
109.394736075
109.394739723
109.394743372
109.39474702
109.394750668
109.394591207
109.394594855
109.394598503
109.394602151
109.3946058
109.394609448
109.394613096
109.394616744
109.394620392
109.39462404
109.394627689
109.394631337
109.394634985
109.394638633
109.394642281
109.394645929
109.394649578
109.394653226
109.394656874
109.394660522
109.39466417
109.394667818
109.394671467
109.394675115
109.394678763
109.394682411
109.394686059
109.394689707
109.394693356
109.394697004
109.394700652
109.3947043
109.394707948
109.394711596
109.394715245
109.394718893
109.394722541
109.394726189
109.394729837
109.394733486
109.394574024
109.394577673
109.394581321
109.394584969
109.394588617
109.394592265
109.394595913
109.394599562
109.39460321
109.394606858
109.394610506
109.394614154
109.394617802
109.394621451
109.394625099
109.394628747
109.394632395
109.394636043
109.394639691
109.39464334
109.394646988
109.394650636
109.394654284
109.394657932
109.394661581
109.394665229
109.394668877
109.394672525
109.394676173
109.394679821
109.39468347
109.394687118
109.394690766
109.394694414
109.394698062
109.39470171
109.394705359
109.394709007
109.394712655
109.394716303
109.394556842
109.39456049
109.394564138
109.394567786
109.394571435
109.394575083
109.394578731
109.394582379
109.394586027
109.394589675
109.394593324
109.394596972
109.39460062
109.394604268
109.394607916
109.394611565
109.394615213
109.394618861
109.394622509
109.394626157
109.394629805
109.394633454
109.394637102
109.39464075
109.394644398
109.394648046
109.394651694
109.394655343
109.394658991
109.394662639
109.394666287
109.394669935
109.394673583
109.394677232
109.39468088
109.394684528
109.394688176
109.394691824
109.394695472
109.394699121
109.39453966
109.394543308
109.394546956
109.394550604
109.394554252
109.3945579
109.394561549
109.394565197
109.394568845
109.394572493
109.394576141
109.394579789
109.394583438
109.394587086
109.394590734
109.394594382
109.39459803
109.394601678
109.394605327
109.394608975
109.394612623
109.394616271
109.394619919
109.394623567
109.394627216
109.394630864
109.394634512
109.39463816
109.394641808
109.394645456
109.394649105
109.394652753
109.394656401
109.394660049
109.394663697
109.394667346
109.394670994
109.394674642
109.39467829
109.394681938
109.394522477
109.394526125
109.394529773
109.394533422
109.39453707
109.394540718
109.394544366
109.394548014
109.394551662
109.394555311
109.394558959
109.394562607
109.394566255
109.394569903
109.394573551
109.3945772
109.394580848
109.394584496
109.394588144
109.394591792
109.39459544
109.394599089
109.394602737
109.394606385
109.394610033
109.394613681
109.39461733
109.394620978
109.394624626
109.394628274
109.394631922
109.39463557
109.394639219
109.394642867
109.394646515
109.394650163
109.394653811
109.394657459
109.394661108
109.394664756
109.394505295
109.394508943
109.394512591
109.394516239
109.394519887
109.394523535
109.394527184
109.394530832
109.39453448
109.394538128
109.394541776
109.394545425
109.394549073
109.394552721
109.394556369
109.394560017
109.394563665
109.394567314
109.394570962
109.39457461
109.394578258
109.394581906
109.394585554
109.394589203
109.394592851
109.394596499
109.394600147
109.394603795
109.394607443
109.394611092
109.39461474
109.394618388
109.394622036
109.394625684
109.394629332
109.394632981
109.394636629
109.394640277
109.394643925
109.394647573
109.394488112
109.39449176
109.394495409
109.394499057
109.394502705
109.394506353
109.394510001
109.394513649
109.394517298
109.394520946
109.394524594
109.394528242
109.39453189
109.394535538
109.394539187
109.394542835
109.394546483
109.394550131
109.394553779
109.394557427
109.394561076
109.394564724
109.394568372
109.39457202
109.394575668
109.394579316
109.394582965
109.394586613
109.394590261
109.394593909
109.394597557
109.394601206
109.394604854
109.394608502
109.39461215
109.394615798
109.394619446
109.394623095
109.394626743
109.394630391
109.39447093
109.394474578
109.394478226
109.394481874
109.394485522
109.394489171
109.394492819
109.394496467
109.394500115
109.394503763
109.394507411
109.39451106
109.394514708
109.394518356
109.394522004
109.394525652
109.3945293
109.394532949
109.394536597
109.394540245
109.394543893
109.394547541
109.39455119
109.394554838
109.394558486
109.394562134
109.394565782
109.39456943
109.394573079
109.394576727
109.394580375
109.394584023
109.394587671
109.394591319
109.394594968
109.394598616
109.394602264
109.394605912
109.39460956
109.394613208
109.394453747
109.394457395
109.394461044
109.394464692
109.39446834
109.394471988
109.394475636
109.394479285
109.394482933
109.394486581
109.394490229
109.394493877
109.394497525
109.394501174
109.394504822
109.39450847
109.394512118
109.394515766
109.394519414
109.394523063
109.394526711
109.394530359
109.394534007
109.394537655
109.394541303
109.394544952
109.3945486
109.394552248
109.394555896
109.394559544
109.394563192
109.394566841
109.394570489
109.394574137
109.394577785
109.394581433
109.394585081
109.39458873
109.394592378
109.394596026
109.394436565
109.394440213
109.394443861
109.394447509
109.394451158
109.394454806
109.394458454
109.394462102
109.39446575
109.394469398
109.394473047
109.394476695
109.394480343
109.394483991
109.394487639
109.394491287
109.394494936
109.394498584
109.394502232
109.39450588
109.394509528
109.394513176
109.394516825
109.394520473
109.394524121
109.394527769
109.394531417
109.394535065
109.394538714
109.394542362
109.39454601
109.394549658
109.394553306
109.394556955
109.394560603
109.394564251
109.394567899
109.394571547
109.394575195
109.394578844
109.394419382
109.394423031
109.394426679
109.394430327
109.394433975
109.394437623
109.394441271
109.39444492
109.394448568
109.394452216
109.394455864
109.394459512
109.39446316
109.394466809
109.394470457
109.394474105
109.394477753
109.394481401
109.39448505
109.394488698
109.394492346
109.394495994
109.394499642
109.39450329
109.394506939
109.394510587
109.394514235
109.394517883
109.394521531
109.394525179
109.394528828
109.394532476
109.394536124
109.394539772
109.39454342
109.394547068
109.394550717
109.394554365
109.394558013
109.394561661
109.3944022
109.394405848
109.394409496
109.394413145
109.394416793
109.394420441
109.394424089
109.394427737
109.394431385
109.394435034
109.394438682
109.39444233
109.394445978
109.394449626
109.394453274
109.394456923
109.394460571
109.394464219
109.394467867
109.394471515
109.394475163
109.394478812
109.39448246
109.394486108
109.394489756
109.394493404
109.394497052
109.394500701
109.394504349
109.394507997
109.394511645
109.394515293
109.394518941
109.39452259
109.394526238
109.394529886
109.394533534
109.394537182
109.39454083
109.394544479
109.394385018
109.394388666
109.394392314
109.394395962
109.39439961
109.394403258
109.394406907
109.394410555
109.394414203
109.394417851
109.394421499
109.394425147
109.394428796
109.394432444
109.394436092
109.39443974
109.394443388
109.394447036
109.394450685
109.394454333
109.394457981
109.394461629
109.394465277
109.394468925
109.394472574
109.394476222
109.39447987
109.394483518
109.394487166
109.394490815
109.394494463
109.394498111
109.394501759
109.394505407
109.394509055
109.394512704
109.394516352
109.39452
109.394523648
109.394527296
109.394367835
109.394371483
109.394375131
109.39437878
109.394382428
109.394386076
109.394389724
109.394393372
109.39439702
109.394400669
109.394404317
109.394407965
109.394411613
109.394415261
109.39441891
109.394422558
109.394426206
109.394429854
109.394433502
109.39443715
109.394440799
109.394444447
109.394448095
109.394451743
109.394455391
109.394459039
109.394462688
109.394466336
109.394469984
109.394473632
109.39447728
109.394480928
109.394484577
109.394488225
109.394491873
109.394495521
109.394499169
109.394502817
109.394506466
109.394510114
109.394350653
109.394354301
109.394357949
109.394361597
109.394365245
109.394368894
109.394372542
109.39437619
109.394379838
109.394383486
109.394387134
109.394390783
109.394394431
109.394398079
109.394401727
109.394405375
109.394409023
109.394412672
109.39441632
109.394419968
109.394423616
109.394427264
109.394430912
109.394434561
109.394438209
109.394441857
109.394445505
109.394449153
109.394452801
109.39445645
109.394460098
109.394463746
109.394467394
109.394471042
109.39447469
109.394478339
109.394481987
109.394485635
109.394489283
109.394492931
109.39433347
109.394337118
109.394340767
109.394344415
109.394348063
109.394351711
109.394355359
109.394359007
109.394362656
109.394366304
109.394369952
109.3943736
109.394377248
109.394380896
109.394384545
109.394388193
109.394391841
109.394395489
109.394399137
109.394402785
109.394406434
109.394410082
109.39441373
109.394417378
109.394421026
109.394424675
109.394428323
109.394431971
109.394435619
109.394439267
109.394442915
109.394446564
109.394450212
109.39445386
109.394457508
109.394461156
109.394464804
109.394468453
109.394472101
109.394475749
109.394316288
109.394319936
109.394323584
109.394327232
109.39433088
109.394334529
109.394338177
109.394341825
109.394345473
109.394349121
109.39435277
109.394356418
109.394360066
109.394363714
109.394367362
109.39437101
109.394374659
109.394378307
109.394381955
109.394385603
109.394389251
109.394392899
109.394396548
109.394400196
109.394403844
109.394407492
109.39441114
109.394414788
109.394418437
109.394422085
109.394425733
109.394429381
109.394433029
109.394436677
109.394440326
109.394443974
109.394447622
109.39445127
109.394454918
109.394458566
109.394299105
109.394302754
109.394306402
109.39431005
109.394313698
109.394317346
109.394320994
109.394324643
109.394328291
109.394331939
109.394335587
109.394339235
109.394342883
109.394346532
109.39435018
109.394353828
109.394357476
109.394361124
109.394364772
109.394368421
109.394372069
109.394375717
109.394379365
109.394383013
109.394386661
109.39439031
109.394393958
109.394397606
109.394401254
109.394404902
109.39440855
109.394412199
109.394415847
109.394419495
109.394423143
109.394426791
109.39443044
109.394434088
109.394437736
109.394441384
109.394281923
109.394285571
109.394289219
109.394292867
109.394296516
109.394300164
109.394303812
109.39430746
109.394311108
109.394314756
109.394318405
109.394322053
109.394325701
109.394329349
109.394332997
109.394336645
109.394340294
109.394343942
109.39434759
109.394351238
109.394354886
109.394358535
109.394362183
109.394365831
109.394369479
109.394373127
109.394376775
109.394380424
109.394384072
109.39438772
109.394391368
109.394395016
109.394398664
109.394402313
109.394405961
109.394409609
109.394413257
109.394416905
109.394420553
109.394424202
109.39426474
109.394268389
109.394272037
109.394275685
109.394279333
109.394282981
109.39428663
109.394290278
109.394293926
109.394297574
109.394301222
109.39430487
109.394308519
109.394312167
109.394315815
109.394319463
109.394323111
109.394326759
109.394330408
109.394334056
109.394337704
109.394341352
109.394345
109.394348648
109.394352297
109.394355945
109.394359593
109.394363241
109.394366889
109.394370537
109.394374186
109.394377834
109.394381482
109.39438513
109.394388778
109.394392426
109.394396075
109.394399723
109.394403371
109.394407019
109.394247558
109.394251206
109.394254854
109.394258503
109.394262151
109.394265799
109.394269447
109.394273095
109.394276743
109.394280392
109.39428404
109.394287688
109.394291336
109.394294984
109.394298632
109.394302281
109.394305929
109.394309577
109.394313225
109.394316873
109.394320521
109.39432417
109.394327818
109.394331466
109.394335114
109.394338762
109.39434241
109.394346059
109.394349707
109.394353355
109.394357003
109.394360651
109.3943643
109.394367948
109.394371596
109.394375244
109.394378892
109.39438254
109.394386189
109.394389837
109.394230376
109.394234024
109.394237672
109.39424132
109.394244968
109.394248616
109.394252265
109.394255913
109.394259561
109.394263209
109.394266857
109.394270505
109.394274154
109.394277802
109.39428145
109.394285098
109.394288746
109.394292395
109.394296043
109.394299691
109.394303339
109.394306987
109.394310635
109.394314284
109.394317932
109.39432158
109.394325228
109.394328876
109.394332524
109.394336173
109.394339821
109.394343469
109.394347117
109.394350765
109.394354413
109.394358062
109.39436171
109.394365358
109.394369006
109.394372654
109.394213193
109.394216841
109.39422049
109.394224138
109.394227786
109.394231434
109.394235082
109.39423873
109.394242379
109.394246027
109.394249675
109.394253323
109.394256971
109.394260619
109.394264268
109.394267916
109.394271564
109.394275212
109.39427886
109.394282508
109.394286157
109.394289805
109.394293453
109.394297101
109.394300749
109.394304397
109.394308046
109.394311694
109.394315342
109.39431899
109.394322638
109.394326286
109.394329935
109.394333583
109.394337231
109.394340879
109.394344527
109.394348175
109.394351824
109.394355472
109.394196011
109.394199659
109.394203307
109.394206955
109.394210603
109.394214252
109.3942179
109.394221548
109.394225196
109.394228844
109.394232492
109.394236141
109.394239789
109.394243437
109.394247085
109.394250733
109.394254381
109.39425803
109.394261678
109.394265326
109.394268974
109.394272622
109.39427627
109.394279919
109.394283567
109.394287215
109.394290863
109.394294511
109.39429816
109.394301808
109.394305456
109.394309104
109.394312752
109.3943164
109.394320049
109.394323697
109.394327345
109.394330993
109.394334641
109.394338289
109.394178828
109.394182476
109.394186125
109.394189773
109.394193421
109.394197069
109.394200717
109.394204365
109.394208014
109.394211662
109.39421531
109.394218958
109.394222606
109.394226255
109.394229903
109.394233551
109.394237199
109.394240847
109.394244495
109.394248144
109.394251792
109.39425544
109.394259088
109.394262736
109.394266384
109.394270033
109.394273681
109.394277329
109.394280977
109.394284625
109.394288273
109.394291922
109.39429557
109.394299218
109.394302866
109.394306514
109.394310162
109.394313811
109.394317459
109.394321107
109.394161646
109.394165294
109.394168942
109.39417259
109.394176239
109.394179887
109.394183535
109.394187183
109.394190831
109.394194479
109.394198128
109.394201776
109.394205424
109.394209072
109.39421272
109.394216368
109.394220017
109.394223665
109.394227313
109.394230961
109.394234609
109.394238257
109.394241906
109.394245554
109.394249202
109.39425285
109.394256498
109.394260146
109.394263795
109.394267443
109.394271091
109.394274739
109.394278387
109.394282035
109.394285684
109.394289332
109.39429298
109.394296628
109.394300276
109.394303925
109.394144463
109.394148112
109.39415176
109.394155408
109.394159056
109.394162704
109.394166352
109.394170001
109.394173649
109.394177297
109.394180945
109.394184593
109.394188241
109.39419189
109.394195538
109.394199186
109.394202834
109.394206482
109.39421013
109.394213779
109.394217427
109.394221075
109.394224723
109.394228371
109.39423202
109.394235668
109.394239316
109.394242964
109.394246612
109.39425026
109.394253909
109.394257557
109.394261205
109.394264853
109.394268501
109.394272149
109.394275798
109.394279446
109.394283094
109.394286742
109.394127281
109.394130929
109.394134577
109.394138225
109.394141874
109.394145522
109.39414917
109.394152818
109.394156466
109.394160115
109.394163763
109.394167411
109.394171059
109.394174707
109.394178355
109.394182004
109.394185652
109.3941893
109.394192948
109.394196596
109.394200244
109.394203893
109.394207541
109.394211189
109.394214837
109.394218485
109.394222133
109.394225782
109.39422943
109.394233078
109.394236726
109.394240374
109.394244022
109.394247671
109.394251319
109.394254967
109.394258615
109.394262263
109.394265911
109.39426956
109.394110099
109.394113747
109.394117395
109.394121043
109.394124691
109.394128339
109.394131988
109.394135636
109.394139284
109.394142932
109.39414658
109.394150228
109.394153877
109.394157525
109.394161173
109.394164821
109.394168469
109.394172117
109.394175766
109.394179414
109.394183062
109.39418671
109.394190358
109.394194006
109.394197655
109.394201303
109.394204951
109.394208599
109.394212247
109.394215895
109.394219544
109.394223192
109.39422684
109.394230488
109.394234136
109.394237785
109.394241433
109.394245081
109.394248729
109.394252377
109.394092916
109.394096564
109.394100212
109.394103861
109.394107509
109.394111157
109.394114805
109.394118453
109.394122101
109.39412575
109.394129398
109.394133046
109.394136694
109.394140342
109.39414399
109.394147639
109.394151287
109.394154935
109.394158583
109.394162231
109.39416588
109.394169528
109.394173176
109.394176824
109.394180472
109.39418412
109.394187769
109.394191417
109.394195065
109.394198713
109.394202361
109.394206009
109.394209658
109.394213306
109.394216954
109.394220602
109.39422425
109.394227898
109.394231547
109.394235195
109.394075734
109.394079382
109.39408303
109.394086678
109.394090326
109.394093975
109.394097623
109.394101271
109.394104919
109.394108567
109.394112215
109.394115864
109.394119512
109.39412316
109.394126808
109.394130456
109.394134104
109.394137753
109.394141401
109.394145049
109.394148697
109.394152345
109.394155993
109.394159642
109.39416329
109.394166938
109.394170586
109.394174234
109.394177882
109.394181531
109.394185179
109.394188827
109.394192475
109.394196123
109.394199771
109.39420342
109.394207068
109.394210716
109.394214364
109.394218012
109.394058551
109.394062199
109.394065848
109.394069496
109.394073144
109.394076792
109.39408044
109.394084088
109.394087737
109.394091385
109.394095033
109.394098681
109.394102329
109.394105977
109.394109626
109.394113274
109.394116922
109.39412057
109.394124218
109.394127866
109.394131515
109.394135163
109.394138811
109.394142459
109.394146107
109.394149755
109.394153404
109.394157052
109.3941607
109.394164348
109.394167996
109.394171645
109.394175293
109.394178941
109.394182589
109.394186237
109.394189885
109.394193534
109.394197182
109.39420083
