3
1
1
1
4
2
0
4
9
14
15
10
7
13
12
12
12
18
23
18
15
24
34
0
0
0
0
0
0
0
4
0
1
3
6
5
1
4
6
8
13
15
15
21
16
17
16
21
25
21
19
26
31
0
0
0
0
0
0
0
5
2
4
8
9
7
4
4
3
7
14
20
22
26
30
33
31
31
32
26
23
28
31
0
0
0
0
0
0
0
6
2
5
10
11
9
7
4
3
12
23
26
27
32
46
48
47
42
38
32
29
30
26
0
0
0
0
0
0
0
0
1
9
12
10
7
4
4
13
19
27
31
33
45
57
70
66
55
37
35
30
34
35
0
0
0
0
0
0
0
1
1
4
6
6
5
3
4
12
17
25
34
47
69
86
95
88
72
48
42
38
43
55
0
0
0
0
0
0
0
0
0
0
0
3
4
4
6
12
15
21
35
56
85
105
115
107
86
60
51
50
57
68
0
0
0
0
0
0
0
0
0
1
0
0
1
3
5
11
14
23
38
60
87
114
125
120
97
72
61
64
71
68
0
0
0
0
0
0
0
0
0
2
0
0
0
2
1
7
12
27
45
62
86
122
134
133
111
88
71
73
78
74
0
0
0
0
0
0
0
0
4
7
2
0
1
6
4
8
12
29
48
64
81
116
131
137
121
102
82
80
81
78
0
0
0
0
0
0
0
0
5
8
4
3
4
8
7
12
14
30
46
60
77
107
124
140
130
119
96
92
87
83
0
0
0
0
0
0
0
0
1
3
2
3
5
5
6
15
17
28
41
54
71
105
125
147
142
134
110
105
95
93
0
0
0
0
0
0
0
0
4
5
2
4
9
11
11
14
20
28
36
50
70
95
129
151
157
156
139
118
106
101
0
0
0
0
0
0
0
0
2
7
6
5
4
9
9
11
16
23
33
47
64
96
133
158
169
170
155
133
119
111
0
0
0
0
0
0
0
3
4
9
13
14
8
6
8
9
13
21
35
49
65
95
129
157
171
177
165
145
128
126
0
0
0
0
0
0
0
5
0
0
7
11
8
5
10
12
12
20
34
51
68
98
128
155
174
183
177
160
143
138
0
0
0
0
0
0
0
13
1
0
0
4
5
8
15
18
17
22
34
52
69
100
127
155
174
185
185
172
153
145
0
0
0
0
0
0
0
15
7
0
0
4
9
12
19
22
22
25
35
48
66
95
121
151
174
187
190
181
161
153
0
0
0
0
0
0
0
4
2
0
0
0
5
11
16
19
23
28
33
42
57
88
114
146
170
187
198
193
178
161
0
0
0
0
0
0
0
0
0
0
0
0
4
9
10
14
21
29
30
35
49
75
100
133
157
177
195
198
186
166
0
0
0
0
0
0
0
7
0
0
0
0
0
8
7
14
23
27
29
30
36
62
87
119
156
171
175
188
186
174
0
0
0
0
0
0
0
5
1
1
0
0
1
6
2
6
17
23
24
24
26
52
80
107
137
157
167
183
181
179
0
0
0
0
0
0
0
1
1
3
0
0
3
2
2
8
15
17
17
17
18
40
70
90
113
137
153
169
173
171
0
0
0
0
0
0
0
5
4
7
5
0
0
1
5
15
17
12
8
10
16
31
58
76
93
117
134
150
162
169
0
0
0
0
0
0
0
11
7
9
10
3
0
3
10
18
18
9
5
5
11
22
45
63
78
96
112
127
150
154
0
0
0
0
0
0
0
8
2
5
9
6
6
9
13
16
16
14
10
8
7
16
30
48
61
76
89
107
131
132
0
0
0
0
0
0
0
1
0
3
6
6
12
12
14
15
15
15
14
10
9
12
21
38
43
54
74
91
108
120
0
0
0
0
0
0
0
1
1
4
3
4
13
7
11
14
12
11
10
10
12
13
17
30
31
40
66
82
92
104
0
0
0
0
0
0
0
4
4
8
11
10
8
11
9
8
8
9
10
11
10
13
16
29
33
38
50
65
83
84
0
0
0
0
0
0
0
2
4
7
9
12
13
10
12
13
11
7
8
13
16
8
11
24
32
38
49
58
71
70
0
0
0
0
0
0
0
