1
1
0
1
0
0
0
0
0
2
6
6
11
8
3
11
22
20
19
28
24
16
0
0
1
7
0
0
0
0
0
1
2
4
10
11
12
11
14
10
12
23
19
12
1
1
5
10
1
0
1
0
2
4
5
3
9
11
12
10
10
9
10
15
16
8
8
8
7
8
2
1
0
0
2
5
6
6
8
6
4
6
11
15
13
10
10
5
10
7
4
4
3
1
1
0
2
4
6
7
8
4
0
3
9
17
15
6
3
4
5
0
0
6
8
7
6
6
5
5
7
10
10
5
6
6
6
9
9
4
5
9
6
1
2
7
11
10
11
12
12
11
12
16
15
8
10
11
5
4
6
4
11
14
11
6
4
4
5
7
11
15
16
14
17
20
19
10
11
12
7
5
5
3
8
12
22
13
8
5
4
10
14
15
18
24
27
23
19
16
15
9
4
2
6
13
12
12
30
24
20
18
10
19
27
31
32
38
41
42
42
32
25
19
11
4
6
14
15
9
25
24
26
28
20
24
32
38
41
46
53
59
59
45
35
30
22
11
7
13
10
5
10
13
21
28
27
25
28
33
37
42
54
62
56
48
41
36
30
20
13
11
5
4
4
7
17
25
27
22
22
26
32
37
46
52
40
41
39
32
29
26
19
9
4
1
7
7
13
19
19
14
13
20
26
31
32
34
23
27
27
19
17
20
14
6
0
0
8
5
8
12
12
10
10
15
20
23
20
17
12
18
20
13
10
9
7
4
1
1
5
1
3
7
11
11
11
13
17
18
13
8
7
11
15
13
9
5
3
4
4
6
0
0
1
0
2
5
8
9
11
10
11
10
8
5
3
5
7
8
4
2
2
2
3
2
1
0
0
3
7
7
7
4
5
5
7
4
2
5
11
11
9
4
0
1
4
3
5
5
1
4
8
8
6
3
3
4
5
1
3
7
13
15
13
7
0
0
1
0
6
12
3
5
7
7
6
3
2
1
0
0
0
1
8
10
10
4
0
2
0
0
6
13
5
4
3
3
5
5
2
0
1
0
0
0
3
5
5
0
5
3
0
1
5
8
7
4
2
4
7
8
6
4
6
4
0
0
0
2
4
1
10
3
