37.7517222256
37.7517402811
37.7517583367
37.7517763922
37.7517944478
37.7518125033
37.7518305589
37.7518486144
37.75186667
37.7518847256
37.7519027811
37.7519208367
37.7519388922
37.7519569478
37.7519750033
37.7519930589
37.7520111144
37.75202917
37.7520472256
37.7520652811
37.7520833367
37.7521013922
37.7521194478
37.7521375033
37.7521555589
37.7521736144
37.75219167
37.7522097256
37.7522277811
37.7522458367
37.7522638922
37.7522819478
37.7523000033
37.7523180589
37.7523361144
37.75235417
37.7523722256
37.7523902811
37.7524083367
37.7524263922
37.7524444478
37.7524625033
37.7524805589
37.7524986144
37.75251667
37.7525347256
37.7525527811
37.7525708367
37.7525888922
37.7526069478
