-0.446174 -0.445299 -0.444424 -0.443549 -0.442694 -0.441839 -0.440984 -0.440129 -0.439294 -0.438459 -0.437625 -0.43679 -0.435976 -0.435162 -0.434347 -0.433533 -0.432739 -0.431945 -0.431151 -0.430357 -0.429583 -0.428808 -0.428033 -0.427259 -0.426502 -0.425746 -0.42499 -0.424234 -0.423494 -0.422755
-0.446346 -0.445476 -0.444606 -0.443736 -0.442885 -0.442033 -0.441182 -0.440331 -0.439499 -0.438667 -0.437836 -0.437004 -0.436192 -0.43538 -0.434568 -0.433757 -0.432964 -0.432172 -0.43138 -0.430587 -0.429814 -0.429041 -0.428267 -0.427494 -0.426738 -0.425983 -0.425227 -0.424472 -0.423733 -0.422995
-0.446506 -0.44564 -0.444774 -0.443908 -0.443061 -0.442213 -0.441365 -0.440518 -0.439689 -0.43886 -0.438032 -0.437203 -0.436394 -0.435584 -0.434775 -0.433965 -0.433175 -0.432385 -0.431594 -0.430804 -0.430032 -0.42926 -0.428488 -0.427716 -0.426962 -0.426207 -0.425453 -0.424699 -0.423961 -0.423223
-0.446665 -0.445803 -0.444942 -0.44408 -0.443236 -0.442392 -0.441548 -0.440705 -0.439879 -0.439053 -0.438228 -0.437402 -0.436595 -0.435788 -0.434981 -0.434174 -0.433386 -0.432597 -0.431809 -0.43102 -0.43025 -0.429479 -0.428709 -0.427938 -0.427185 -0.426432 -0.425678 -0.424925 -0.424188 -0.423451
-0.446824 -0.445967 -0.44511 -0.444253 -0.443412 -0.442572 -0.441732 -0.440892 -0.440069 -0.439246 -0.438424 -0.437601 -0.436797 -0.435992 -0.435188 -0.434383 -0.433597 -0.43281 -0.432024 -0.431237 -0.430468 -0.429699 -0.42893 -0.428161 -0.427409 -0.426656 -0.425904 -0.425152 -0.424416 -0.423679
-0.446983 -0.44613 -0.445277 -0.444425 -0.443588 -0.442752 -0.441915 -0.441079 -0.440259 -0.439439 -0.43862 -0.4378 -0.436998 -0.436196 -0.435394 -0.434592 -0.433808 -0.433023 -0.432238 -0.431454 -0.430686 -0.429918 -0.429151 -0.428383 -0.427632 -0.426881 -0.42613 -0.425378 -0.424643 -0.423908
-0.44713 -0.446281 -0.445433 -0.444584 -0.443751 -0.442918 -0.442085 -0.441252 -0.440436 -0.439619 -0.438803 -0.437986 -0.437187 -0.436387 -0.435588 -0.434788 -0.434005 -0.433223 -0.43244 -0.431658 -0.430892 -0.430126 -0.42936 -0.428594 -0.427844 -0.427094 -0.426344 -0.425594 -0.42486 -0.424125
-0.447277 -0.446433 -0.445588 -0.444744 -0.443914 -0.443085 -0.442255 -0.441426 -0.440613 -0.439799 -0.438986 -0.438172 -0.437375 -0.436578 -0.435781 -0.434984 -0.434203 -0.433423 -0.432642 -0.431862 -0.431097 -0.430333 -0.429568 -0.428804 -0.428056 -0.427307 -0.426558 -0.42581 -0.425076 -0.424342
-0.447424 -0.446584 -0.445744 -0.444903 -0.444077 -0.443251 -0.442426 -0.4416 -0.440789 -0.439979 -0.439168 -0.438358 -0.437563 -0.436769 -0.435974 -0.43518 -0.434401 -0.433623 -0.432844 -0.432066 -0.431303 -0.43054 -0.429777 -0.429015 -0.428267 -0.42752 -0.426773 -0.426025 -0.425292 -0.42456
-0.447571 -0.446735 -0.445899 -0.445063 -0.44424 -0.443418 -0.442596 -0.441774 -0.440966 -0.440159 -0.439351 -0.438544 -0.437752 -0.43696 -0.436168 -0.435376 -0.434599 -0.433823 -0.433046 -0.43227 -0.431509 -0.430747 -0.429986 -0.429225 -0.428479 -0.427733 -0.426987 -0.426241 -0.425509 -0.424777
-0.447708 -0.446876 -0.446044 -0.445211 -0.444392 -0.443573 -0.442755 -0.441936 -0.441131 -0.440327 -0.439522 -0.438718 -0.437928 -0.437139 -0.436349 -0.43556 -0.434785 -0.434011 -0.433237 -0.432462 -0.431703 -0.430943 -0.430184 -0.429425 -0.42868 -0.427935 -0.42719 -0.426446 -0.425715 -0.424985
-0.447845 -0.447017 -0.446188 -0.44536 -0.444544 -0.443729 -0.442913 -0.442098 -0.441296 -0.440495 -0.439693 -0.438892 -0.438105 -0.437318 -0.436531 -0.435744 -0.434972 -0.434199 -0.433427 -0.432655 -0.431897 -0.431139 -0.430382 -0.429624 -0.428881 -0.428137 -0.427394 -0.426651 -0.425922 -0.425192
-0.447982 -0.447157 -0.446333 -0.445508 -0.444696 -0.443884 -0.443072 -0.44226 -0.441461 -0.440663 -0.439864 -0.439066 -0.438281 -0.437497 -0.436712 -0.435928 -0.435158 -0.434388 -0.433617 -0.432847 -0.432091 -0.431335 -0.430579 -0.429824 -0.429082 -0.42834 -0.427598 -0.426856 -0.426128 -0.4254
-0.448119 -0.447298 -0.446477 -0.445657 -0.444848 -0.444039 -0.443231 -0.442422 -0.441627 -0.440831 -0.440035 -0.43924 -0.438458 -0.437676 -0.436894 -0.436112 -0.435344 -0.434576 -0.433808 -0.43304 -0.432286 -0.431531 -0.430777 -0.430023 -0.429283 -0.428542 -0.427802 -0.427061 -0.426334 -0.425607
-0.448247 -0.44743 -0.446613 -0.445795 -0.44499 -0.444185 -0.443379 -0.442574 -0.441781 -0.440989 -0.440196 -0.439403 -0.438624 -0.437844 -0.437065 -0.436285 -0.435519 -0.434753 -0.433988 -0.433222 -0.432469 -0.431717 -0.430965 -0.430212 -0.429473 -0.428734 -0.427995 -0.427256 -0.426531 -0.425805
-0.448375 -0.447561 -0.446748 -0.445934 -0.445132 -0.44433 -0.443528 -0.442726 -0.441936 -0.441146 -0.440356 -0.439567 -0.43879 -0.438013 -0.437236 -0.436459 -0.435695 -0.434931 -0.434167 -0.433404 -0.432653 -0.431903 -0.431152 -0.430401 -0.429664 -0.428927 -0.428189 -0.427452 -0.426727 -0.426002
-0.448503 -0.447693 -0.446883 -0.446073 -0.445274 -0.444475 -0.443677 -0.442878 -0.442091 -0.441304 -0.440517 -0.43973 -0.438956 -0.438181 -0.437407 -0.436632 -0.435871 -0.435109 -0.434347 -0.433586 -0.432837 -0.432088 -0.431339 -0.430591 -0.429855 -0.429119 -0.428383 -0.427647 -0.426924 -0.4262
-0.44863 -0.447824 -0.447018 -0.446212 -0.445416 -0.444621 -0.443825 -0.44303 -0.442246 -0.441461 -0.440677 -0.439893 -0.439121 -0.438349 -0.437578 -0.436806 -0.436046 -0.435287 -0.434527 -0.433768 -0.433021 -0.432274 -0.431527 -0.43078 -0.430046 -0.429311 -0.428577 -0.427842 -0.42712 -0.426398
-0.44875 -0.447948 -0.447145 -0.446342 -0.44555 -0.444757 -0.443965 -0.443172 -0.442391 -0.44161 -0.440828 -0.440047 -0.439278 -0.438508 -0.437739 -0.436969 -0.436212 -0.435455 -0.434697 -0.43394 -0.433195 -0.43245 -0.431705 -0.43096 -0.430227 -0.429494 -0.428761 -0.428028 -0.427308 -0.426587
-0.44887 -0.448071 -0.447272 -0.446472 -0.445683 -0.444894 -0.444104 -0.443315 -0.442536 -0.441758 -0.44098 -0.440201 -0.439434 -0.438667 -0.4379 -0.437133 -0.436378 -0.435623 -0.434867 -0.434112 -0.433369 -0.432626 -0.431883 -0.431139 -0.430408 -0.429677 -0.428946 -0.428215 -0.427495 -0.426776
-0.44899 -0.448194 -0.447398 -0.446602 -0.445816 -0.44503 -0.444244 -0.443458 -0.442682 -0.441906 -0.441131 -0.440355 -0.43959 -0.438826 -0.438061 -0.437297 -0.436544 -0.435791 -0.435038 -0.434285 -0.433543 -0.432802 -0.432061 -0.431319 -0.43059 -0.42986 -0.42913 -0.428401 -0.427683 -0.426964
-0.44911 -0.448318 -0.447525 -0.446733 -0.44595 -0.445167 -0.444383 -0.4436 -0.442827 -0.442055 -0.441282 -0.440509 -0.439747 -0.438985 -0.438223 -0.43746 -0.43671 -0.435959 -0.435208 -0.434457 -0.433717 -0.432978 -0.432239 -0.431499 -0.430771 -0.430043 -0.429315 -0.428587 -0.42787 -0.427153
-0.449223 -0.448434 -0.447645 -0.446855 -0.446075 -0.445295 -0.444515 -0.443735 -0.442965 -0.442194 -0.441424 -0.440654 -0.439894 -0.439135 -0.438375 -0.437615 -0.436867 -0.436118 -0.435369 -0.43462 -0.433883 -0.433145 -0.432408 -0.43167 -0.430944 -0.430217 -0.429491 -0.428764 -0.428049 -0.427334
-0.449336 -0.44855 -0.447764 -0.446978 -0.446201 -0.445424 -0.444647 -0.443869 -0.443102 -0.442334 -0.441567 -0.440799 -0.440042 -0.439285 -0.438528 -0.43777 -0.437024 -0.436277 -0.435531 -0.434784 -0.434048 -0.433313 -0.432577 -0.431841 -0.431116 -0.430392 -0.429667 -0.428942 -0.428228 -0.427514
-0.449449 -0.448666 -0.447884 -0.447101 -0.446326 -0.445552 -0.444778 -0.444004 -0.443239 -0.442474 -0.441709 -0.440945 -0.44019 -0.439435 -0.43868 -0.437925 -0.437181 -0.436436 -0.435692 -0.434948 -0.434214 -0.43348 -0.432746 -0.432012 -0.431289 -0.430566 -0.429843 -0.42912 -0.428407 -0.427694
-0.449562 -0.448783 -0.448003 -0.447223 -0.446452 -0.445681 -0.44491 -0.444138 -0.443376 -0.442614 -0.441852 -0.44109 -0.440338 -0.439585 -0.438833 -0.43808 -0.437338 -0.436596 -0.435853 -0.435111 -0.434379 -0.433647 -0.432915 -0.432183 -0.431462 -0.43074 -0.430019 -0.429297 -0.428586 -0.427875
-0.449669 -0.448892 -0.448116 -0.447339 -0.446571 -0.445802 -0.445034 -0.444266 -0.443506 -0.442746 -0.441987 -0.441227 -0.440477 -0.439727 -0.438977 -0.438227 -0.437487 -0.436747 -0.436007 -0.435266 -0.434536 -0.433806 -0.433076 -0.432346 -0.431626 -0.430906 -0.430187 -0.429467 -0.428757 -0.428047
-0.449775 -0.449002 -0.448228 -0.447455 -0.446689 -0.445924 -0.445158 -0.444393 -0.443636 -0.442879 -0.442122 -0.441365 -0.440617 -0.43987 -0.439122 -0.438374 -0.437636 -0.436898 -0.43616 -0.435422 -0.434694 -0.433966 -0.433237 -0.432509 -0.431791 -0.431073 -0.430355 -0.429636 -0.428928 -0.42822
-0.449882 -0.449112 -0.448341 -0.447571 -0.446808 -0.446045 -0.445283 -0.44452 -0.443766 -0.443011 -0.442257 -0.441503 -0.440757 -0.440012 -0.439266 -0.438521 -0.437785 -0.437049 -0.436313 -0.435577 -0.434851 -0.434125 -0.433398 -0.432672 -0.431956 -0.431239 -0.430523 -0.429806 -0.429099 -0.428392
-0.449989 -0.449221 -0.448454 -0.447687 -0.446927 -0.446167 -0.445407 -0.444647 -0.443895 -0.443144 -0.442392 -0.44164 -0.440897 -0.440154 -0.439411 -0.438668 -0.437934 -0.4372 -0.436467 -0.435733 -0.435008 -0.434284 -0.433559 -0.432835 -0.43212 -0.431405 -0.43069 -0.429976 -0.42927 -0.428565
