-0.412262 -0.412618 -0.412974 -0.413329 -0.413685 -0.41404 -0.414394 -0.414747 -0.4151 -0.415454 -0.415804 -0.416155 -0.416506 -0.416856 -0.417204 -0.417551 -0.417899 -0.418247 -0.418591 -0.418935 -0.41928 -0.419624 -0.419965 -0.420306 -0.420647 -0.420988 -0.421326 -0.421664 -0.422002 -0.42234
-0.411842 -0.412199 -0.412555 -0.412911 -0.413267 -0.413623 -0.413977 -0.41433 -0.414684 -0.415038 -0.415388 -0.415739 -0.41609 -0.416441 -0.416788 -0.417135 -0.417483 -0.41783 -0.418174 -0.418518 -0.418862 -0.419206 -0.419547 -0.419887 -0.420227 -0.420568 -0.420905 -0.421242 -0.42158 -0.421917
-0.411416 -0.411775 -0.412132 -0.412488 -0.412845 -0.413202 -0.413556 -0.41391 -0.414264 -0.414618 -0.414969 -0.41532 -0.415671 -0.416022 -0.416369 -0.416716 -0.417063 -0.417411 -0.417754 -0.418098 -0.418442 -0.418785 -0.419125 -0.419465 -0.419805 -0.420145 -0.420481 -0.420817 -0.421154 -0.42149
-0.410991 -0.411351 -0.411708 -0.412066 -0.412423 -0.412781 -0.413135 -0.41349 -0.413844 -0.414199 -0.41455 -0.414901 -0.415252 -0.415603 -0.41595 -0.416297 -0.416644 -0.416991 -0.417335 -0.417678 -0.418021 -0.418364 -0.418703 -0.419043 -0.419382 -0.419721 -0.420057 -0.420392 -0.420728 -0.421063
-0.410565 -0.410926 -0.411285 -0.411643 -0.412001 -0.412359 -0.412714 -0.413069 -0.413424 -0.413779 -0.41413 -0.414481 -0.414833 -0.415184 -0.415531 -0.415878 -0.416225 -0.416572 -0.416915 -0.417258 -0.4176 -0.417943 -0.418282 -0.418621 -0.418959 -0.419298 -0.419632 -0.419967 -0.420302 -0.420636
-0.41014 -0.410502 -0.410861 -0.41122 -0.411579 -0.411938 -0.412293 -0.412649 -0.413004 -0.41336 -0.413711 -0.414062 -0.414413 -0.414765 -0.415112 -0.415459 -0.415806 -0.416153 -0.416495 -0.416837 -0.41718 -0.417522 -0.41786 -0.418198 -0.418536 -0.418874 -0.419208 -0.419542 -0.419876 -0.420209
-0.409711 -0.410074 -0.410434 -0.410794 -0.411154 -0.411514 -0.41187 -0.412226 -0.412582 -0.412938 -0.413289 -0.413641 -0.413992 -0.414344 -0.414691 -0.415037 -0.415384 -0.415731 -0.416073 -0.416415 -0.416757 -0.417099 -0.417437 -0.417774 -0.418111 -0.418449 -0.418781 -0.419114 -0.419447 -0.41978
-0.409281 -0.409646 -0.410007 -0.410368 -0.410729 -0.41109 -0.411446 -0.411803 -0.412159 -0.412516 -0.412867 -0.413219 -0.413571 -0.413923 -0.414269 -0.414616 -0.414963 -0.41531 -0.415651 -0.415993 -0.416335 -0.416676 -0.417013 -0.41735 -0.417686 -0.418023 -0.418355 -0.418686 -0.419018 -0.41935
-0.408852 -0.409218 -0.40958 -0.409942 -0.410304 -0.410666 -0.411023 -0.41138 -0.411737 -0.412094 -0.412446 -0.412798 -0.41315 -0.413502 -0.413848 -0.414195 -0.414542 -0.414888 -0.415229 -0.415571 -0.415912 -0.416253 -0.416589 -0.416925 -0.417261 -0.417597 -0.417928 -0.418259 -0.418589 -0.41892
-0.408423 -0.40879 -0.409153 -0.409516 -0.409879 -0.410242 -0.410599 -0.410957 -0.411314 -0.411672 -0.412024 -0.412376 -0.412728 -0.413081 -0.413427 -0.413774 -0.41412 -0.414467 -0.414808 -0.415148 -0.415489 -0.41583 -0.416165 -0.416501 -0.416836 -0.417171 -0.417501 -0.417831 -0.418161 -0.41849
-0.407992 -0.408361 -0.408725 -0.409089 -0.409452 -0.409816 -0.410175 -0.410533 -0.410891 -0.411249 -0.411601 -0.411954 -0.412306 -0.412659 -0.413005 -0.413351 -0.413698 -0.414044 -0.414385 -0.414725 -0.415066 -0.415406 -0.415741 -0.416075 -0.41641 -0.416744 -0.417073 -0.417402 -0.41773 -0.418059
-0.407561 -0.407932 -0.408296 -0.408661 -0.409026 -0.409391 -0.40975 -0.410109 -0.410467 -0.410826 -0.411179 -0.411531 -0.411884 -0.412237 -0.412583 -0.412929 -0.413276 -0.413622 -0.413962 -0.414302 -0.414642 -0.414982 -0.415316 -0.41565 -0.415983 -0.416317 -0.416645 -0.416972 -0.4173 -0.417627
-0.40713 -0.407502 -0.407868 -0.408234 -0.4086 -0.408966 -0.409325 -0.409685 -0.410044 -0.410403 -0.410756 -0.411109 -0.411462 -0.411815 -0.412161 -0.412507 -0.412853 -0.4132 -0.413539 -0.413879 -0.414218 -0.414558 -0.414891 -0.415224 -0.415557 -0.41589 -0.416217 -0.416543 -0.41687 -0.417196
-0.406699 -0.407073 -0.40744 -0.407807 -0.408174 -0.40854 -0.4089 -0.40926 -0.40962 -0.40998 -0.410334 -0.410687 -0.41104 -0.411393 -0.411739 -0.412085 -0.412431 -0.412777 -0.413116 -0.413456 -0.413795 -0.414134 -0.414466 -0.414798 -0.415131 -0.415463 -0.415788 -0.416114 -0.416439 -0.416765
-0.406269 -0.406644 -0.407012 -0.40738 -0.407748 -0.408116 -0.408476 -0.408837 -0.409197 -0.409558 -0.409911 -0.410265 -0.410618 -0.410971 -0.411317 -0.411663 -0.412009 -0.412355 -0.412694 -0.413033 -0.413371 -0.41371 -0.414042 -0.414373 -0.414704 -0.415036 -0.41536 -0.415684 -0.416009 -0.416333
-0.405839 -0.406216 -0.406584 -0.406953 -0.407322 -0.407691 -0.408052 -0.408413 -0.408774 -0.409136 -0.409489 -0.409843 -0.410196 -0.41055 -0.410895 -0.411241 -0.411587 -0.411933 -0.412271 -0.41261 -0.412948 -0.413286 -0.413617 -0.413948 -0.414278 -0.414609 -0.414932 -0.415255 -0.415578 -0.415901
-0.405409 -0.405787 -0.406157 -0.406527 -0.406896 -0.407266 -0.407628 -0.40799 -0.408351 -0.408713 -0.409067 -0.409421 -0.409774 -0.410128 -0.410474 -0.41082 -0.411165 -0.411511 -0.411849 -0.412187 -0.412525 -0.412862 -0.413192 -0.413522 -0.413852 -0.414182 -0.414504 -0.414826 -0.415148 -0.41547
-0.404978 -0.405358 -0.405729 -0.4061 -0.406471 -0.406842 -0.407204 -0.407566 -0.407928 -0.408291 -0.408645 -0.408999 -0.409353 -0.409706 -0.410052 -0.410398 -0.410743 -0.411089 -0.411426 -0.411764 -0.412101 -0.412438 -0.412768 -0.413097 -0.413426 -0.413755 -0.414076 -0.414397 -0.414717 -0.415038
-0.404551 -0.404932 -0.405304 -0.405676 -0.406047 -0.406419 -0.406782 -0.407145 -0.407507 -0.40787 -0.408224 -0.408578 -0.408932 -0.409287 -0.409632 -0.409977 -0.410323 -0.410668 -0.411005 -0.411342 -0.411679 -0.412016 -0.412344 -0.412673 -0.413001 -0.413329 -0.413649 -0.413969 -0.414288 -0.414608
-0.404124 -0.404506 -0.404879 -0.405252 -0.405624 -0.405997 -0.40636 -0.406723 -0.407086 -0.40745 -0.407804 -0.408158 -0.408512 -0.408867 -0.409212 -0.409557 -0.409903 -0.410248 -0.410584 -0.410921 -0.411257 -0.411594 -0.411921 -0.412249 -0.412576 -0.412904 -0.413222 -0.413541 -0.413859 -0.414178
-0.403697 -0.404081 -0.404454 -0.404827 -0.405201 -0.405574 -0.405938 -0.406302 -0.406665 -0.407029 -0.407384 -0.407738 -0.408092 -0.408447 -0.408792 -0.409137 -0.409482 -0.409827 -0.410163 -0.410499 -0.410835 -0.411171 -0.411498 -0.411825 -0.412151 -0.412478 -0.412796 -0.413113 -0.41343 -0.413748
-0.40327 -0.403655 -0.404029 -0.404403 -0.404777 -0.405152 -0.405516 -0.40588 -0.406244 -0.406609 -0.406963 -0.407318 -0.407672 -0.408027 -0.408372 -0.408717 -0.409062 -0.409407 -0.409742 -0.410078 -0.410413 -0.410749 -0.411075 -0.411401 -0.411727 -0.412053 -0.412369 -0.412685 -0.413001 -0.413318
-0.402848 -0.403233 -0.403608 -0.403983 -0.404358 -0.404733 -0.405097 -0.405462 -0.405827 -0.406191 -0.406546 -0.4069 -0.407255 -0.40761 -0.407954 -0.408299 -0.408644 -0.408989 -0.409324 -0.409659 -0.409994 -0.410329 -0.410654 -0.410979 -0.411305 -0.41163 -0.411945 -0.41226 -0.412575 -0.41289
-0.402425 -0.402812 -0.403187 -0.403563 -0.403938 -0.404314 -0.404679 -0.405044 -0.405409 -0.405774 -0.406128 -0.406483 -0.406838 -0.407192 -0.407537 -0.407882 -0.408226 -0.408571 -0.408906 -0.40924 -0.409575 -0.409909 -0.410234 -0.410558 -0.410882 -0.411207 -0.411521 -0.411835 -0.412149 -0.412463
-0.402003 -0.40239 -0.402767 -0.403143 -0.403519 -0.403895 -0.40426 -0.404626 -0.404991 -0.405356 -0.405711 -0.406066 -0.406421 -0.406775 -0.40712 -0.407464 -0.407809 -0.408153 -0.408487 -0.408821 -0.409155 -0.409489 -0.409813 -0.410137 -0.41046 -0.410784 -0.411097 -0.41141 -0.411723 -0.412036
-0.401581 -0.401969 -0.402346 -0.402722 -0.403099 -0.403476 -0.403842 -0.404207 -0.404573 -0.404939 -0.405294 -0.405648 -0.406003 -0.406358 -0.406702 -0.407047 -0.407391 -0.407735 -0.408069 -0.408402 -0.408736 -0.40907 -0.409392 -0.409715 -0.410038 -0.410361 -0.410673 -0.410985 -0.411297 -0.411609
-0.401164 -0.401553 -0.40193 -0.402307 -0.402685 -0.403062 -0.403428 -0.403793 -0.404159 -0.404525 -0.40488 -0.405235 -0.40559 -0.405945 -0.406289 -0.406633 -0.406977 -0.407321 -0.407654 -0.407987 -0.40832 -0.408653 -0.408976 -0.409298 -0.40962 -0.409942 -0.410253 -0.410564 -0.410875 -0.411186
-0.400748 -0.401137 -0.401515 -0.401892 -0.40227 -0.402648 -0.403014 -0.40338 -0.403746 -0.404112 -0.404467 -0.404822 -0.405176 -0.405531 -0.405875 -0.406219 -0.406563 -0.406906 -0.407239 -0.407572 -0.407904 -0.408237 -0.408559 -0.40888 -0.409201 -0.409523 -0.409833 -0.410143 -0.410453 -0.410763
-0.400331 -0.400721 -0.401099 -0.401477 -0.401855 -0.402233 -0.4026 -0.402966 -0.403332 -0.403698 -0.404053 -0.404408 -0.404763 -0.405118 -0.405461 -0.405805 -0.406149 -0.406492 -0.406824 -0.407156 -0.407489 -0.407821 -0.408142 -0.408462 -0.408783 -0.409104 -0.409413 -0.409722 -0.410031 -0.41034
-0.399915 -0.400305 -0.400684 -0.401062 -0.401441 -0.401819 -0.402185 -0.402552 -0.402919 -0.403285 -0.40364 -0.403995 -0.40435 -0.404704 -0.405048 -0.405391 -0.405734 -0.406078 -0.406409 -0.406741 -0.407073 -0.407405 -0.407725 -0.408045 -0.408365 -0.408685 -0.408993 -0.409301 -0.409609 -0.409917
