4.0026 3.98276 3.96328 3.94742 3.93168 3.91277 3.89419 3.87904 3.86401 3.84596 3.82822 3.81374 3.79937 3.78212 3.76516 3.7513 3.73755 3.72106 3.70482 3.69155 3.67837 3.66258 3.64703 3.6343 3.62166 3.60653 3.59163 3.5794 3.56726 3.55275
4.01836 3.99832 3.97865 3.96263 3.94674 3.92764 3.90888 3.89358 3.87841 3.86019 3.84228 3.82766 3.81316 3.79575 3.77863 3.76464 3.75077 3.73412 3.71774 3.70434 3.69105 3.67511 3.65943 3.64658 3.63383 3.61857 3.60354 3.5912 3.57896 3.56432
4.02109 4.00104 3.98135 3.96531 3.9494 3.93029 3.91151 3.8962 3.88101 3.86277 3.84484 3.83021 3.8157 3.79827 3.78114 3.76714 3.75325 3.73659 3.72019 3.70678 3.69348 3.67753 3.66183 3.64897 3.63621 3.62092 3.60588 3.59354 3.58128 3.56663
4.02383 4.00375 3.98405 3.96799 3.95207 3.93294 3.91414 3.89882 3.88362 3.86536 3.84741 3.83277 3.81825 3.8008 3.78365 3.76964 3.75574 3.73906 3.72265 3.70923 3.69591 3.67994 3.66423 3.65136 3.63858 3.62329 3.60823 3.59587 3.58361 3.56894
4.03943 4.01917 3.99927 3.98307 3.96699 3.94768 3.92871 3.91325 3.89791 3.87948 3.86137 3.84659 3.83193 3.81434 3.79703 3.78289 3.76887 3.75204 3.73549 3.72195 3.70851 3.69241 3.67657 3.66359 3.6507 3.63528 3.62009 3.60763 3.59526 3.58048
4.0554 4.03494 4.01485 3.99848 3.98225 3.96276 3.94361 3.92799 3.91251 3.89391 3.87564 3.86072 3.84592 3.82816 3.8107 3.79643 3.78228 3.7653 3.7486 3.73494 3.72138 3.70514 3.68916 3.67606 3.66306 3.64751 3.63219 3.61963 3.60715 3.59224
4.05826 4.03778 4.01767 4.00129 3.98504 3.96553 3.94636 3.93073 3.91523 3.89661 3.87831 3.86338 3.84857 3.83079 3.81331 3.79903 3.78487 3.76787 3.75115 3.73748 3.72391 3.70765 3.69165 3.67854 3.66553 3.64996 3.63463 3.62205 3.60956 3.59464
4.06113 4.04062 4.02049 4.00409 3.98784 3.9683 3.94911 3.93346 3.91795 3.89931 3.88099 3.86605 3.85123 3.83343 3.81593 3.80164 3.78746 3.77044 3.75371 3.74002 3.72644 3.71016 3.69414 3.68102 3.668 3.65241 3.63706 3.62448 3.61198 3.59704
4.07695 4.05625 4.03593 4.01938 4.00297 3.98326 3.96389 3.9481 3.93244 3.91364 3.89516 3.88008 3.86512 3.84717 3.82951 3.81509 3.80079 3.78363 3.76675 3.75294 3.73925 3.72283 3.70667 3.69344 3.68032 3.66459 3.64912 3.63643 3.62383 3.60876
4.09313 4.07223 4.05172 4.03501 4.01845 3.99854 3.97899 3.96306 3.94726 3.92828 3.90963 3.89441 3.87932 3.8612 3.84339 3.82884 3.8144 3.79709 3.78006 3.76613 3.75232 3.73576 3.71946 3.70612 3.69288 3.67702 3.66141 3.64862 3.63591 3.62072
4.09613 4.07521 4.05466 4.03794 4.02136 4.00144 3.98186 3.96591 3.95009 3.93109 3.91242 3.89719 3.88208 3.86394 3.84611 3.83154 3.8171 3.79976 3.78271 3.76878 3.75495 3.73836 3.72205 3.70869 3.69544 3.67956 3.66394 3.65113 3.63841 3.6232
4.09913 4.07818 4.05761 4.04087 4.02428 4.00433 3.98473 3.96877 3.95294 3.93391 3.91521 3.89997 3.88485 3.86669 3.84883 3.83425 3.8198 3.80244 3.78537 3.77142 3.75758 3.74097 3.72464 3.71127 3.69801 3.68211 3.66647 3.65364 3.64092 3.62569
4.11517 4.09403 4.07327 4.05638 4.03964 4.0195 3.99973 3.98362 3.96765 3.94845 3.92959 3.91421 3.89895 3.88063 3.86262 3.84792 3.83334 3.81583 3.79862 3.78455 3.77059 3.75385 3.73737 3.72389 3.71052 3.69449 3.67872 3.66579 3.65296 3.63761
4.13158 4.11024 4.08929 4.07223 4.05534 4.03502 4.01506 3.9988 3.98268 3.96331 3.94428 3.92876 3.91336 3.89488 3.87671 3.86187 3.84716 3.8295 3.81214 3.79795 3.78387 3.76698 3.75037 3.73677 3.72329 3.70712 3.69122 3.67819 3.66525 3.64977
4.13472 4.11335 4.09236 4.07529 4.05838 4.03803 4.01804 4.00177 3.98564 3.96624 3.94718 3.93165 3.91624 3.89774 3.87954 3.86469 3.84997 3.83228 3.81489 3.80069 3.7866 3.76969 3.75305 3.73945 3.72595 3.70976 3.69383 3.68079 3.66785 3.65234
4.13786 4.11646 4.09544 4.07836 4.06143 4.04105 4.02104 4.00475 3.9886 3.96918 3.95009 3.93454 3.91913 3.90059 3.88237 3.86751 3.85277 3.83507 3.81765 3.80343 3.78933 3.7724 3.75574 3.74212 3.72861 3.71241 3.69646 3.6834 3.67044 3.65492
4.15413 4.13254 4.11133 4.0941 4.07701 4.05646 4.03626 4.01983 4.00354 3.98394 3.96469 3.94901 3.93345 3.91476 3.89638 3.88139 3.86653 3.84867 3.83111 3.81678 3.80255 3.78548 3.76868 3.75495 3.74133 3.72499 3.70891 3.69575 3.68269 3.66704
4.17078 4.14898 4.12758 4.11019 4.09295 4.0722 4.05182 4.03524 4.0188 3.99903 3.9796 3.96378 3.94809 3.92923 3.91069 3.89557 3.88058 3.86256 3.84485 3.83039 3.81605 3.79883 3.78189 3.76804 3.75431 3.73783 3.72162 3.70835 3.69519 3.67941
4.17406 4.15222 4.13079 4.11338 4.09612 4.07534 4.05493 4.03834 4.02188 4.00208 3.98263 3.96679 3.95108 3.9322 3.91363 3.8985 3.88349 3.86545 3.84771 3.83324 3.81888 3.80164 3.78467 3.77082 3.75707 3.74057 3.72433 3.71105 3.69787 3.68207
4.17733 4.15547 4.134 4.11657 4.0993 4.07849 4.05805 4.04144 4.02497 4.00514 3.98566 3.9698 3.95408 3.93517 3.91657 3.90143 3.88641 3.86834 3.85058 3.83609 3.82172 3.80445 3.78746 3.7736 3.75983 3.74331 3.72705 3.71376 3.70057 3.68474
4.19386 4.1718 4.15014 4.13255 4.11513 4.09414 4.07351 4.05675 4.04014 4.02014 4.00049 3.9845 3.96864 3.94957 3.93081 3.91554 3.90039 3.88217 3.86426 3.84965 3.83516 3.81775 3.80062 3.78664 3.77277 3.75611 3.73972 3.72632 3.71303 3.69707
4.21076 4.1885 4.16663 4.14889 4.13131 4.11012 4.08931 4.0724 4.05564 4.03546 4.01563 3.9995 3.98351 3.96427 3.94534 3.92994 3.91466 3.89629 3.87822 3.86349 3.84888 3.83132 3.81405 3.79995 3.78597 3.76917 3.75264 3.73913 3.72573 3.70965
4.21417 4.19187 4.16998 4.15221 4.13461 4.1134 4.09255 4.07563 4.05885 4.03864 4.01878 4.00263 3.98663 3.96735 3.9484 3.93298 3.91769 3.89929 3.88119 3.86645 3.85182 3.83424 3.81694 3.80283 3.78883 3.772 3.75545 3.74193 3.72852 3.71241
4.21759 4.19526 4.17333 4.15555 4.13793 4.11668 4.0958 4.07886 4.06207 4.04182 4.02193 4.00577 3.98975 3.97044 3.95146 3.93603 3.92072 3.90229 3.88417 3.86941 3.85477 3.83716 3.81983 3.80571 3.7917 3.77484 3.75826 3.74473 3.73131 3.71517
4.23438 4.21185 4.18972 4.17178 4.15401 4.13257 4.11151 4.09442 4.07749 4.05707 4.037 4.0207 4.00455 3.98508 3.96593 3.95037 3.93494 3.91635 3.89807 3.8832 3.86844 3.85068 3.83321 3.81897 3.80485 3.78786 3.77115 3.75751 3.74398 3.72772
4.25155 4.22881 4.20647 4.18838 4.17045 4.14881 4.12756 4.11032 4.09324 4.07264 4.05239 4.03595 4.01966 4.00002 3.98071 3.96501 3.94945 3.9307 3.91227 3.89727 3.88239 3.86448 3.84686 3.83251 3.81827 3.80114 3.78429 3.77054 3.75691 3.74051
4.2551 4.23232 4.20995 4.19184 4.17389 4.15222 4.13094 4.11368 4.09658 4.07594 4.05566 4.03921 4.02289 4.00322 3.98388 3.96817 3.95259 3.93381 3.91535 3.90033 3.88544 3.8675 3.84985 3.83549 3.82124 3.80408 3.7872 3.77344 3.7598 3.74337
4.25866 4.23585 4.21344 4.1953 4.17734 4.15563 4.13431 4.11704 4.09992 4.07925 4.05894 4.04247 4.02614 4.00643 3.98706 3.97133 3.95574 3.93693 3.91844 3.90341 3.8885 3.87053 3.85285 3.83848 3.82421 3.80703 3.79012 3.77635 3.76269 3.74623
4.27573 4.25271 4.2301 4.21181 4.19369 4.17179 4.15028 4.13286 4.1156 4.09475 4.07426 4.05765 4.04119 4.02131 4.00178 3.98592 3.9702 3.95123 3.93258 3.91743 3.90241 3.88429 3.86647 3.85197 3.8376 3.82027 3.80322 3.78935 3.77558 3.759
4.29318 4.26995 4.24713 4.22868 4.2104 4.1883 4.1666 4.14903 4.13162 4.11058 4.08991 4.07316 4.05655 4.0365 4.0168 4.00081 3.98496 3.96583 3.94702 3.93174 3.91659 3.89832 3.88035 3.86574 3.85125 3.83378 3.81659 3.80261 3.78873 3.77202
