0.0608036 0.0599994 0.0597384 0.0594775 0.0586778 0.0578786 0.057618 0.0573574 0.056563 0.055769 0.0555089 0.0552487 0.0544598 0.0536714 0.0534117 0.0531521 0.0523689 0.0515863 0.0513272 0.0510681 0.050291 0.0495145 0.0492559 0.0489974 0.0482266 0.0474565 0.0471986 0.0469407 0.0461765 0.045413 0.0451558 0.0448985 0.0441412 0.0433846 0.0431281 0.0428716 0.0421214 0.0413719 0.0411162 0.0408605
0.0606666 0.0598648 0.0596038 0.0593429 0.0585457 0.0577489 0.0574883 0.0572277 0.0564357 0.0556441 0.0553839 0.0551238 0.0543372 0.0535512 0.0532915 0.0530318 0.052251 0.0514707 0.0512116 0.0509524 0.0501776 0.0494034 0.0491448 0.0488863 0.0481177 0.0473498 0.0470919 0.046834 0.046072 0.0453107 0.0450534 0.0447962 0.044041 0.0432865 0.04303 0.0427735 0.0420253 0.0412779 0.0410222 0.0407666
0.0613794 0.0605814 0.0603218 0.0600622 0.0592688 0.0584757 0.0582165 0.0579572 0.0571689 0.056381 0.0561221 0.0558633 0.0550804 0.0542979 0.0540395 0.0537811 0.0530038 0.0522271 0.0519692 0.0517113 0.0509399 0.0501691 0.0499118 0.0496544 0.0488893 0.0481248 0.047868 0.0476113 0.0468526 0.0460946 0.0458385 0.0455824 0.0448304 0.0440791 0.0438238 0.0435684 0.0428234 0.0420791 0.0418245 0.0415698
0.062092 0.0612978 0.0610395 0.0607813 0.0599916 0.0592022 0.0589443 0.0586863 0.0579017 0.0571175 0.0568599 0.0566023 0.055823 0.0550441 0.054787 0.0545298 0.0537561 0.0529829 0.0527262 0.0524695 0.0517017 0.0509343 0.0506782 0.050422 0.0496603 0.0488991 0.0486435 0.0483879 0.0476326 0.0468778 0.0466229 0.0463679 0.0456191 0.0448711 0.0446168 0.0443625 0.0436206 0.0428794 0.0426259 0.0423723
0.0619546 0.0611629 0.0609046 0.0606464 0.0598591 0.0590721 0.0588142 0.0585563 0.057774 0.0569921 0.0567345 0.056477 0.0557 0.0549234 0.0546663 0.0544091 0.0536377 0.0528667 0.0526101 0.0523534 0.0515877 0.0508226 0.0505665 0.0503103 0.0495508 0.0487918 0.0485362 0.0482806 0.0475274 0.0467748 0.0465198 0.0462649 0.0455182 0.0447722 0.044518 0.0442637 0.0435238 0.0427847 0.0425311 0.0422776
0.0618173 0.061028 0.0607697 0.0605115 0.0597266 0.058942 0.0586841 0.0584262 0.0576463 0.0568667 0.0566092 0.0563516 0.0555769 0.0548027 0.0545455 0.0542884 0.0535192 0.0527506 0.0524939 0.0522372 0.0514738 0.050711 0.0504548 0.0501987 0.0494413 0.0486845 0.0484289 0.0481733 0.0474222 0.0466718 0.0464168 0.0461619 0.0454173 0.0446734 0.0444191 0.0441648 0.0434271 0.04269 0.0424364 0.0421828
0.0625202 0.0617346 0.0614777 0.0612208 0.0604397 0.0596589 0.0594023 0.0591457 0.0583694 0.0575936 0.0573373 0.057081 0.05631 0.0555394 0.0552835 0.0550276 0.054262 0.0534968 0.0532414 0.052986 0.052226 0.0514666 0.0512117 0.0509567 0.0502027 0.0494493 0.0491949 0.0489405 0.0481927 0.0474456 0.0471917 0.0469379 0.0461966 0.0454559 0.0452027 0.0449495 0.0442149 0.0434809 0.0432284 0.0429759
0.0632228 0.062441 0.0621855 0.0619299 0.0611525 0.0603754 0.0601201 0.0598648 0.0590923 0.0583201 0.0580651 0.0578101 0.0570427 0.0562756 0.056021 0.0557664 0.0550043 0.0542426 0.0539884 0.0537342 0.0529778 0.0522217 0.051968 0.0517143 0.0509637 0.0502136 0.0499603 0.0497071 0.0489626 0.0482187 0.047966 0.0477133 0.0469752 0.0462377 0.0459856 0.0457336 0.045002 0.0442712 0.0440197 0.0437683
0.0630852 0.0623059 0.0620503 0.0617948 0.0610198 0.060245 0.0599897 0.0597344 0.0589642 0.0581943 0.0579394 0.0576844 0.0569192 0.0561545 0.0558998 0.0556452 0.0548854 0.054126 0.0538718 0.0536176 0.0528633 0.0521095 0.0518558 0.0516021 0.0508536 0.0501057 0.0498525 0.0495992 0.0488569 0.0481151 0.0478624 0.0476097 0.0468737 0.0461382 0.0458861 0.0456341 0.0449046 0.0441757 0.0439243 0.0436729
0.0629476 0.0621707 0.0619151 0.0616596 0.060887 0.0601146 0.0598593 0.059604 0.0588361 0.0580686 0.0578136 0.0575586 0.0567958 0.0560333 0.0557787 0.0555241 0.0547665 0.0540094 0.0537552 0.053501 0.0527489 0.0519973 0.0517436 0.0514899 0.0507436 0.0499978 0.0497446 0.0494914 0.0487511 0.0480114 0.0477588 0.0475061 0.0467721 0.0460387 0.0457866 0.0455346 0.0448071 0.0440803 0.0438288 0.0435774
0.0636408 0.0628676 0.0626134 0.0623592 0.0615903 0.0608217 0.0605677 0.0603138 0.0595496 0.0587857 0.058532 0.0582783 0.0575191 0.0567602 0.0565068 0.0562535 0.0554995 0.0547458 0.0544928 0.0542399 0.0534913 0.0527431 0.0524906 0.0522381 0.0514952 0.0507528 0.0505007 0.0502487 0.0495117 0.0487753 0.0485238 0.0482722 0.0475415 0.0468113 0.0465603 0.0463094 0.045585 0.0448613 0.044611 0.0443606
0.0643337 0.0635643 0.0633115 0.0630587 0.0622935 0.0615285 0.0612759 0.0610233 0.0602627 0.0595024 0.0592501 0.0589977 0.058242 0.0574867 0.0572346 0.0569825 0.056232 0.0554818 0.0552301 0.0549784 0.0542332 0.0534885 0.0532372 0.0529859 0.0522463 0.0515072 0.0512564 0.0510055 0.0502718 0.0495386 0.0492883 0.0490379 0.0483103 0.0475833 0.0473334 0.0470836 0.0463623 0.0456417 0.0453924 0.0451431
0.064196 0.0634289 0.0631761 0.0629233 0.0621605 0.0613978 0.0611452 0.0608926 0.0601344 0.0593764 0.059124 0.0588716 0.0581183 0.0573652 0.0571131 0.056861 0.0561127 0.0553648 0.0551131 0.0548614 0.0541184 0.0533758 0.0531245 0.0528732 0.0521358 0.0513989 0.051148 0.0508971 0.0501655 0.0494344 0.0491841 0.0489337 0.0482082 0.0474832 0.0472333 0.0469835 0.0462642 0.0455456 0.0452963 0.0450471
0.0640582 0.0632936 0.0630407 0.0627879 0.0620274 0.0612672 0.0610145 0.0607619 0.060006 0.0592503 0.058998 0.0587456 0.0579945 0.0572437 0.0569916 0.0567395 0.0559935 0.0552477 0.054996 0.0547443 0.0540035 0.0532632 0.0530118 0.0527605 0.0520253 0.0512905 0.0510396 0.0507887 0.0500592 0.0493303 0.0490799 0.0488295 0.048106 0.0473831 0.0471332 0.0468834 0.0461662 0.0454495 0.0452002 0.044951
0.0647419 0.063981 0.0637295 0.0634781 0.0627213 0.0619647 0.0617135 0.0614622 0.0607099 0.0599579 0.0597068 0.0594558 0.0587082 0.057961 0.0577102 0.0574594 0.0567169 0.0559746 0.0557242 0.0554737 0.0547363 0.0539994 0.0537493 0.0534992 0.0527673 0.0520358 0.0517861 0.0515364 0.0508103 0.0500845 0.0498353 0.0495861 0.0488658 0.048146 0.0478973 0.0476486 0.0469344 0.0462209 0.0459727 0.0457245
0.0654254 0.0646683 0.0644182 0.0641681 0.063415 0.0626621 0.0624122 0.0621622 0.0614136 0.0606652 0.0604154 0.0601657 0.0594217 0.058678 0.0584285 0.058179 0.0574399 0.0567011 0.0564519 0.0562027 0.0554688 0.0547352 0.0544863 0.0542374 0.0535089 0.0527807 0.0525322 0.0522837 0.0515608 0.0508383 0.0505902 0.0503421 0.049625 0.0489084 0.0486608 0.0484132 0.0477022 0.0469917 0.0467446 0.0464975
0.0652875 0.0645327 0.0642826 0.0640326 0.0632818 0.0625312 0.0622813 0.0620314 0.061285 0.0605389 0.0602891 0.0600394 0.0592977 0.0585562 0.0583067 0.0580572 0.0573203 0.0565838 0.0563345 0.0560853 0.0553536 0.0546221 0.0543733 0.0541244 0.053398 0.0526719 0.0524234 0.0521749 0.0514541 0.0507336 0.0504855 0.0502375 0.0495224 0.0488078 0.0485602 0.0483126 0.0476035 0.046895 0.0466479 0.0464008
0.0651496 0.0643972 0.0641471 0.063897 0.0631486 0.0624004 0.0621504 0.0619005 0.0611564 0.0604126 0.0601628 0.0599131 0.0591736 0.0584344 0.0581849 0.0579354 0.0572007 0.0564664 0.0562172 0.0559679 0.0552383 0.0545091 0.0542602 0.0540113 0.053287 0.0525631 0.0523146 0.0520661 0.0513473 0.0506289 0.0503809 0.0501328 0.0494198 0.0487072 0.0484596 0.048212 0.0475049 0.0467984 0.0465513 0.0463042
0.0658241 0.0650754 0.0648267 0.064578 0.0638333 0.0630887 0.0628401 0.0625915 0.0618511 0.0611108 0.0608624 0.060614 0.0598781 0.0591424 0.0588942 0.058646 0.0579148 0.0571839 0.056936 0.056688 0.0559618 0.055236 0.0549883 0.0547407 0.0540197 0.0532991 0.0530518 0.0528045 0.052089 0.0513738 0.0511269 0.05088 0.0501701 0.0494607 0.0492142 0.0489677 0.0482638 0.0475603 0.0473143 0.0470683
0.0664985 0.0657535 0.0655062 0.0652588 0.0645178 0.0637769 0.0635296 0.0632824 0.0625456 0.0618089 0.0615618 0.0613147 0.0605824 0.0598502 0.0596033 0.0593563 0.0586287 0.0579012 0.0576545 0.0574078 0.056685 0.0559625 0.0557161 0.0554697 0.054752 0.0540347 0.0537886 0.0535425 0.0528302 0.0521183 0.0518725 0.0516268 0.0509201 0.0502138 0.0499685 0.0497231 0.0490222 0.0483218 0.0480769 0.0478319
0.0663605 0.0656179 0.0653705 0.0651232 0.0643845 0.0636458 0.0633986 0.0631514 0.0624168 0.0616824 0.0614353 0.0611882 0.0604581 0.0597281 0.0594812 0.0592343 0.0585088 0.0577835 0.0575368 0.0572901 0.0565695 0.0558492 0.0556027 0.0553563 0.0546408 0.0539255 0.0536794 0.0534333 0.0527231 0.0520132 0.0517675 0.0515217 0.050817 0.0501127 0.0498674 0.049622 0.0489231 0.0482246 0.0479797 0.0477348
0.0662225 0.0654822 0.0652349 0.0649875 0.0642511 0.0635148 0.0632676 0.0630203 0.0622881 0.0615559 0.0613088 0.0610617 0.0603338 0.0596061 0.0593592 0.0591122 0.0583889 0.0576659 0.0574192 0.0571725 0.056454 0.0557358 0.0554893 0.0552429 0.0545295 0.0538163 0.0535702 0.0533241 0.0526159 0.0519081 0.0516624 0.0514166 0.0507139 0.0500117 0.0497663 0.0495209 0.048824 0.0481275 0.0478825 0.0476376
0.066888 0.0661514 0.0659055 0.0656595 0.0649268 0.0641942 0.0639483 0.0637024 0.0629737 0.0622452 0.0619994 0.0617536 0.0610293 0.0603051 0.0600595 0.0598138 0.059094 0.0583744 0.0581289 0.0578835 0.0571684 0.0564536 0.0562084 0.0559632 0.0552531 0.0545433 0.0542983 0.0540534 0.0533485 0.0526439 0.0523993 0.0521547 0.0514552 0.0507561 0.0505119 0.0502676 0.0495738 0.0488803 0.0486365 0.0483926
0.0675534 0.0668206 0.066576 0.0663315 0.0656024 0.0648734 0.0646289 0.0643843 0.0636593 0.0629343 0.0626899 0.0624454 0.0617246 0.0610039 0.0607596 0.0605152 0.0597989 0.0590827 0.0588385 0.0585943 0.0578826 0.0571712 0.0569272 0.0566832 0.0559764 0.0552699 0.0550262 0.0547824 0.0540808 0.0533794 0.0531359 0.0528925 0.0521961 0.0515001 0.051257 0.0510139 0.0503231 0.0496327 0.04939 0.0491472
0.0674154 0.0666849 0.0664403 0.0661958 0.065469 0.0647423 0.0644977 0.0642532 0.0635304 0.0628077 0.0625632 0.0623188 0.0616002 0.0608817 0.0606373 0.060393 0.0596788 0.0589648 0.0587206 0.0584764 0.0577669 0.0570575 0.0568135 0.0565696 0.0558649 0.0551604 0.0549167 0.0546729 0.0539733 0.0532739 0.0530305 0.0527871 0.0520927 0.0513987 0.0511556 0.0509125 0.0502236 0.0495351 0.0492924 0.0490496
0.0672774 0.0665492 0.0663046 0.0660601 0.0653356 0.0646111 0.0643666 0.0641221 0.0634015 0.062681 0.0624366 0.0621921 0.0614757 0.0607595 0.0605151 0.0602708 0.0595587 0.0588469 0.0586027 0.0583585 0.0576511 0.0569439 0.0566999 0.0564559 0.0557533 0.0550509 0.0548072 0.0545634 0.0538658 0.0531685 0.0529251 0.0526816 0.0519893 0.0512972 0.0510541 0.050811 0.0501241 0.0494375 0.0491948 0.0489521
0.0679342 0.0672097 0.0669665 0.0667233 0.0660025 0.0652817 0.0650386 0.0647954 0.0640785 0.0633615 0.0631184 0.0628753 0.0621624 0.0614497 0.0612066 0.0609636 0.060255 0.0595466 0.0593037 0.0590608 0.0583568 0.0576529 0.0574101 0.0571674 0.0564681 0.055769 0.0555265 0.0552839 0.0545896 0.0538954 0.0536532 0.0534109 0.0527217 0.0520328 0.0517908 0.0515488 0.050865 0.0501815 0.0499398 0.0496982
0.068591 0.0678702 0.0676284 0.0673866 0.0666695 0.0659523 0.0657105 0.0654687 0.0647553 0.064042 0.0638002 0.0635584 0.0628491 0.0621398 0.061898 0.0616563 0.0609512 0.0602462 0.0600045 0.0597629 0.0590622 0.0583617 0.0581202 0.0578787 0.0571827 0.0564868 0.0562455 0.0560042 0.055313 0.0546221 0.054381 0.0541399 0.0534538 0.052768 0.0525272 0.0522863 0.0516056 0.0509251 0.0506845 0.050444
0.068453 0.0677345 0.0674927 0.0672509 0.066536 0.0658211 0.0655793 0.0653375 0.0646264 0.0639153 0.0636735 0.0634317 0.0627245 0.0620174 0.0617757 0.061534 0.060831 0.0601281 0.0598865 0.0596449 0.0589463 0.0582478 0.0580063 0.0577649 0.0570709 0.0563771 0.0561358 0.0558945 0.0552053 0.0545164 0.0542753 0.0540342 0.0533501 0.0526662 0.0524254 0.0521846 0.0515057 0.0508271 0.0505866 0.0503461
0.068315 0.0675988 0.067357 0.0671152 0.0664026 0.06569 0.0654482 0.0652063 0.0644974 0.0637886 0.0635468 0.063305 0.0626 0.0618951 0.0616534 0.0614116 0.0607108 0.0600101 0.0597684 0.0595268 0.0588303 0.058134 0.0578925 0.057651 0.0569591 0.0562674 0.056026 0.0557847 0.0550976 0.0544107 0.0541696 0.0539285 0.0532464 0.0525645 0.0523236 0.0520828 0.0514058 0.0507292 0.0504887 0.0502481
0.0689633 0.0682508 0.0680104 0.06777 0.0670611 0.0663521 0.0661116 0.0658712 0.0651659 0.0644605 0.0642201 0.0639796 0.0632782 0.0625768 0.0623364 0.0620959 0.0613986 0.0607012 0.0604609 0.0602205 0.0595274 0.0588344 0.0585942 0.058354 0.0576653 0.0569769 0.0567368 0.0564967 0.0558128 0.055129 0.0548891 0.0546492 0.0539702 0.0532914 0.0530517 0.052812 0.0521381 0.0514645 0.0512251 0.0509857
0.0696117 0.0689029 0.0686639 0.0684249 0.0677196 0.0670142 0.0667751 0.066536 0.0658343 0.0651325 0.0648934 0.0646543 0.0639564 0.0632584 0.0630193 0.0627802 0.0620862 0.0613923 0.0611532 0.0609142 0.0602244 0.0595348 0.0592958 0.0590568 0.0583714 0.0576862 0.0574473 0.0572085 0.0565277 0.0558472 0.0556084 0.0553697 0.0546938 0.0540181 0.0537796 0.053541 0.0528702 0.0521996 0.0519612 0.0517229
0.0694738 0.0687673 0.0685283 0.0682893 0.0675862 0.066883 0.066644 0.0664049 0.0657054 0.0650058 0.0647667 0.0645276 0.0638318 0.063136 0.0628969 0.0626578 0.061966 0.0612742 0.0610351 0.060796 0.0601084 0.0594208 0.0591818 0.0589428 0.0582595 0.0575763 0.0573374 0.0570986 0.0564198 0.0557413 0.0555025 0.0552638 0.0545899 0.0539161 0.0536776 0.053439 0.0527701 0.0521013 0.051863 0.0516247
0.0693359 0.0686316 0.0683926 0.0681537 0.0674528 0.0667519 0.0665128 0.0662738 0.0655764 0.0648791 0.06464 0.0644009 0.0637072 0.0630136 0.0627745 0.0625354 0.0618457 0.061156 0.060917 0.0606779 0.0599923 0.0593068 0.0590678 0.0588288 0.0581476 0.0574664 0.0572275 0.0569886 0.0563119 0.0556354 0.0553966 0.0551579 0.0544859 0.0538141 0.0535755 0.053337 0.0526699 0.0520031 0.0517648 0.0515265
0.069976 0.0692754 0.0690378 0.0688002 0.068103 0.0674058 0.0671681 0.0669304 0.0662366 0.0655428 0.065305 0.0650673 0.0643772 0.063687 0.0634492 0.0632114 0.0625252 0.0618389 0.0616011 0.0613634 0.0606811 0.059999 0.0597612 0.0595235 0.0588455 0.0581676 0.05793 0.0576923 0.0570188 0.0563454 0.0561078 0.0558703 0.0552014 0.0545327 0.0542953 0.0540579 0.0533939 0.0527301 0.0524929 0.0522557
0.0706162 0.0699193 0.0696831 0.0694469 0.0687534 0.0680597 0.0678234 0.067587 0.0668969 0.0662066 0.0659702 0.0657338 0.0650471 0.0643605 0.064124 0.0638875 0.0632047 0.0625218 0.0622853 0.0620488 0.0613699 0.0606911 0.0604546 0.0602181 0.0595434 0.0588687 0.0586323 0.0583958 0.0577255 0.0570553 0.0568189 0.0565825 0.0559168 0.0552512 0.0550149 0.0547787 0.0541177 0.0534569 0.0532208 0.0529846
0.0704784 0.0697838 0.0695476 0.0693114 0.0686201 0.0679286 0.0676923 0.067456 0.066768 0.0660799 0.0658435 0.0656071 0.0649226 0.0642381 0.0640016 0.0637651 0.0630844 0.0624036 0.0621671 0.0619306 0.0612538 0.060577 0.0603405 0.060104 0.0594314 0.0587587 0.0585223 0.0582858 0.0576175 0.0569492 0.0567128 0.0564765 0.0558127 0.055149 0.0549127 0.0546765 0.0540174 0.0533584 0.0531223 0.0528862
0.0703407 0.0696483 0.0694121 0.0691759 0.0684868 0.0677976 0.0675613 0.067325 0.0666391 0.0659532 0.0657168 0.0654804 0.0647981 0.0641157 0.0638792 0.0636427 0.0629641 0.0622854 0.0620489 0.0618124 0.0611377 0.060463 0.0602265 0.05999 0.0593193 0.0586487 0.0584123 0.0581758 0.0575094 0.0568432 0.0566068 0.0563704 0.0557085 0.0550468 0.0548105 0.0545743 0.053917 0.05326 0.0530239 0.0527878
0.0709728 0.0702841 0.0700493 0.0698145 0.0691291 0.0684434 0.0682085 0.0679736 0.0672913 0.066609 0.0663739 0.0661388 0.06546 0.0647811 0.0645459 0.0643108 0.0636356 0.0629603 0.0627251 0.0624899 0.0618185 0.0611471 0.0609118 0.0606766 0.0600092 0.0593419 0.0591066 0.0588714 0.0582082 0.0575451 0.0573099 0.0570748 0.056416 0.0557573 0.0555222 0.0552871 0.0546329 0.0539789 0.0537439 0.0535089
0.0716051 0.07092 0.0706867 0.0704533 0.0697715 0.0690894 0.0688559 0.0686223 0.0679436 0.0672648 0.0670311 0.0667974 0.066122 0.0654466 0.0652127 0.0649789 0.0643071 0.0636352 0.0634013 0.0631674 0.0624993 0.0618312 0.0615972 0.0613632 0.0606991 0.060035 0.059801 0.059567 0.058907 0.058247 0.058013 0.057779 0.0571234 0.0564677 0.0562338 0.0559998 0.0553487 0.0546976 0.0544637 0.0542299
