109.391347401
109.391324566
109.391301731
109.391278896
109.391256061
109.391233226
109.39121039
109.391187555
109.39116472
109.391141885
109.39111905
109.391096215
109.391073379
109.391050544
109.391027709
109.391004874
109.390982039
109.390959203
109.390936368
109.390913533
109.390890698
109.390867863
109.390845028
109.390822192
109.390799357
109.390776522
109.390753687
109.390730852
109.390708017
109.390685181
109.390662346
109.390639511
109.390616676
109.390593841
109.390571005
109.39054817
109.390525335
109.3905025
109.390479665
109.39045683
