-0.138535 -0.137786 -0.137038 -0.13629 -0.135542 -0.134795 -0.134049 -0.133302 -0.132557 -0.131812 -0.131067 -0.130323 -0.12958 -0.128836 -0.128094 -0.127351 -0.12661 -0.125868 -0.125128 -0.124387 -0.123647 -0.122908 -0.122169 -0.12143 -0.120692 -0.119954 -0.119217 -0.11848 -0.117744 -0.117008
-0.13867 -0.13792 -0.137171 -0.136423 -0.135675 -0.134928 -0.134181 -0.133435 -0.132689 -0.131944 -0.131199 -0.130454 -0.129711 -0.128967 -0.128224 -0.127482 -0.12674 -0.125998 -0.125257 -0.124516 -0.123776 -0.123037 -0.122297 -0.121559 -0.12082 -0.120083 -0.119345 -0.118608 -0.117872 -0.117135
-0.138804 -0.138054 -0.137305 -0.136557 -0.135808 -0.135061 -0.134314 -0.133567 -0.132821 -0.132075 -0.13133 -0.130585 -0.129841 -0.129098 -0.128354 -0.127612 -0.126869 -0.126128 -0.125386 -0.124645 -0.123905 -0.123165 -0.122426 -0.121687 -0.120948 -0.12021 -0.119473 -0.118735 -0.117999 -0.117262
-0.138938 -0.138188 -0.137439 -0.13669 -0.135941 -0.135193 -0.134446 -0.133699 -0.132953 -0.132207 -0.131461 -0.130716 -0.129972 -0.129228 -0.128484 -0.127741 -0.126999 -0.126257 -0.125515 -0.124774 -0.124034 -0.123293 -0.122554 -0.121815 -0.121076 -0.120338 -0.1196 -0.118863 -0.118126 -0.117389
-0.139072 -0.138322 -0.137572 -0.136823 -0.136074 -0.135326 -0.134578 -0.133831 -0.133084 -0.132338 -0.131592 -0.130847 -0.130102 -0.129358 -0.128614 -0.127871 -0.127128 -0.126386 -0.125644 -0.124903 -0.124162 -0.123421 -0.122682 -0.121942 -0.121203 -0.120465 -0.119727 -0.118989 -0.118252 -0.117516
-0.139206 -0.138456 -0.137705 -0.136956 -0.136207 -0.135458 -0.13471 -0.133962 -0.133215 -0.132469 -0.131723 -0.130977 -0.130232 -0.129487 -0.128743 -0.128 -0.127257 -0.126514 -0.125772 -0.125031 -0.12429 -0.123549 -0.122809 -0.122069 -0.12133 -0.120592 -0.119853 -0.119116 -0.118378 -0.117642
-0.13934 -0.138589 -0.137838 -0.137088 -0.136339 -0.13559 -0.134841 -0.134093 -0.133346 -0.132599 -0.131853 -0.131107 -0.130362 -0.129617 -0.128873 -0.128129 -0.127385 -0.126643 -0.1259 -0.125159 -0.124417 -0.123676 -0.122936 -0.122196 -0.121457 -0.120718 -0.11998 -0.119242 -0.118504 -0.117767
-0.139473 -0.138722 -0.137971 -0.137221 -0.136471 -0.135722 -0.134973 -0.134225 -0.133477 -0.13273 -0.131983 -0.131237 -0.130491 -0.129746 -0.129001 -0.128257 -0.127514 -0.126771 -0.126028 -0.125286 -0.124545 -0.123804 -0.123063 -0.122323 -0.121583 -0.120844 -0.120106 -0.119367 -0.11863 -0.117893
-0.139607 -0.138855 -0.138104 -0.137353 -0.136603 -0.135853 -0.135104 -0.134355 -0.133607 -0.13286 -0.132113 -0.131366 -0.13062 -0.129875 -0.12913 -0.128386 -0.127642 -0.126899 -0.126156 -0.125413 -0.124672 -0.12393 -0.12319 -0.122449 -0.121709 -0.12097 -0.120231 -0.119493 -0.118755 -0.118018
-0.13974 -0.138988 -0.138236 -0.137485 -0.136734 -0.135984 -0.135235 -0.134486 -0.133738 -0.13299 -0.132242 -0.131496 -0.130749 -0.130004 -0.129259 -0.128514 -0.12777 -0.127026 -0.126283 -0.12554 -0.124798 -0.124057 -0.123316 -0.122575 -0.121835 -0.121096 -0.120357 -0.119618 -0.11888 -0.118142
-0.139873 -0.13912 -0.138368 -0.137617 -0.136866 -0.136115 -0.135366 -0.134616 -0.133868 -0.13312 -0.132372 -0.131625 -0.130878 -0.130132 -0.129387 -0.128642 -0.127897 -0.127153 -0.12641 -0.125667 -0.124925 -0.124183 -0.123442 -0.122701 -0.121961 -0.121221 -0.120482 -0.119743 -0.119005 -0.118267
-0.140005 -0.139253 -0.1385 -0.137748 -0.136997 -0.136246 -0.135496 -0.134747 -0.133997 -0.133249 -0.132501 -0.131754 -0.131007 -0.13026 -0.129515 -0.128769 -0.128025 -0.12728 -0.126537 -0.125794 -0.125051 -0.124309 -0.123567 -0.122826 -0.122086 -0.121346 -0.120606 -0.119867 -0.119129 -0.118391
-0.140138 -0.139385 -0.138632 -0.13788 -0.137128 -0.136377 -0.135626 -0.134877 -0.134127 -0.133378 -0.13263 -0.131882 -0.131135 -0.130388 -0.129642 -0.128897 -0.128152 -0.127407 -0.126663 -0.12592 -0.125177 -0.124434 -0.123693 -0.122951 -0.122211 -0.12147 -0.120731 -0.119991 -0.119253 -0.118515
-0.14027 -0.139517 -0.138764 -0.138011 -0.137259 -0.136507 -0.135757 -0.135006 -0.134256 -0.133507 -0.132759 -0.13201 -0.131263 -0.130516 -0.12977 -0.129024 -0.128278 -0.127534 -0.126789 -0.126046 -0.125302 -0.12456 -0.123818 -0.123076 -0.122335 -0.121595 -0.120855 -0.120115 -0.119376 -0.118638
-0.140403 -0.139648 -0.138895 -0.138142 -0.13739 -0.136638 -0.135886 -0.135136 -0.134386 -0.133636 -0.132887 -0.132139 -0.131391 -0.130643 -0.129897 -0.12915 -0.128405 -0.12766 -0.126915 -0.126171 -0.125428 -0.124685 -0.123942 -0.123201 -0.122459 -0.121719 -0.120978 -0.120239 -0.1195 -0.118761
-0.140535 -0.13978 -0.139026 -0.138273 -0.13752 -0.136768 -0.136016 -0.135265 -0.134514 -0.133765 -0.133015 -0.132266 -0.131518 -0.130771 -0.130023 -0.129277 -0.128531 -0.127786 -0.127041 -0.126296 -0.125553 -0.12481 -0.124067 -0.123325 -0.122583 -0.121842 -0.121102 -0.120362 -0.119622 -0.118884
-0.140666 -0.139911 -0.139157 -0.138403 -0.13765 -0.136897 -0.136145 -0.135394 -0.134643 -0.133893 -0.133143 -0.132394 -0.131645 -0.130897 -0.13015 -0.129403 -0.128657 -0.127911 -0.127166 -0.126421 -0.125677 -0.124934 -0.124191 -0.123449 -0.122707 -0.121966 -0.121225 -0.120485 -0.119745 -0.119006
-0.140798 -0.140043 -0.139288 -0.138534 -0.13778 -0.137027 -0.136275 -0.135523 -0.134772 -0.134021 -0.133271 -0.132521 -0.131772 -0.131024 -0.130276 -0.129529 -0.128783 -0.128036 -0.127291 -0.126546 -0.125802 -0.125058 -0.124315 -0.123572 -0.12283 -0.122089 -0.121348 -0.120607 -0.119867 -0.119128
-0.140929 -0.140174 -0.139418 -0.138664 -0.13791 -0.137156 -0.136404 -0.135651 -0.1349 -0.134149 -0.133398 -0.132648 -0.131899 -0.13115 -0.130402 -0.129655 -0.128908 -0.128162 -0.127416 -0.126671 -0.125926 -0.125182 -0.124438 -0.123695 -0.122953 -0.122211 -0.12147 -0.120729 -0.119989 -0.11925
-0.141061 -0.140304 -0.139549 -0.138794 -0.138039 -0.137286 -0.136532 -0.13578 -0.135028 -0.134276 -0.133525 -0.132775 -0.132026 -0.131277 -0.130528 -0.12978 -0.129033 -0.128286 -0.12754 -0.126795 -0.12605 -0.125305 -0.124562 -0.123818 -0.123076 -0.122334 -0.121592 -0.120851 -0.120111 -0.119371
-0.141192 -0.140435 -0.139679 -0.138923 -0.138169 -0.137414 -0.136661 -0.135908 -0.135155 -0.134404 -0.133652 -0.132902 -0.132152 -0.131402 -0.130654 -0.129905 -0.129158 -0.128411 -0.127664 -0.126918 -0.126173 -0.125429 -0.124684 -0.123941 -0.123198 -0.122456 -0.121714 -0.120973 -0.120232 -0.119492
-0.141322 -0.140565 -0.139809 -0.139053 -0.138298 -0.137543 -0.136789 -0.136036 -0.135283 -0.134531 -0.133779 -0.133028 -0.132278 -0.131528 -0.130779 -0.13003 -0.129282 -0.128535 -0.127788 -0.127042 -0.126296 -0.125551 -0.124807 -0.124063 -0.12332 -0.122577 -0.121835 -0.121094 -0.120353 -0.119613
-0.141453 -0.140696 -0.139939 -0.139182 -0.138427 -0.137672 -0.136917 -0.136163 -0.13541 -0.134658 -0.133906 -0.133154 -0.132403 -0.131653 -0.130904 -0.130155 -0.129407 -0.128659 -0.127912 -0.127165 -0.126419 -0.125674 -0.124929 -0.124185 -0.123442 -0.122699 -0.121956 -0.121215 -0.120473 -0.119733
-0.141584 -0.140826 -0.140068 -0.139311 -0.138555 -0.1378 -0.137045 -0.136291 -0.135537 -0.134784 -0.134032 -0.13328 -0.132529 -0.131778 -0.131029 -0.130279 -0.129531 -0.128782 -0.128035 -0.127288 -0.126542 -0.125796 -0.125051 -0.124307 -0.123563 -0.12282 -0.122077 -0.121335 -0.120594 -0.119853
-0.141714 -0.140955 -0.140198 -0.13944 -0.138684 -0.137928 -0.137173 -0.136418 -0.135664 -0.134911 -0.134158 -0.133406 -0.132654 -0.131903 -0.131153 -0.130403 -0.129654 -0.128906 -0.128158 -0.127411 -0.126664 -0.125918 -0.125173 -0.124428 -0.123684 -0.122941 -0.122198 -0.121455 -0.120713 -0.119972
-0.141844 -0.141085 -0.140327 -0.139569 -0.138812 -0.138056 -0.1373 -0.136545 -0.13579 -0.135037 -0.134284 -0.133531 -0.132779 -0.132028 -0.131277 -0.130527 -0.129778 -0.129029 -0.128281 -0.127533 -0.126786 -0.12604 -0.125294 -0.124549 -0.123805 -0.123061 -0.122318 -0.121575 -0.120833 -0.120092
-0.141974 -0.141214 -0.140456 -0.139698 -0.13894 -0.138183 -0.137427 -0.136672 -0.135917 -0.135163 -0.134409 -0.133656 -0.132904 -0.132152 -0.131401 -0.130651 -0.129901 -0.129152 -0.128403 -0.127655 -0.126908 -0.126161 -0.125415 -0.12467 -0.123925 -0.123181 -0.122437 -0.121694 -0.120952 -0.12021
-0.142103 -0.141343 -0.140584 -0.139826 -0.139068 -0.138311 -0.137554 -0.136798 -0.136043 -0.135288 -0.134534 -0.133781 -0.133028 -0.132276 -0.131525 -0.130774 -0.130024 -0.129274 -0.128525 -0.127777 -0.127029 -0.126282 -0.125536 -0.12479 -0.124045 -0.123301 -0.122557 -0.121814 -0.121071 -0.120329
-0.142233 -0.141472 -0.140713 -0.139954 -0.139196 -0.138438 -0.137681 -0.136924 -0.136169 -0.135414 -0.134659 -0.133905 -0.133152 -0.1324 -0.131648 -0.130897 -0.130146 -0.129396 -0.128647 -0.127898 -0.127151 -0.126403 -0.125656 -0.12491 -0.124165 -0.12342 -0.122676 -0.121932 -0.121189 -0.120447
-0.142362 -0.141601 -0.140841 -0.140082 -0.139323 -0.138565 -0.137807 -0.13705 -0.136294 -0.135539 -0.134784 -0.13403 -0.133276 -0.132523 -0.131771 -0.13102 -0.130269 -0.129518 -0.128769 -0.12802 -0.127271 -0.126524 -0.125777 -0.12503 -0.124284 -0.123539 -0.122795 -0.122051 -0.121308 -0.120565
