0.265556 0.265668 0.265781 0.265893 0.266006 0.266118 0.26623 0.266342 0.266454 0.266566 0.266678 0.266789 0.266901 0.267012 0.267123 0.267234 0.267345 0.267456 0.267566 0.267677 0.267787 0.267897 0.268007 0.268116 0.268225 0.268334 0.268443 0.268552 0.26866 0.268768
0.266265 0.266378 0.266491 0.266604 0.266717 0.26683 0.266943 0.267055 0.267168 0.26728 0.267392 0.267505 0.267617 0.267728 0.26784 0.267952 0.268063 0.268174 0.268285 0.268396 0.268507 0.268618 0.268728 0.268838 0.268948 0.269057 0.269167 0.269276 0.269385 0.269493
0.266974 0.267088 0.267202 0.267315 0.267428 0.267542 0.267655 0.267768 0.267881 0.267994 0.268107 0.268219 0.268332 0.268444 0.268556 0.268669 0.26878 0.268892 0.269004 0.269115 0.269227 0.269338 0.269449 0.269559 0.26967 0.26978 0.26989 0.27 0.270109 0.270218
0.267683 0.267797 0.267911 0.268025 0.268139 0.268253 0.268366 0.26848 0.268594 0.268707 0.26882 0.268933 0.269046 0.269159 0.269272 0.269385 0.269497 0.26961 0.269722 0.269834 0.269946 0.270057 0.270169 0.27028 0.270391 0.270502 0.270612 0.270723 0.270833 0.270943
0.268391 0.268505 0.26862 0.268734 0.268849 0.268963 0.269077 0.269192 0.269306 0.26942 0.269533 0.269647 0.269761 0.269874 0.269987 0.270101 0.270214 0.270327 0.270439 0.270552 0.270664 0.270777 0.270889 0.271 0.271112 0.271223 0.271335 0.271446 0.271556 0.271667
0.269098 0.269213 0.269328 0.269443 0.269558 0.269673 0.269788 0.269902 0.270017 0.270132 0.270246 0.27036 0.270474 0.270588 0.270702 0.270816 0.27093 0.271043 0.271156 0.27127 0.271383 0.271495 0.271608 0.27172 0.271833 0.271945 0.272056 0.272168 0.272279 0.27239
0.269805 0.26992 0.270036 0.270151 0.270267 0.270382 0.270498 0.270613 0.270728 0.270843 0.270958 0.271073 0.271187 0.271302 0.271416 0.271531 0.271645 0.271759 0.271873 0.271987 0.2721 0.272214 0.272327 0.27244 0.272553 0.272665 0.272778 0.27289 0.273002 0.273113
0.270511 0.270627 0.270743 0.270859 0.270975 0.271091 0.271207 0.271323 0.271438 0.271554 0.271669 0.271785 0.2719 0.272015 0.27213 0.272245 0.27236 0.272474 0.272589 0.272703 0.272817 0.272931 0.273045 0.273159 0.273272 0.273385 0.273499 0.273611 0.273724 0.273836
0.271217 0.271333 0.27145 0.271566 0.271683 0.271799 0.271916 0.272032 0.272148 0.272264 0.27238 0.272496 0.272612 0.272728 0.272843 0.272959 0.273074 0.273189 0.273304 0.273419 0.273534 0.273649 0.273763 0.273877 0.273991 0.274105 0.274219 0.274332 0.274446 0.274559
0.271922 0.272039 0.272156 0.272273 0.27239 0.272507 0.272624 0.272741 0.272858 0.272974 0.273091 0.273207 0.273324 0.27344 0.273556 0.273672 0.273788 0.273904 0.274019 0.274135 0.27425 0.274366 0.274481 0.274595 0.27471 0.274825 0.274939 0.275053 0.275167 0.275281
0.272626 0.272744 0.272862 0.272979 0.273097 0.273214 0.273332 0.273449 0.273566 0.273684 0.273801 0.273918 0.274035 0.274152 0.274268 0.274385 0.274501 0.274618 0.274734 0.27485 0.274966 0.275082 0.275198 0.275313 0.275428 0.275543 0.275658 0.275773 0.275888 0.276002
0.27333 0.273448 0.273567 0.273685 0.273803 0.273921 0.274039 0.274157 0.274275 0.274392 0.27451 0.274628 0.274745 0.274863 0.27498 0.275097 0.275214 0.275331 0.275448 0.275565 0.275681 0.275798 0.275914 0.27603 0.276146 0.276262 0.276377 0.276493 0.276608 0.276723
0.274033 0.274152 0.274271 0.27439 0.274508 0.274627 0.274745 0.274864 0.274982 0.275101 0.275219 0.275337 0.275455 0.275573 0.275691 0.275809 0.275927 0.276044 0.276162 0.276279 0.276396 0.276513 0.27663 0.276747 0.276863 0.27698 0.277096 0.277212 0.277328 0.277444
0.274736 0.274856 0.274975 0.275094 0.275213 0.275332 0.275452 0.275571 0.27569 0.275808 0.275927 0.276046 0.276165 0.276283 0.276402 0.27652 0.276638 0.276757 0.276875 0.276993 0.27711 0.277228 0.277346 0.277463 0.27758 0.277697 0.277814 0.277931 0.278048 0.278164
0.275438 0.275558 0.275678 0.275798 0.275918 0.276037 0.276157 0.276277 0.276396 0.276516 0.276635 0.276754 0.276874 0.276993 0.277112 0.277231 0.27735 0.277469 0.277587 0.277706 0.277824 0.277943 0.278061 0.278179 0.278297 0.278414 0.278532 0.278649 0.278767 0.278884
0.27614 0.276261 0.276381 0.276501 0.276622 0.276742 0.276862 0.276982 0.277102 0.277222 0.277342 0.277462 0.277582 0.277702 0.277822 0.277941 0.278061 0.27818 0.278299 0.278419 0.278538 0.278657 0.278775 0.278894 0.279013 0.279131 0.279249 0.279367 0.279485 0.279603
0.276841 0.276962 0.277083 0.277204 0.277325 0.277446 0.277566 0.277687 0.277808 0.277928 0.278049 0.27817 0.27829 0.27841 0.278531 0.278651 0.278771 0.278891 0.279011 0.279131 0.27925 0.27937 0.27949 0.279609 0.279728 0.279847 0.279966 0.280085 0.280203 0.280322
0.277542 0.277663 0.277785 0.277906 0.278028 0.278149 0.27827 0.278392 0.278513 0.278634 0.278755 0.278876 0.278997 0.279118 0.279239 0.27936 0.279481 0.279601 0.279722 0.279842 0.279963 0.280083 0.280203 0.280323 0.280443 0.280563 0.280683 0.280802 0.280921 0.28104
0.278242 0.278364 0.278486 0.278608 0.27873 0.278852 0.278974 0.279095 0.279217 0.279339 0.279461 0.279583 0.279704 0.279826 0.279947 0.280069 0.28019 0.280311 0.280433 0.280554 0.280675 0.280796 0.280916 0.281037 0.281158 0.281278 0.281398 0.281519 0.281639 0.281758
0.278941 0.279064 0.279186 0.279309 0.279431 0.279554 0.279676 0.279799 0.279921 0.280044 0.280166 0.280288 0.28041 0.280533 0.280655 0.280777 0.280899 0.281021 0.281143 0.281264 0.281386 0.281508 0.281629 0.28175 0.281872 0.281993 0.282114 0.282235 0.282355 0.282476
0.27964 0.279763 0.279886 0.280009 0.280132 0.280255 0.280379 0.280502 0.280625 0.280747 0.28087 0.280993 0.281116 0.281239 0.281362 0.281484 0.281607 0.28173 0.281852 0.281975 0.282097 0.282219 0.282341 0.282463 0.282585 0.282707 0.282829 0.28295 0.283072 0.283193
0.280338 0.280462 0.280585 0.280709 0.280833 0.280956 0.28108 0.281204 0.281327 0.281451 0.281574 0.281698 0.281821 0.281945 0.282068 0.282192 0.282315 0.282438 0.282561 0.282684 0.282807 0.28293 0.283053 0.283176 0.283298 0.283421 0.283543 0.283666 0.283788 0.28391
0.281036 0.28116 0.281284 0.281408 0.281533 0.281657 0.281781 0.281905 0.28203 0.282154 0.282278 0.282402 0.282526 0.28265 0.282774 0.282898 0.283022 0.283146 0.28327 0.283393 0.283517 0.283641 0.283764 0.283888 0.284011 0.284134 0.284257 0.28438 0.284503 0.284626
0.281733 0.281858 0.281982 0.282107 0.282232 0.282357 0.282482 0.282606 0.282731 0.282856 0.282981 0.283106 0.28323 0.283355 0.28348 0.283604 0.283729 0.283853 0.283978 0.284102 0.284226 0.284351 0.284475 0.284599 0.284723 0.284847 0.284971 0.285095 0.285218 0.285342
0.282429 0.282555 0.28268 0.282805 0.282931 0.283056 0.283182 0.283307 0.283432 0.283558 0.283683 0.283808 0.283934 0.284059 0.284184 0.28431 0.284435 0.28456 0.284685 0.28481 0.284935 0.28506 0.285185 0.28531 0.285435 0.28556 0.285684 0.285809 0.285933 0.286057
0.283125 0.283251 0.283377 0.283503 0.283629 0.283755 0.283881 0.284007 0.284133 0.284259 0.284385 0.284511 0.284637 0.284763 0.284889 0.285015 0.285141 0.285266 0.285392 0.285518 0.285644 0.285769 0.285895 0.286021 0.286146 0.286271 0.286397 0.286522 0.286647 0.286772
0.283821 0.283947 0.284074 0.2842 0.284327 0.284453 0.28458 0.284706 0.284833 0.28496 0.285086 0.285213 0.285339 0.285466 0.285592 0.285719 0.285846 0.285972 0.286099 0.286225 0.286352 0.286478 0.286604 0.28673 0.286857 0.286983 0.287109 0.287235 0.287361 0.287487
0.284515 0.284642 0.284769 0.284897 0.285024 0.285151 0.285278 0.285405 0.285532 0.28566 0.285787 0.285914 0.286041 0.286169 0.286296 0.286423 0.28655 0.286677 0.286805 0.286932 0.287059 0.287186 0.287313 0.28744 0.287567 0.287694 0.287821 0.287947 0.288074 0.288201
0.28521 0.285337 0.285465 0.285592 0.28572 0.285848 0.285976 0.286103 0.286231 0.286359 0.286487 0.286615 0.286743 0.286871 0.286998 0.287126 0.287254 0.287382 0.28751 0.287638 0.287766 0.287893 0.288021 0.288149 0.288277 0.288404 0.288532 0.288659 0.288787 0.288914
0.285903 0.286031 0.286159 0.286288 0.286416 0.286544 0.286673 0.286801 0.28693 0.287058 0.287186 0.287315 0.287444 0.287572 0.287701 0.287829 0.287958 0.288086 0.288215 0.288343 0.288472 0.2886 0.288729 0.288857 0.288986 0.289114 0.289242 0.289371 0.289499 0.289627
