37.762828
37.7628446667
37.7628613333
37.762878
37.7628946667
37.7629113333
37.762928
37.7629446667
37.7629613333
37.762978
37.7629946667
37.7630113333
37.763028
37.7630446667
37.7630613333
37.763078
37.7630946667
37.7631113333
37.763128
37.7631446667
37.7631613333
37.763178
37.7631946667
37.7632113333
37.763228
37.7632446667
37.7632613333
37.763278
37.7632946667
37.7633113333
37.763328
37.7633446667
37.7633613333
37.763378
37.7633946667
37.7634113333
37.763428
37.7634446667
37.7634613333
37.763478
