109.391142042
109.39114569
109.391149339
109.391152987
109.391156635
109.391160283
109.391163931
109.391167579
109.391171228
109.391174876
109.391178524
109.391182172
109.39118582
109.391189468
109.391193117
109.391196765
109.391200413
109.391204061
109.391207709
109.391211357
109.391215006
109.391218654
109.391222302
109.39122595
109.391229598
109.391233246
109.391236895
109.391240543
109.391244191
109.391247839
109.39112486
109.391128508
109.391132156
109.391135804
109.391139452
109.391143101
109.391146749
109.391150397
109.391154045
109.391157693
109.391161341
109.39116499
109.391168638
109.391172286
109.391175934
109.391179582
109.39118323
109.391186879
109.391190527
109.391194175
109.391197823
109.391201471
109.39120512
109.391208768
109.391212416
109.391216064
109.391219712
109.39122336
109.391227009
109.391230657
109.391107677
109.391111325
109.391114974
109.391118622
109.39112227
109.391125918
109.391129566
109.391133215
109.391136863
109.391140511
109.391144159
109.391147807
109.391151455
109.391155104
109.391158752
109.3911624
109.391166048
109.391169696
109.391173344
109.391176993
109.391180641
109.391184289
109.391187937
109.391191585
109.391195233
109.391198882
109.39120253
109.391206178
109.391209826
109.391213474
109.391090495
109.391094143
109.391097791
109.391101439
109.391105088
109.391108736
109.391112384
109.391116032
109.39111968
109.391123328
109.391126977
109.391130625
109.391134273
109.391137921
109.391141569
109.391145217
109.391148866
109.391152514
109.391156162
109.39115981
109.391163458
109.391167106
109.391170755
109.391174403
109.391178051
109.391181699
109.391185347
109.391188995
109.391192644
109.391196292
109.391073312
109.391076961
109.391080609
109.391084257
109.391087905
109.391091553
109.391095201
109.39109885
109.391102498
109.391106146
109.391109794
109.391113442
109.39111709
109.391120739
109.391124387
109.391128035
109.391131683
109.391135331
109.39113898
109.391142628
109.391146276
109.391149924
109.391153572
109.39115722
109.391160869
109.391164517
109.391168165
109.391171813
109.391175461
109.391179109
109.39105613
109.391059778
109.391063426
109.391067075
109.391070723
109.391074371
109.391078019
109.391081667
109.391085315
109.391088964
109.391092612
109.39109626
109.391099908
109.391103556
109.391107204
109.391110853
109.391114501
109.391118149
109.391121797
109.391125445
109.391129093
109.391132742
109.39113639
109.391140038
109.391143686
109.391147334
109.391150982
109.391154631
109.391158279
109.391161927
109.391038948
109.391042596
109.391046244
109.391049892
109.39105354
109.391057188
109.391060837
109.391064485
109.391068133
109.391071781
109.391075429
109.391079077
109.391082726
109.391086374
109.391090022
109.39109367
109.391097318
109.391100966
109.391104615
109.391108263
109.391111911
109.391115559
109.391119207
109.391122855
109.391126504
109.391130152
109.3911338
109.391137448
109.391141096
109.391144745
109.391021765
109.391025413
109.391029061
109.39103271
109.391036358
109.391040006
109.391043654
109.391047302
109.39105095
109.391054599
109.391058247
109.391061895
109.391065543
109.391069191
109.39107284
109.391076488
109.391080136
109.391083784
109.391087432
109.39109108
109.391094729
109.391098377
109.391102025
109.391105673
109.391109321
109.391112969
109.391116618
109.391120266
109.391123914
109.391127562
109.391004583
109.391008231
109.391011879
109.391015527
109.391019175
109.391022824
109.391026472
109.39103012
109.391033768
109.391037416
109.391041064
109.391044713
109.391048361
109.391052009
109.391055657
109.391059305
109.391062953
109.391066602
109.39107025
109.391073898
109.391077546
109.391081194
109.391084842
109.391088491
109.391092139
109.391095787
109.391099435
109.391103083
109.391106731
109.39111038
109.3909874
109.390991048
109.390994697
109.390998345
109.391001993
109.391005641
109.391009289
109.391012937
109.391016586
109.391020234
109.391023882
109.39102753
109.391031178
109.391034826
109.391038475
109.391042123
109.391045771
109.391049419
109.391053067
109.391056715
109.391060364
109.391064012
109.39106766
109.391071308
109.391074956
109.391078605
109.391082253
109.391085901
109.391089549
109.391093197
109.390970218
109.390973866
109.390977514
109.390981162
109.39098481
109.390988459
109.390992107
109.390995755
109.390999403
109.391003051
109.3910067
109.391010348
109.391013996
109.391017644
109.391021292
109.39102494
109.391028589
109.391032237
109.391035885
109.391039533
109.391043181
109.391046829
109.391050478
109.391054126
109.391057774
109.391061422
109.39106507
109.391068718
109.391072367
109.391076015
109.390953035
109.390956684
109.390960332
109.39096398
109.390967628
109.390971276
109.390974924
109.390978573
109.390982221
109.390985869
109.390989517
109.390993165
109.390996813
109.391000462
109.39100411
109.391007758
109.391011406
109.391015054
109.391018702
109.391022351
109.391025999
109.391029647
109.391033295
109.391036943
109.391040591
109.39104424
109.391047888
109.391051536
109.391055184
109.391058832
109.390935853
109.390939501
109.390943149
109.390946797
109.390950446
109.390954094
109.390957742
109.39096139
109.390965038
109.390968686
109.390972335
109.390975983
109.390979631
109.390983279
109.390986927
109.390990575
109.390994224
109.390997872
109.39100152
109.391005168
109.391008816
109.391012465
109.391016113
109.391019761
109.391023409
109.391027057
109.391030705
109.391034354
109.391038002
109.39104165
109.39091867
109.390922319
109.390925967
109.390929615
109.390933263
109.390936911
109.39094056
109.390944208
109.390947856
109.390951504
109.390955152
109.3909588
109.390962449
109.390966097
109.390969745
109.390973393
109.390977041
109.390980689
109.390984338
109.390987986
109.390991634
109.390995282
109.39099893
109.391002578
109.391006227
109.391009875
109.391013523
109.391017171
109.391020819
109.391024467
109.390901488
109.390905136
109.390908784
109.390912433
109.390916081
109.390919729
109.390923377
109.390927025
109.390930673
109.390934322
109.39093797
109.390941618
109.390945266
109.390948914
109.390952562
109.390956211
109.390959859
109.390963507
109.390967155
109.390970803
109.390974451
109.3909781
109.390981748
109.390985396
109.390989044
109.390992692
109.39099634
109.390999989
109.391003637
109.391007285
109.390884306
109.390887954
109.390891602
109.39089525
109.390898898
109.390902546
109.390906195
109.390909843
109.390913491
109.390917139
109.390920787
109.390924435
109.390928084
109.390931732
109.39093538
109.390939028
109.390942676
109.390946325
109.390949973
109.390953621
109.390957269
109.390960917
109.390964565
109.390968214
109.390971862
109.39097551
109.390979158
109.390982806
109.390986454
109.390990103
109.390867123
109.390870771
109.39087442
109.390878068
109.390881716
109.390885364
109.390889012
109.39089266
109.390896309
109.390899957
109.390903605
109.390907253
109.390910901
109.390914549
109.390918198
109.390921846
109.390925494
109.390929142
109.39093279
109.390936438
109.390940087
109.390943735
109.390947383
109.390951031
109.390954679
109.390958327
109.390961976
109.390965624
109.390969272
109.39097292
109.390849941
109.390853589
109.390857237
109.390860885
109.390864533
109.390868182
109.39087183
109.390875478
109.390879126
109.390882774
109.390886422
109.390890071
109.390893719
109.390897367
109.390901015
109.390904663
109.390908311
109.39091196
109.390915608
109.390919256
109.390922904
109.390926552
109.3909302
109.390933849
109.390937497
109.390941145
109.390944793
109.390948441
109.39095209
109.390955738
109.390832758
109.390836406
109.390840055
109.390843703
109.390847351
109.390850999
109.390854647
109.390858295
109.390861944
109.390865592
109.39086924
109.390872888
109.390876536
109.390880185
109.390883833
109.390887481
109.390891129
109.390894777
109.390898425
109.390902074
109.390905722
109.39090937
109.390913018
109.390916666
109.390920314
109.390923963
109.390927611
109.390931259
109.390934907
109.390938555
109.390815576
109.390819224
109.390822872
109.39082652
109.390830169
109.390833817
109.390837465
109.390841113
109.390844761
109.390848409
109.390852058
109.390855706
109.390859354
109.390863002
109.39086665
109.390870298
109.390873947
109.390877595
109.390881243
109.390884891
109.390888539
109.390892187
109.390895836
109.390899484
109.390903132
109.39090678
109.390910428
109.390914076
109.390917725
109.390921373
109.390798393
109.390802042
109.39080569
109.390809338
109.390812986
109.390816634
109.390820282
109.390823931
109.390827579
109.390831227
109.390834875
109.390838523
109.390842171
109.39084582
109.390849468
109.390853116
109.390856764
109.390860412
109.39086406
109.390867709
109.390871357
109.390875005
109.390878653
109.390882301
109.39088595
109.390889598
109.390893246
109.390896894
109.390900542
109.39090419
109.390781211
109.390784859
109.390788507
109.390792155
109.390795804
109.390799452
109.3908031
109.390806748
109.390810396
109.390814044
109.390817693
109.390821341
109.390824989
109.390828637
109.390832285
109.390835934
109.390839582
109.39084323
109.390846878
109.390850526
109.390854174
109.390857823
109.390861471
109.390865119
109.390868767
109.390872415
109.390876063
109.390879712
109.39088336
109.390887008
109.390764029
109.390767677
109.390771325
109.390774973
109.390778621
109.390782269
109.390785918
109.390789566
109.390793214
109.390796862
109.39080051
109.390804158
109.390807807
109.390811455
109.390815103
109.390818751
109.390822399
109.390826047
109.390829696
109.390833344
109.390836992
109.39084064
109.390844288
109.390847936
109.390851585
109.390855233
109.390858881
109.390862529
109.390866177
109.390869825
109.390746846
109.390750494
109.390754142
109.390757791
109.390761439
109.390765087
109.390768735
109.390772383
109.390776031
109.39077968
109.390783328
109.390786976
109.390790624
109.390794272
109.39079792
109.390801569
109.390805217
109.390808865
109.390812513
109.390816161
109.39081981
109.390823458
109.390827106
109.390830754
109.390834402
109.39083805
109.390841699
109.390845347
109.390848995
109.390852643
109.390729664
109.390733312
109.39073696
109.390740608
109.390744256
109.390747904
109.390751553
109.390755201
109.390758849
109.390762497
109.390766145
109.390769794
109.390773442
109.39077709
109.390780738
109.390784386
109.390788034
109.390791683
109.390795331
109.390798979
109.390802627
109.390806275
109.390809923
109.390813572
109.39081722
109.390820868
109.390824516
109.390828164
109.390831812
109.390835461
109.390712481
109.390716129
109.390719778
109.390723426
109.390727074
109.390730722
109.39073437
109.390738018
109.390741667
109.390745315
109.390748963
109.390752611
109.390756259
109.390759907
109.390763556
109.390767204
109.390770852
109.3907745
109.390778148
109.390781796
109.390785445
109.390789093
109.390792741
109.390796389
109.390800037
109.390803685
109.390807334
109.390810982
109.39081463
109.390818278
109.390695299
109.390698947
109.390702595
109.390706243
109.390709891
109.39071354
109.390717188
109.390720836
109.390724484
109.390728132
109.39073178
109.390735429
109.390739077
109.390742725
109.390746373
109.390750021
109.390753669
109.390757318
109.390760966
109.390764614
109.390768262
109.39077191
109.390775559
109.390779207
109.390782855
109.390786503
109.390790151
109.390793799
109.390797448
109.390801096
109.390678116
109.390681764
109.390685413
109.390689061
109.390692709
109.390696357
109.390700005
109.390703654
109.390707302
109.39071095
109.390714598
109.390718246
109.390721894
109.390725543
109.390729191
109.390732839
109.390736487
109.390740135
109.390743783
109.390747432
109.39075108
109.390754728
109.390758376
109.390762024
109.390765672
109.390769321
109.390772969
109.390776617
109.390780265
109.390783913
109.390660934
109.390664582
109.39066823
109.390671878
109.390675527
109.390679175
109.390682823
109.390686471
109.390690119
109.390693767
109.390697416
109.390701064
109.390704712
109.39070836
109.390712008
109.390715656
109.390719305
109.390722953
109.390726601
109.390730249
109.390733897
109.390737545
109.390741194
109.390744842
109.39074849
109.390752138
109.390755786
109.390759434
109.390763083
109.390766731
109.390643751
109.3906474
109.390651048
109.390654696
109.390658344
109.390661992
109.39066564
109.390669289
109.390672937
109.390676585
109.390680233
109.390683881
109.390687529
109.390691178
109.390694826
109.390698474
109.390702122
109.39070577
109.390709419
109.390713067
109.390716715
109.390720363
109.390724011
109.390727659
109.390731308
109.390734956
109.390738604
109.390742252
109.3907459
109.390749548
