16.0806 16.0522 16.0612 16.1262 16.1917 16.2231 16.2801 16.3724 16.4656 16.5524 16.6565 16.7693 16.8834 17.0234 17.1744 17.3024 17.432 17.6242 17.8215 17.9593 18.0989 18.3413 18.5824 18.7233 18.866 19.1529 19.4301 19.5644 19.7002 20.0176
15.7482 15.7309 15.7459 15.8335 15.922 15.9643 16.0286 16.1409 16.2546 16.353 16.4662 16.5979 16.7313 16.8848 17.0476 17.1944 17.3433 17.5522 17.7653 17.9227 18.0825 18.3467 18.6093 18.7711 18.9352 19.2515 19.5579 19.7142 19.8726 20.2293
15.3834 15.3791 15.4022 15.5102 15.6195 15.674 15.7469 15.8775 16.0099 16.1205 16.2435 16.3925 16.5439 16.7108 16.8855 17.0498 17.2169 17.4421 17.6708 17.8467 18.0256 18.3112 18.5949 18.7768 18.9617 19.3071 19.6425 19.8206 20.0014 20.3983
15.3274 15.3078 15.3151 15.4218 15.5298 15.5727 15.6337 15.7623 15.8927 15.9941 16.1076 16.2541 16.4029 16.5624 16.7294 16.8907 17.0547 17.2741 17.4969 17.6694 17.8449 18.127 18.4073 18.5857 18.767 19.1126 19.4489 19.6238 19.8012 20.205
15.2719 15.237 15.2291 15.3344 15.441 15.4727 15.5221 15.6488 15.7773 15.8698 15.974 16.118 16.2643 16.4166 16.5761 16.7345 16.8954 17.1093 17.3264 17.4957 17.6678 17.9464 18.2235 18.3985 18.5764 18.9221 19.2591 19.4308 19.605 20.0152
14.8586 14.8459 14.8526 14.9814 15.1122 15.1616 15.2239 15.3711 15.5208 15.6292 15.7464 15.91 16.0765 16.2452 16.4196 16.5981 16.7799 17.0132 17.2494 17.4408 17.6358 17.9399 18.2434 18.4439 18.6482 19.0297 19.4049 19.6069 19.8124 20.2746
14.4102 14.4226 14.4473 14.5965 14.7485 14.8172 14.8945 15.0598 15.2283 15.3533 15.4845 15.6655 15.8503 16.0353 16.2246 16.4214 16.6223 16.874 17.1285 17.3404 17.5568 17.8846 18.2129 18.4377 18.6671 19.0819 19.4929 19.7245 19.9608 20.4723
14.3071 14.3104 14.3258 14.4724 14.6215 14.6827 14.752 14.914 15.0792 15.1972 15.3212 15.4984 15.6791 15.8574 16.0399 16.2323 16.4285 16.6738 16.9217 17.1287 17.3399 17.6618 17.9843 18.2037 18.4276 18.8382 19.2456 19.4717 19.7024 20.214
14.2054 14.1999 14.2063 14.3503 14.4968 14.5505 14.6123 14.7711 14.9329 15.0443 15.1613 15.3347 15.5116 15.6835 15.8593 16.0474 16.2392 16.4782 16.7199 16.922 17.1283 17.4445 17.7615 17.9756 18.1942 18.6007 19.0045 19.2253 19.4505 19.962
13.7647 13.786 13.812 13.9762 14.1438 14.218 14.2957 14.4727 14.6535 14.7823 14.9142 15.1055 15.301 15.4902 15.6822 15.8895 16.1015 16.3604 16.6223 16.8469 17.0766 17.419 17.7645 18.0067 18.2545 18.6993 19.1464 19.4039 19.6672 20.2387
13.2933 13.3437 13.3924 13.5735 13.7589 13.8549 13.9504 14.1429 14.34 14.4867 14.6341 14.8411 15.053 15.2588 15.4665 15.6911 15.9211 16.1981 16.4787 16.7238 16.9751 17.3406 17.7115 17.9799 18.2552 18.7333 19.2188 19.5117 19.8121 20.4362
13.1516 13.1986 13.2439 13.4209 13.6019 13.6936 13.7849 13.9727 14.1648 14.3063 14.4485 14.6502 14.8566 15.056 15.2573 15.4758 15.6996 15.9688 16.2416 16.4798 16.7239 17.0802 17.4417 17.7022 17.9693 18.4366 18.9113 19.1954 19.4866 20.0988
13.013 13.0567 13.0988 13.2716 13.4483 13.536 13.6232 13.8065 13.9939 14.1304 14.2676 14.4641 14.6652 14.8585 15.0537 15.2664 15.4841 15.746 16.0112 16.2428 16.4801 16.8275 17.18 17.433 17.6923 18.1492 18.6135 18.8891 19.1716 19.7724
12.5961 12.6642 12.7257 12.913 13.1051 13.2117 13.3147 13.5118 13.7139 13.8665 14.0182 14.2292 14.4457 14.6546 14.8651 15.0944 15.3297 15.6094 15.8935 16.1457 16.4047 16.7757 17.155 17.4354 17.7236 18.216 18.7225 19.0369 19.3601 20.0196
12.1564 12.2499 12.3328 12.5318 12.7363 12.8623 12.9823 13.1909 13.4051 13.5736 13.7399 13.9633 14.1928 14.4163 14.6412 14.885 15.1356 15.4308 15.7316 16.0022 16.2807 16.6713 17.0733 17.3788 17.6935 18.2149 18.7565 19.1075 19.4696 20.1767
11.9923 12.0856 12.1688 12.3623 12.561 12.6847 12.8028 13.0054 13.2135 13.3778 13.5399 13.7567 13.9794 14.1964 14.4148 14.6511 14.8938 15.1798 15.4711 15.733 16.0023 16.38 16.7685 17.0635 17.3672 17.8703 18.3927 18.7307 19.0792 19.76
11.8325 11.9257 12.0092 12.1973 12.3904 12.512 12.6282 12.8251 13.0272 13.1875 13.3457 13.5562 13.7723 13.9831 14.1953 14.4244 14.6597 14.9369 15.2192 15.4727 15.7333 16.0987 16.4744 16.7595 17.0527 17.5385 18.0428 18.3686 18.7042 19.3601
11.4721 11.583 11.6822 11.8787 12.0808 12.2169 12.3463 12.5523 12.764 12.9369 13.1073 13.3282 13.5553 13.7785 14.0033 14.2452 14.4942 14.7852 15.0829 15.3532 15.6317 16.0154 16.4128 16.7214 17.0397 17.5532 18.0917 18.4527 18.8257 19.5286
11.0972 11.2257 11.3412 11.5441 11.7531 11.9034 12.0461 12.2592 12.4786 12.6635 12.8455 13.0749 13.3111 13.5452 13.7814 14.0341 14.2945 14.597 14.9075 15.1925 15.4865 15.8844 16.2989 16.6285 16.9692 17.5036 18.0688 18.4618 18.8692 19.6069
10.9269 11.0561 11.1729 11.3696 11.572 11.7206 11.8621 12.0686 12.2809 12.4617 12.6399 12.8618 13.0903 13.3175 13.5467 13.7909 14.0423 14.3342 14.6337 14.9084 15.1916 15.5737 15.9713 16.288 16.6152 17.1253 17.6642 18.0404 18.43 19.1291
10.7617 10.8915 11.0095 11.2002 11.3963 11.5433 11.6836 11.8837 12.0894 12.2663 12.4407 12.6556 12.8767 13.0973 13.3199 13.5559 13.7989 14.0807 14.3698 14.6348 14.9078 15.2748 15.6566 15.9613 16.2757 16.7631 17.2775 17.6378 18.0108 18.674
10.4687 10.6088 10.7376 10.9316 11.1313 11.2875 11.4372 11.642 11.8527 12.0379 12.2211 12.4423 12.6701 12.899 13.1306 13.3752 13.6273 13.9183 14.2179 14.4949 14.7807 15.1594 15.5555 15.8775 16.2106 16.7152 17.2515 17.6385 18.0399 18.7316
10.1685 10.3181 10.4569 10.6529 10.855 11.0195 11.178 11.386 11.6004 11.793 11.984 12.21 12.443 12.6787 12.9178 13.1692 13.4287 13.7266 14.0343 14.3212 14.6177 15.0045 15.4109 15.7478 16.0969 16.6128 17.1644 17.5746 18.001 18.711
10.004 10.1535 10.2929 10.4826 10.678 10.8405 10.9973 11.1985 11.4057 11.5938 11.7806 11.9989 12.2238 12.452 12.6836 12.926 13.1759 13.4623 13.7581 14.0339 14.3187 14.688 15.0757 15.3983 15.7324 16.221 16.7427 17.1334 17.5393 18.2048
9.84462 9.99407 10.134 10.3177 10.5068 10.6672 10.8223 11.017 11.2174 11.4013 11.5839 11.7949 12.0121 12.2333 12.4577 12.6915 12.9325 13.2081 13.4926 13.7579 14.0317 14.3846 14.7547 15.064 15.3839 15.8473 16.3412 16.7139 17.1006 17.7252
9.61503 9.76867 9.91448 10.0979 10.2868 10.4516 10.6122 10.8082 11.01 11.1981 11.386 11.5998 11.82 12.0454 12.275 12.5134 12.7594 13.0394 13.3295 13.6018 13.8832 14.2414 14.6182 14.938 15.2693 15.7395 16.2426 16.6311 17.035 17.6695
9.38349 9.54009 9.6904 9.87295 10.061 10.2291 10.3941 10.5905 10.7928 10.9841 11.1759 11.3915 11.6137 11.8419 12.0752 12.317 12.5665 12.8491 13.1427 13.4205 13.7077 14.0683 14.449 14.7771 15.1174 15.5904 16.0981 16.4995 16.9173 17.5555
9.23143 9.38674 9.53618 9.71281 9.89468 10.0598 10.2222 10.412 10.6075 10.7937 10.9807 11.1887 11.403 11.6235 11.8487 12.0815 12.3216 12.5926 12.8739 13.1405 13.4159 13.759 14.1208 14.4344 14.7593 15.2054 15.6835 16.0648 16.4613 17.0564
9.08422 9.23826 9.38679 9.55779 9.73375 9.89609 10.0558 10.2394 10.4284 10.6099 10.7921 10.993 11.1998 11.4129 11.6306 11.8549 12.0861 12.3461 12.6159 12.8719 13.1363 13.4631 13.8073 14.1073 14.4178 14.839 15.2896 15.6525 16.0293 16.5849
8.90658 9.06057 9.21105 9.37966 9.55317 9.71617 9.87805 10.0606 10.2485 10.4309 10.6151 10.8162 11.0232 11.2372 11.4567 11.6824 11.9151 12.1756 12.4468 12.7056 12.973 13.2999 13.6447 13.9491 14.2644 14.6846 15.1346 15.5037 15.8872 16.4395
