15.4832 15.5064 15.2264 14.956 14.968 14.9872 14.7316 14.4844 14.4931 14.5088 14.2752 14.0489 14.0548 14.0673 13.8535 13.6459 13.6493 13.6589 13.4628 13.2721 13.2733 13.2803 13.1 12.9245 12.9237 12.9282 12.7622 12.6003 12.5975 12.5997 12.4464 12.2968 12.2922 12.2921 12.1502 12.0115 12.0052 12.0028 11.8711 11.7421 11.734 11.7294 11.6067 11.4864 11.4766 11.4696 11.3549 11.2424 11.2307 11.2213 11.1136 11.0078 10.9942 10.9824 10.8808 10.7809 10.7652 10.7508 10.6544 10.5596 10.5417 10.5244 10.4324 10.342 10.3216 10.3012 10.2129 10.126 10.103 10.0793
15.8008 15.8222 15.5313 15.2505 15.2605 15.2776 15.0122 14.7556 14.7621 14.7754 14.533 14.2982 14.3016 14.3116 14.0898 13.8746 13.8754 13.8825 13.6792 13.4815 13.4801 13.4845 13.2977 13.1159 13.1125 13.1143 12.9424 12.7749 12.7695 12.7691 12.6105 12.4557 12.4486 12.4459 12.2992 12.1558 12.147 12.1422 12.0061 11.873 11.8625 11.8555 11.7288 11.6048 11.5927 11.5835 11.4652 11.3493 11.3354 11.3239 11.2131 11.1043 11.0886 11.0748 10.9703 10.8678 10.8502 10.8339 10.735 10.6378 10.6181 10.5991 10.505 10.4124 10.3904 10.3685 10.2783 10.1895 10.1651 10.14
16.1298 16.1493 15.8469 15.5553 15.5631 15.578 15.3023 15.0359 15.04 15.0509 14.7992 14.5555 14.5564 14.5639 14.3336 14.1103 14.1086 14.1129 13.902 13.6971 13.693 13.6946 13.501 13.3127 13.3065 13.3056 13.1276 12.9541 12.946 12.9428 12.7787 12.6185 12.6087 12.6034 12.4517 12.3035 12.2921 12.2846 12.1441 12.0066 11.9936 11.9841 11.8534 11.7255 11.7109 11.6994 11.5775 11.4581 11.4419 11.4282 11.3141 11.2022 11.1843 11.1684 11.0611 10.9558 10.9362 10.9179 10.8165 10.7169 10.6953 10.6745 10.5781 10.4834 10.4597 10.4362 10.344 10.2533 10.2273 10.2008
16.1907 16.2088 15.904 15.6101 15.6166 15.6302 15.3524 15.0841 15.087 15.0967 14.8433 14.598 14.5978 14.6042 14.3725 14.1479 14.1451 14.1486 13.9365 13.7304 13.7254 13.7262 13.5316 13.3423 13.3353 13.3336 13.1548 12.9805 12.9717 12.9678 12.803 12.6422 12.6317 12.6258 12.4735 12.3247 12.3127 12.3048 12.1637 12.0257 12.0122 12.0023 11.8712 11.7428 11.7278 11.7159 11.5936 11.4738 11.4573 11.4432 11.3288 11.2166 11.1984 11.1822 11.0746 10.969 10.9491 10.9306 10.8289 10.729 10.7072 10.6863 10.5896 10.4947 10.4708 10.4472 10.3547 10.2639 10.2377 10.2112
16.2521 16.2688 15.9615 15.6653 15.6704 15.6827 15.4029 15.1326 15.1343 15.1428 14.8877 14.6407 14.6394 14.6447 14.4117 14.1857 14.1819 14.1844 13.9711 13.7639 13.758 13.7579 13.5623 13.372 13.3642 13.3618 13.1821 13.007 12.9975 12.9929 12.8274 12.6659 12.6548 12.6482 12.4953 12.346 12.3335 12.325 12.1834 12.0449 12.0309 12.0205 11.8889 11.7602 11.7448 11.7324 11.6097 11.4896 11.4727 11.4583 11.3435 11.2309 11.2125 11.196 11.0881 10.9822 10.962 10.9433 10.8413 10.7412 10.7192 10.6981 10.6012 10.506 10.482 10.4582 10.3655 10.2744 10.2482 10.2215
16.5681 16.5827 16.2643 15.9576 15.9605 15.9705 15.6808 15.4011 15.4003 15.4063 15.1423 14.8869 14.883 14.8856 14.6446 14.411 14.4045 14.4043 14.1838 13.9698 13.9612 13.9584 13.7564 13.56 13.5495 13.5444 13.3589 13.1783 13.1661 13.159 12.9882 12.8218 12.8082 12.7991 12.6416 12.4878 12.4728 12.4619 12.3162 12.1738 12.1574 12.1447 12.0095 11.8772 11.8596 11.8451 11.7192 11.5959 11.577 11.5606 11.443 11.3276 11.3073 11.289 11.1786 11.0703 11.0484 11.0281 10.924 10.8218 10.7983 10.7758 10.677 10.58 10.5547 10.5298 10.4355 10.3429 10.3156 10.288
16.8943 16.9068 16.5769 16.2592 16.2599 16.2674 15.9673 15.6777 15.6744 15.6778 15.4045 15.1402 15.1337 15.1335 14.8842 14.6426 14.6334 14.6303 14.4024 14.1813 14.1698 14.1642 13.9555 13.7527 13.7394 13.7315 13.5401 13.3537 13.3388 13.3289 13.1528 12.9813 12.9649 12.9532 12.7909 12.6326 12.615 12.6015 12.4516 12.3051 12.2863 12.2712 12.1322 11.9963 11.9764 11.9596 11.8304 11.7039 11.6828 11.6644 11.5438 11.4256 11.4033 11.3832 11.2702 11.1594 11.1358 11.1138 11.0074 10.903 10.8779 10.854 10.7533 10.6544 10.6278 10.6016 10.5057 10.4116 10.3831 10.3544
16.9613 16.9723 16.6396 16.3194 16.3186 16.3247 16.0223 15.7306 15.726 15.7281 15.4529 15.1868 15.179 15.1778 14.9268 14.6837 14.6734 14.6693 14.4401 14.2177 14.2053 14.1987 13.9889 13.785 13.7708 13.7621 13.5697 13.3824 13.3667 13.3561 13.1792 13.0069 12.9899 12.9775 12.8145 12.6555 12.6373 12.6233 12.4727 12.3257 12.3063 12.2907 12.1512 12.0148 11.9944 11.9772 11.8476 11.7206 11.6991 11.6803 11.5593 11.4408 11.4181 11.3976 11.2843 11.1732 11.1492 11.127 11.0203 10.9156 10.8903 10.866 10.7651 10.666 10.6391 10.6127 10.5166 10.4222 10.3935 10.3647
17.0289 17.0384 16.7029 16.38 16.3777 16.3825 16.0778 15.7839 15.7779 15.7787 15.5016 15.2337 15.2247 15.2223 14.9697 14.7251 14.7137 14.7085 14.4779 14.2542 14.2408 14.2333 14.0224 13.8174 13.8024 13.7928 13.5994 13.4113 13.3948 13.3834 13.2057 13.0326 13.0149 13.0018 12.8382 12.6785 12.6597 12.6451 12.494 12.3463 12.3264 12.3103 12.1703 12.0334 12.0125 11.9948 11.8648 11.7374 11.7155 11.6962 11.5749 11.456 11.433 11.4121 11.2985 11.187 11.1628 11.1402 11.0332 10.9283 10.9026 10.8781 10.777 10.6776 10.6505 10.6238 10.5275 10.4329 10.404 10.375
17.3393 17.3464 17.0 16.6667 16.662 16.6641 16.3496 16.0464 16.0378 16.0359 15.75 15.4738 15.4621 15.4569 15.1965 14.9445 14.9303 14.9223 14.6847 14.4544 14.4382 14.4279 14.2108 13.9999 13.9821 13.9698 13.7709 13.5775 13.5583 13.5443 13.3617 13.1839 13.1636 13.1481 12.9801 12.8163 12.795 12.7781 12.6231 12.4718 12.4496 12.4313 12.288 12.1478 12.1248 12.1052 11.9722 11.842 11.8181 11.7971 11.6733 11.5519 11.5271 11.5048 11.3889 11.2754 11.2496 11.2257 11.1169 11.0102 10.9833 10.9578 10.8551 10.7543 10.7261 10.6987 10.6012 10.5054 10.4758 10.4463
17.6588 17.6635 17.3056 16.9615 16.9543 16.9537 16.629 16.3162 16.3049 16.3001 16.0051 15.7202 15.7057 15.6975 15.4291 15.1693 15.1523 15.1413 14.8965 14.6594 14.6403 14.627 14.4035 14.1865 14.1658 14.1507 13.9461 13.7472 13.7253 13.7085 13.5209 13.3383 13.3153 13.2972 13.1247 12.9566 12.9328 12.9134 12.7545 12.5994 12.5749 12.5543 12.4075 12.264 12.2388 12.2171 12.0811 11.948 11.9221 11.8993 11.7728 11.6489 11.6223 11.5983 11.4803 11.3646 11.3372 11.3119 11.2013 11.0928 11.0646 11.0378 10.9336 10.8313 10.8021 10.7738 10.6751 10.5781 10.5477 10.5175
17.7319 17.7351 17.3741 17.027 17.0183 17.0163 16.689 16.3737 16.361 16.3549 16.0578 15.7709 15.755 15.7457 15.4754 15.214 15.1957 15.1837 14.9374 14.6988 14.6787 14.6644 14.4396 14.2214 14.1998 14.1837 13.9781 13.7782 13.7554 13.7379 13.5494 13.3658 13.3421 13.3232 13.15 12.9812 12.9567 12.9366 12.7771 12.6213 12.5962 12.5751 12.4277 12.2837 12.2579 12.2357 12.0992 11.9656 11.9393 11.916 11.7891 11.6648 11.6378 11.6134 11.495 11.3789 11.3512 11.3255 11.2146 11.1057 11.0772 11.0501 10.9456 10.8431 10.8135 10.7849 10.686 10.5888 10.5581 10.5276
17.8057 17.8073 17.4431 17.0931 17.0828 17.0794 16.7494 16.4316 16.4175 16.4101 16.1108 15.8218 15.8047 15.7941 15.522 15.2588 15.2394 15.2262 14.9785 14.7384 14.7172 14.702 14.4759 14.2565 14.2339 14.217 14.0103 13.8093 13.7857 13.7673 13.5779 13.3935 13.369 13.3494 13.1754 13.0058 12.9807 12.9599 12.7998 12.6434 12.6177 12.5959 12.448 12.3034 12.2771 12.2544 12.1174 11.9834 11.9565 11.9327 11.8054 11.6807 11.6533 11.6284 11.5097 11.3933 11.3652 11.3391 11.2279 11.1187 11.0898 11.0624 10.9577 10.8548 10.825 10.7961 10.6969 10.5995 10.5685 10.5378
18.106 18.1049 17.7301 17.37 17.3571 17.3508 17.0114 16.6847 16.6677 16.6574 16.3497 16.0527 16.0327 16.0192 15.7396 15.4693 15.447 15.431 15.1766 14.9302 14.9061 14.888 14.6561 14.4311 14.4058 14.3861 14.1742 13.9683 13.942 13.921 13.7271 13.5383 13.5113 13.4892 13.3113 13.1378 13.1103 13.0873 12.9237 12.7639 12.736 12.7122 12.5613 12.4138 12.3855 12.3609 12.2213 12.0848 12.0562 12.0308 11.9013 11.7745 11.7456 11.7194 11.5988 11.4806 11.4512 11.4241 11.3114 11.2008 11.1709 11.1428 11.0369 10.933 10.9024 10.873 10.773 10.6749 10.6434 10.6126
18.4138 18.4102 18.0242 17.6537 17.6381 17.629 17.2798 16.9437 16.9239 16.9106 16.5941 16.2889 16.2659 16.2493 15.9621 15.6845 15.6592 15.6401 15.3789 15.126 15.099 15.0779 14.84 14.6092 14.581 14.5584 14.3413 14.1302 14.1012 14.0775 13.8789 13.6856 13.656 13.6314 13.4493 13.2719 13.242 13.2166 13.0494 12.8862 12.856 12.8301 12.676 12.5255 12.4952 12.4688 12.3265 12.1874 12.157 12.1299 11.9982 11.8692 11.8387 11.8111 11.6886 11.5687 11.5379 11.5097 11.3955 11.2835 11.2524 11.2234 11.1164 11.0114 10.98 10.9501 10.8493 10.7504 10.7184 10.6873
18.493 18.4878 18.0983 17.7245 17.7073 17.6967 17.3446 17.0058 16.9845 16.9698 16.6509 16.3435 16.3191 16.3013 16.012 15.7325 15.706 15.6857 15.4228 15.1683 15.1402 15.1181 14.8787 14.6466 14.6174 14.5939 14.3755 14.1634 14.1334 14.1089 13.9092 13.715 13.6846 13.6592 13.4763 13.298 13.2674 13.2413 13.0733 12.9095 12.8786 12.852 12.6974 12.5463 12.5154 12.4883 12.3455 12.2059 12.1749 12.1474 12.0152 11.8858 11.8547 11.8266 11.7038 11.5835 11.5523 11.5236 11.409 11.2967 11.2653 11.2358 11.1286 11.0233 10.9915 10.9612 10.8602 10.761 10.7287 10.6973
18.573 18.566 18.1731 17.796 17.7771 17.765 17.4099 17.0684 17.0456 17.0295 16.7081 16.3984 16.3727 16.3535 16.0622 15.7808 15.7531 15.7316 15.467 15.2109 15.1817 15.1585 14.9177 14.6843 14.654 14.6295 14.4099 14.1967 14.1658 14.1403 13.9397 13.7445 13.7133 13.6871 13.5033 13.3243 13.2928 13.2661 13.0974 12.9328 12.9013 12.874 12.7188 12.5671 12.5356 12.5079 12.3646 12.2245 12.193 12.1648 12.0322 11.9024 11.8708 11.8422 11.719 11.5983 11.5666 11.5375 11.4226 11.31 11.2781 11.2483 11.1407 11.0352 11.003 10.9723 10.8711 10.7716 10.739 10.7072
18.8578 18.8481 18.4451 18.0585 18.0368 18.0217 17.6577 17.3078 17.282 17.2628 16.9337 16.6165 16.5878 16.5655 16.2673 15.9793 15.9485 15.9241 15.6534 15.3915 15.3594 15.3333 15.0871 14.8485 14.8155 14.7882 14.564 14.3462 14.3127 14.2846 14.0799 13.8807 13.847 13.8184 13.6311 13.4486 13.4149 13.3859 13.2141 13.0466 13.013 12.9838 12.8259 12.6717 12.6383 12.609 12.4635 12.3212 12.2881 12.2586 12.1241 11.9925 11.9596 11.9299 11.8052 11.6831 11.6504 11.6204 11.5045 11.3908 11.3581 11.3278 11.2195 11.1132 11.0806 11.0497 10.9481 10.8483 10.8155 10.7839
19.1486 19.136 18.7226 18.3262 18.3017 18.2835 17.9104 17.5518 17.5231 17.5007 17.1635 16.8386 16.8069 16.7815 16.4761 16.1814 16.1476 16.12 15.8431 15.5752 15.5401 15.511 15.2593 15.0155 14.9796 14.9495 14.7204 14.498 14.4618 14.4311 14.2221 14.0188 13.9826 13.9516 13.7606 13.5746 13.5385 13.5073 13.3324 13.1617 13.126 13.0948 12.9343 12.7774 12.7421 12.7111 12.5633 12.4188 12.384 12.353 12.2167 12.0833 12.049 12.0181 11.892 11.7685 11.7346 11.7037 11.5867 11.4719 11.4384 11.4075 11.2985 11.1915 11.1583 11.1272 11.0253 10.9251 10.892 10.8606
19.2338 19.2194 18.8022 18.4022 18.376 18.3562 17.98 17.6184 17.5881 17.5643 17.2244 16.897 16.8638 16.8371 16.5295 16.2327 16.1976 16.1688 15.89 15.6204 15.584 15.5538 15.3006 15.0553 15.0183 14.9872 14.7568 14.5332 14.496 14.4643 14.2542 14.05 14.0128 13.9809 13.789 13.6022 13.5653 13.5333 13.3576 13.1862 13.1497 13.1178 12.9566 12.7992 12.7632 12.7314 12.5831 12.4382 12.4027 12.3711 12.2343 12.1005 12.0656 12.0341 11.9076 11.7837 11.7492 11.7179 11.6005 11.4854 11.4514 11.42 11.3107 11.2035 11.1698 11.1382 11.036 10.9356 10.9021 10.8702
19.3197 19.3037 18.8825 18.4789 18.451 18.4296 18.0501 17.6854 17.6535 17.6282 17.2857 16.9558 16.9212 16.893 16.5833 16.2843 16.2479 16.2178 15.9372 15.6658 15.6283 15.5969 15.3421 15.0954 15.0573 15.0251 14.7934 14.5686 14.5303 14.4977 14.2866 14.0813 14.0432 14.0104 13.8176 13.6299 13.5921 13.5594 13.3829 13.2108 13.1736 13.1409 12.9791 12.821 12.7843 12.7519 12.6031 12.4576 12.4214 12.3892 12.252 12.1177 12.0822 12.0501 11.9233 11.799 11.764 11.7321 11.6144 11.499 11.4644 11.4325 11.323 11.2154 11.1812 11.1492 11.0468 10.9462 10.9122 10.8799
19.5833 19.5642 19.134 18.7217 18.6909 18.6664 18.2789 17.9066 17.8717 17.8432 17.4936 17.157 17.1193 17.0881 16.7721 16.4672 16.4278 16.3947 16.1086 15.832 15.7916 15.7574 15.4978 15.2465 15.2056 15.1708 14.9349 14.706 14.6652 14.6301 14.4153 14.2066 14.1661 14.1311 13.9351 13.7444 13.7045 13.6697 13.4906 13.3159 13.2767 13.2423 13.0782 12.918 12.8796 12.8457 12.695 12.5478 12.5102 12.4768 12.3381 12.2024 12.1657 12.1328 12.0048 11.8795 11.8436 11.8111 11.6927 11.5766 11.5415 11.5094 11.3995 11.2916 11.2571 11.2253 11.1228 11.0222 10.9883 10.9565
19.8508 19.8288 19.3893 18.9682 18.9344 18.9068 18.5111 18.1311 18.0931 18.0614 17.7046 17.3611 17.3204 17.286 16.9636 16.6527 16.6103 16.5741 16.2824 16.0005 15.9571 15.92 15.6556 15.3995 15.3559 15.3182 15.0781 14.8452 14.8017 14.7641 14.5456 14.3333 14.2904 14.253 14.0539 13.8601 13.8179 13.781 13.5992 13.422 13.3808 13.3445 13.1782 13.0158 12.9756 12.9401 12.7876 12.6386 12.5995 12.5648 12.4247 12.2876 12.2497 12.2158 12.0868 11.9604 11.9235 11.8904 11.7713 11.6545 11.6188 11.5863 11.4761 11.3679 11.3331 11.3013 11.1989 11.0984 11.0645 11.0331
19.9416 19.9178 19.4741 19.0491 19.0136 18.9842 18.585 18.2018 18.1622 18.129 17.7692 17.423 17.3808 17.345 17.0202 16.7071 16.6632 16.6258 16.3321 16.0483 16.0036 15.9653 15.6992 15.4416 15.3968 15.358 15.1165 14.8823 14.8378 14.7991 14.5795 14.3661 14.3222 14.2838 14.0838 13.8891 13.846 13.8082 13.6256 13.4476 13.4056 13.3685 13.2015 13.0385 12.9975 12.9613 12.8082 12.6586 12.6188 12.5834 12.4429 12.3053 12.2667 12.2321 12.1027 11.976 11.9385 11.9048 11.7853 11.6682 11.6319 11.5989 11.4883 11.3799 11.3445 11.3122 11.2095 11.1087 11.0743 11.0425
20.0332 20.0076 19.5596 19.1307 19.0933 19.0623 18.6596 18.2731 18.2318 18.197 17.8343 17.4855 17.4417 17.4044 17.0772 16.7618 16.7165 16.6777 16.382 16.0964 16.0504 16.0108 15.7431 15.4839 15.4379 15.3981 15.1552 14.9196 14.874 14.8342 14.6135 14.399 14.3541 14.3148 14.1138 13.9181 13.8742 13.8355 13.6521 13.4733 13.4304 13.3926 13.2249 13.0612 13.0195 12.9825 12.8289 12.6787 12.6382 12.6021 12.4611 12.323 12.2838 12.2486 12.1188 11.9916 11.9535 11.9192 11.7994 11.682 11.645 11.6114 11.5006 11.3919 11.356 11.323 11.2202 11.1192 11.0842 11.0518
20.269 20.2404 19.7846 19.3483 19.308 19.2739 18.8643 18.4712 18.4269 18.389 18.0203 17.6656 17.6188 17.5785 17.246 16.9254 16.8773 16.8355 16.5351 16.245 16.1963 16.1538 15.882 15.619 15.5703 15.5278 15.2814 15.0424 14.9944 14.9522 14.7284 14.511 14.4639 14.4224 14.2188 14.0207 13.9746 13.9341 13.7485 13.5676 13.5229 13.4834 13.314 13.1486 13.1053 13.067 12.9119 12.7604 12.7187 12.6815 12.5394 12.4004 12.3601 12.3242 12.1937 12.0659 12.0271 11.9924 11.8723 11.7545 11.7172 11.6835 11.5728 11.464 11.4281 11.3955 11.2931 11.1924 11.1577 11.1261
20.507 20.4753 20.0117 19.568 19.5247 19.4874 19.0708 18.6712 18.6239 18.5828 18.2079 17.8475 17.7977 17.7542 17.4163 17.0907 17.0395 16.9947 16.6896 16.395 16.3434 16.2981 16.0222 15.7552 15.7038 15.6587 15.4087 15.1663 15.1157 15.0711 14.8442 14.6239 14.5744 14.5307 14.3245 14.1239 14.0757 14.0332 13.8455 13.6625 13.6159 13.5748 13.4035 13.2364 13.1915 13.1518 12.9954 12.8425 12.7994 12.7612 12.6181 12.478 12.4367 12.4 12.2688 12.1403 12.1008 12.0656 11.9452 11.8271 11.7893 11.7556 11.6449 11.5362 11.5002 11.4679 11.3659 11.2656 11.2312 11.2003
20.6029 20.5693 20.1012 19.6533 19.6082 19.5691 19.1488 18.7457 18.6967 18.6539 18.276 17.9127 17.8613 17.8163 17.4758 17.1478 17.0952 17.049 16.7418 16.4452 16.3922 16.3457 16.068 15.7993 15.7467 15.7003 15.4489 15.2051 15.1534 15.1077 14.8796 14.6581 14.6076 14.5629 14.3557 14.1541 14.105 14.0615 13.8729 13.6891 13.6417 13.5996 13.4277 13.2599 13.2142 13.1736 13.0166 12.8632 12.8193 12.7803 12.6367 12.4962 12.4541 12.4167 12.2851 12.1563 12.116 12.0802 11.9594 11.841 11.8025 11.7682 11.6572 11.5482 11.5115 11.4786 11.3764 11.2759 11.2409 11.2093
20.6996 20.6642 20.1915 19.7393 19.6923 19.6515 19.2275 18.8208 18.7701 18.7257 18.3446 17.9783 17.9253 17.8788 17.5358 17.2053 17.1512 17.1036 16.7943 16.4956 16.4413 16.3935 16.114 15.8437 15.7898 15.7423 15.4894 15.2442 15.1913 15.1445 14.9152 14.6925 14.6409 14.5952 14.387 14.1844 14.1343 14.0899 13.9005 13.7159 13.6675 13.6246 13.452 13.2835 13.2369 13.1956 13.038 12.884 12.8393 12.7995 12.6554 12.5144 12.4716 12.4335 12.3015 12.1722 12.1313 12.0947 11.9737 11.8549 11.8158 11.7808 11.6695 11.5602 11.5229 11.4894 11.3869 11.2862 11.2505 11.2184
20.9011 20.8627 20.384 19.9261 19.8762 19.8323 19.4028 18.9911 18.9373 18.8899 18.5041 18.1332 18.0773 18.0277 17.6805 17.346 17.2891 17.2386 16.9256 16.6234 16.5664 16.5158 16.2332 15.9597 15.9033 15.8533 15.5976 15.3497 15.2945 15.2454 15.0138 14.7888 14.735 14.6873 14.4771 14.2726 14.2206 14.1745 13.9834 13.7972 13.7472 13.7028 13.5288 13.3591 13.3112 13.2686 13.1101 12.9551 12.9093 12.8687 12.7239 12.5824 12.5387 12.5 12.3677 12.2381 12.1966 12.1599 12.0388 11.9201 11.8807 11.8459 11.735 11.6261 11.5888 11.5558 11.4541 11.3541 11.3189 11.2877
21.1029 21.0615 20.5767 20.1131 20.0604 20.0134 19.5786 19.1617 19.1051 19.0545 18.664 18.2886 18.2297 18.1772 17.8258 17.4873 17.4275 17.3741 17.0574 16.7517 16.692 16.6386 16.3528 16.0762 16.0172 15.9647 15.7062 15.4557 15.398 15.3467 15.1126 14.8854 14.8295 14.7797 14.5675 14.3611 14.3071 14.2592 14.0665 13.8788 13.827 13.7811 13.6059 13.4349 13.3855 13.3417 13.1822 13.0264 12.9794 12.9378 12.7925 12.6503 12.6057 12.5664 12.4339 12.3041 12.2619 12.2249 12.1039 11.9853 11.9456 11.9109 11.8004 11.6919 11.6547 11.6222 11.5212 11.4219 11.3872 11.3569
21.2032 21.1599 20.6703 20.2022 20.1476 20.0988 19.6601 19.2395 19.1811 19.1289 18.735 18.3566 18.2961 18.242 17.8879 17.5468 17.4855 17.4307 17.1117 16.8039 16.7428 16.6881 16.4004 16.1221 16.0619 16.008 15.748 15.4961 15.4372 15.3847 15.1494 14.921 14.8639 14.8131 14.5998 14.3924 14.3374 14.2885 14.0949 13.9063 13.8536 13.8067 13.6308 13.4592 13.4088 13.3642 13.2041 13.0477 12.9998 12.9574 12.8116 12.669 12.6236 12.5835 12.4505 12.3203 12.2774 12.2396 12.1183 11.9993 11.9589 11.9234 11.8127 11.7039 11.666 11.6328 11.5316 11.4321 11.3966 11.3657
21.3044 21.2591 20.7647 20.2921 20.2356 20.185 19.7422 19.3179 19.2577 19.2038 18.8066 18.4251 18.363 18.3073 17.9504 17.6068 17.544 17.4877 17.1665 16.8565 16.7939 16.7379 16.4483 16.1683 16.1067 16.0516 15.7901 15.5366 15.4766 15.4229 15.1863 14.9567 14.8985 14.8465 14.6322 14.4238 14.3678 14.3178 14.1234 13.934 13.8803 13.8325 13.6558 13.4835 13.4322 13.3867 13.226 13.069 13.0203 12.9771 12.8308 12.6876 12.6414 12.6006 12.4672 12.3366 12.2929 12.2544 12.1327 12.0134 11.9723 11.936 11.825 11.716 11.6773 11.6434 11.542 11.4423 11.4061 11.3745
21.465 21.4169 20.9186 20.4423 20.383 20.3294 19.8831 19.4554 19.3925 19.3356 18.9352 18.5505 18.4857 18.4271 18.0673 17.7209 17.6554 17.5964 17.2726 16.9602 16.8951 16.8365 16.5447 16.2625 16.1985 16.1411 15.8776 15.6223 15.56 15.5043 15.266 15.0348 14.9746 14.9208 14.7051 14.4954 14.4376 14.3861 14.1906 14.0002 13.9449 13.8958 13.7184 13.5453 13.4928 13.4462 13.285 13.1276 13.0778 13.0339 12.8873 12.744 12.697 12.6557 12.5225 12.3919 12.3478 12.3092 12.1879 12.069 12.0277 11.9917 11.8814 11.773 11.7346 11.7013 11.601 11.5023 11.4666 11.4361
21.6243 21.5733 21.0712 20.5913 20.5294 20.4729 20.0231 19.592 19.5264 19.4666 19.063 18.6754 18.6078 18.5464 18.1838 17.8346 17.7665 17.7048 17.3785 17.0636 16.996 16.9349 16.6408 16.3564 16.2901 16.2303 15.9649 15.7078 15.6433 15.5854 15.3456 15.1128 15.0506 14.9949 14.7779 14.5669 14.5074 14.4542 14.2577 14.0662 14.0094 13.959 13.7808 13.607 13.5532 13.5055 13.3439 13.186 13.1352 13.0904 12.9438 12.8002 12.7525 12.7107 12.5776 12.4471 12.4025 12.3638 12.2429 12.1244 12.0829 12.0472 11.9376 11.83 11.7917 11.759 11.6598 11.5621 11.527 11.4975
21.728 21.6751 21.168 20.6834 20.6196 20.5613 20.1074 19.6724 19.605 19.5435 19.1365 18.7456 18.6764 18.6134 18.248 17.8962 17.8265 17.7633 17.4346 17.1176 17.0485 16.986 16.69 16.4038 16.3361 16.2751 16.0081 15.7494 15.6837 15.6246 15.3835 15.1494 15.0861 15.0293 14.8112 14.5992 14.5385 14.4843 14.2868 14.0946 14.0368 13.9853 13.8064 13.6319 13.5771 13.5285 13.3663 13.2078 13.1561 13.1104 12.9633 12.8192 12.7707 12.7281 12.5945 12.4636 12.4182 12.3787 12.2575 12.1386 12.0964 12.0598 11.95 11.8421 11.803 11.7696 11.6701 11.5722 11.5363 11.506
21.8327 21.7779 21.2657 20.7764 20.7106 20.6505 20.1924 19.7535 19.6843 19.621 19.2106 18.8165 18.7455 18.6809 18.3126 17.9582 17.8869 17.8222 17.4912 17.1719 17.1013 17.0375 16.7395 16.4515 16.3824 16.3201 16.0515 15.7913 15.7243 15.664 15.4216 15.1862 15.1217 15.0638 14.8446 14.6315 14.5698 14.5145 14.3162 14.123 14.0642 14.0117 13.8321 13.6568 13.6011 13.5516 13.3887 13.2296 13.177 13.1305 12.9828 12.8383 12.7889 12.7454 12.6115 12.4802 12.4339 12.3936 12.2721 12.1528 12.1098 12.0725 11.9624 11.8542 11.8143 11.7801 11.6804 11.5824 11.5457 11.5146
21.9465 21.889 21.3754 20.8847 20.8166 20.7537 20.2941 19.8538 19.7821 19.7161 19.3042 18.9086 18.8352 18.768 18.3983 18.0424 17.9687 17.9015 17.5691 17.2486 17.1757 17.1095 16.8103 16.5211 16.4499 16.3854 16.1158 15.8546 15.7857 15.7234 15.4801 15.2439 15.1776 15.118 14.8982 14.6844 14.6211 14.5643 14.3656 14.172 14.1118 14.0581 13.8783 13.7028 13.6459 13.5954 13.4326 13.2734 13.2199 13.1728 13.0253 12.881 12.8309 12.7871 12.6536 12.5228 12.4762 12.4358 12.315 12.1965 12.1533 12.1164 12.0073 11.9 11.8604 11.8269 11.7285 11.6317 11.5956 11.5656
22.0574 21.9975 21.4826 20.9907 20.9203 20.8549 20.3939 19.9522 19.8782 19.8096 19.3963 18.9993 18.9235 18.8537 18.4826 18.1254 18.0494 17.9797 17.6461 17.3243 17.2492 17.1806 16.8803 16.5901 16.5167 16.45 16.1795 15.9173 15.8464 15.7822 15.5381 15.3012 15.233 15.1717 14.9513 14.7369 14.672 14.6138 14.4146 14.2206 14.159 14.1041 13.9241 13.7484 13.6903 13.639 13.4761 13.317 13.2625 13.2148 13.0675 12.9234 12.8727 12.8286 12.6955 12.5651 12.5182 12.4777 12.3577 12.2398 12.1966 12.16 12.0519 11.9456 11.9062 11.8734 11.7764 11.6808 11.6453 11.6164
22.1635 22.1017 21.5817 21.0849 21.0127 20.9454 20.4802 20.0345 19.9587 19.8883 19.4715 19.0713 18.9938 18.9224 18.5484 18.1884 18.1108 18.0396 17.7036 17.3796 17.303 17.233 16.9308 16.6386 16.5639 16.4959 16.2237 15.96 15.8878 15.8223 15.5769 15.3386 15.2693 15.2068 14.9853 14.7699 14.7038 14.6445 14.4444 14.2496 14.1869 14.1311 13.9502 13.7738 13.7147 13.6624 13.4989 13.3392 13.2838 13.2352 13.0874 12.9428 12.8912 12.8462 12.7127 12.5819 12.5341 12.4928 12.3724 12.2543 12.2102 12.1727 12.0643 11.9578 11.9176 11.884 11.7867 11.691 11.6546 11.6249
22.2707 22.2069 21.6817 21.1801 21.1058 21.0367 20.5672 20.1175 20.0398 19.9677 19.5474 19.1438 19.0646 18.9915 18.6146 18.2519 18.1727 18.1 17.7616 17.4352 17.3571 17.2857 16.9815 16.6874 16.6113 16.542 16.2681 16.0029 15.9293 15.8627 15.6158 15.3763 15.3058 15.2422 15.0195 14.803 14.7358 14.6755 14.4744 14.2786 14.2149 14.1581 13.9765 13.7993 13.7392 13.686 13.5219 13.3615 13.3052 13.2556 13.1073 12.9622 12.9097 12.8638 12.7299 12.5987 12.55 12.5079 12.3872 12.2687 12.2238 12.1855 12.0768 11.97 11.929 11.8945 11.797 11.7011 11.6639 11.6334
22.3325 22.2665 21.7427 21.2422 21.166 21.0946 20.6258 20.1768 20.0971 20.0227 19.6027 19.1995 19.1181 19.0427 18.6659 18.3034 18.2221 18.1471 17.8087 17.4823 17.4022 17.3287 17.0244 16.7302 16.6522 16.5809 16.307 16.0417 15.9664 15.898 15.6511 15.4116 15.3395 15.2743 15.0517 14.8353 14.7666 14.705 14.5041 14.3085 14.2436 14.1856 14.0043 13.8274 13.7664 13.7123 13.5486 13.3887 13.3316 13.2815 13.1338 12.9893 12.9362 12.8901 12.757 12.6265 12.5775 12.5354 12.4157 12.2982 12.2532 12.2152 12.1078 12.0022 11.9614 11.9276 11.8317 11.7372 11.7006 11.6711
22.3904 22.3224 21.8002 21.3011 21.2231 21.1496 20.6817 20.2335 20.1518 20.0752 19.6558 19.2529 19.1696 19.092 18.7155 18.3531 18.2698 18.1926 17.8543 17.528 17.4459 17.3703 17.0661 16.7719 16.692 16.6189 16.345 16.0796 16.0026 15.9324 15.6856 15.4461 15.3724 15.3057 15.0832 14.8669 14.7969 14.7339 14.5333 14.3378 14.2717 14.2127 14.0317 13.8552 13.7931 13.7382 13.575 13.4155 13.3577 13.3069 13.1599 13.016 12.9624 12.9159 12.7837 12.654 12.6047 12.5626 12.4439 12.3274 12.2824 12.2447 12.1386 12.0342 11.9936 11.9605 11.866 11.773 11.737 11.7085
22.4977 22.4278 21.9004 21.3965 21.3166 21.2412 20.7691 20.3169 20.2334 20.1551 19.7321 19.3259 19.2409 19.1617 18.7822 18.4171 18.3322 18.2535 17.9128 17.5841 17.5006 17.4236 17.1173 16.8212 16.7399 16.6655 16.3899 16.123 16.0446 15.9733 15.7251 15.4843 15.4093 15.3415 15.1179 14.9005 14.8293 14.7652 14.5636 14.3673 14.3001 14.2401 14.0583 13.881 13.8179 13.762 13.5982 13.4381 13.3793 13.3276 13.1801 13.0357 12.9811 12.9338 12.8011 12.6711 12.6208 12.5779 12.4588 12.342 12.2961 12.2576 12.1512 12.0465 12.0051 11.9711 11.8765 11.7833 11.7464 11.717
22.6061 22.5343 22.0016 21.4927 21.4109 21.3337 20.8572 20.401 20.3157 20.2356 19.809 19.3995 19.3127 19.2319 18.8494 18.4815 18.3949 18.3148 17.9716 17.6406 17.5555 17.4771 17.1688 16.8709 16.7881 16.7123 16.4351 16.1666 16.0869 16.0143 15.7648 15.5226 15.4464 15.3774 15.1527 14.9341 14.8618 14.7967 14.5941 14.3969 14.3286 14.2675 14.085 13.907 13.8428 13.786 13.6215 13.4608 13.401 13.3484 13.2004 13.0555 13.0 12.9517 12.8186 12.6882 12.637 12.5932 12.4738 12.3566 12.3099 12.2705 12.1638 12.0589 12.0166 11.9818 11.8869 11.7935 11.7557 11.7255
22.6122 22.5388 22.0104 21.5054 21.4223 21.3432 20.87 20.4166 20.3297 20.2477 19.8235 19.4161 19.3277 19.2449 18.8643 18.4979 18.4097 18.3276 17.9858 17.6561 17.5693 17.4891 17.1819 16.885 16.8006 16.7231 16.4468 16.1792 16.098 16.0238 15.7751 15.5338 15.4562 15.3858 15.1619 14.9441 14.8705 14.8043 14.6025 14.406 14.3367 14.2747 14.093 13.9157 13.8507 13.7931 13.6296 13.4697 13.4092 13.3562 13.2091 13.0651 13.0092 12.9607 12.8287 12.6993 12.6479 12.6041 12.4859 12.3699 12.3232 12.2841 12.1788 12.0753 12.0333 11.999 11.9058 11.8139 11.7767 11.7474
22.614 22.5392 22.0153 21.5144 21.4301 21.3494 20.8795 20.4292 20.3408 20.2571 19.8354 19.4303 19.3403 19.2557 18.877 18.5124 18.4225 18.3387 17.9983 17.67 17.5816 17.4997 17.1936 16.8978 16.8119 16.7328 16.4574 16.1907 16.1081 16.0324 15.7846 15.5441 15.4652 15.3935 15.1704 14.9534 14.8786 14.8112 14.6103 14.4146 14.3442 14.2813 14.1005 13.924 13.8582 13.7999 13.6373 13.4783 13.4171 13.3636 13.2175 13.0745 13.0181 12.9694 12.8385 12.7101 12.6585 12.6147 12.4979 12.383 12.3363 12.2975 12.1937 12.0915 12.0497 12.016 11.9244 11.8342 11.7974 11.7691
22.7212 22.6445 22.1154 21.6097 21.5237 21.4412 20.967 20.5127 20.4227 20.3373 19.912 19.5036 19.4119 19.3258 18.9441 18.5767 18.4853 18.3999 18.0572 17.7265 17.6366 17.5533 17.2453 16.9475 16.8602 16.7798 16.5028 16.2345 16.1505 16.0737 15.8245 15.5826 15.5025 15.4297 15.2054 14.9873 14.9114 14.8429 14.641 14.4444 14.3729 14.309 14.1274 13.9502 13.8833 13.8241 13.6608 13.5012 13.439 13.3846 13.238 13.0945 13.0371 12.9875 12.8562 12.7274 12.6749 12.6302 12.513 12.3979 12.3502 12.3106 12.2064 12.104 12.0614 12.0268 11.935 11.8446 11.8069 11.7777
22.8293 22.7509 22.2165 21.706 21.618 21.5338 21.0553 20.5969 20.5051 20.4181 19.9892 19.5774 19.4841 19.3963 19.0117 18.6415 18.5485 18.4616 18.1164 17.7834 17.692 17.6073 17.2972 16.9975 16.9088 16.8271 16.5484 16.2785 16.1932 16.1151 15.8645 15.6213 15.54 15.466 15.2405 15.0214 14.9443 14.8747 14.6719 14.4744 14.4018 14.3368 14.1544 13.9764 13.9086 13.8483 13.6844 13.5242 13.461 13.4056 13.2585 13.1145 13.0562 13.0056 12.8739 12.7448 12.6913 12.6457 12.5282 12.4127 12.3642 12.3236 12.2193 12.1166 12.073 12.0376 11.9456 11.855 11.8164 11.7863
22.778 22.6985 22.1714 21.6675 21.5788 21.4934 21.0204 20.5672 20.4744 20.3859 19.9614 19.5536 19.4591 19.3698 18.9886 18.6216 18.5273 18.4389 18.0964 17.766 17.6733 17.587 17.2792 16.9816 16.8917 16.8085 16.5317 16.2636 16.1771 16.0977 15.8488 15.6072 15.5247 15.4495 15.2256 15.0078 14.9297 14.8592 14.6578 14.4615 14.3881 14.3223 14.1413 13.9645 13.8959 13.8351 13.6725 13.5135 13.4498 13.3939 13.2482 13.1054 13.0467 12.9959 12.8656 12.7377 12.6841 12.6385 12.5224 12.4083 12.3598 12.3194 12.2166 12.1154 12.072 12.0371 11.9468 11.8578 11.8196 11.7902
22.7225 22.6423 22.1226 21.6254 21.5362 21.4497 20.9825 20.5345 20.4408 20.3511 19.931 19.5273 19.4318 19.3411 18.9634 18.5997 18.5042 18.4144 18.0748 17.747 17.6531 17.5654 17.26 16.9645 16.8733 16.7888 16.514 16.2478 16.1601 16.0795 15.8323 15.5922 15.5086 15.4324 15.21 14.9937 14.9146 14.8431 14.6431 14.4483 14.374 14.3074 14.1277 13.9523 13.883 13.8215 13.6602 13.5025 13.4383 13.3821 13.2376 13.0961 13.037 12.9861 12.8571 12.7306 12.6767 12.6311 12.5165 12.4038 12.3552 12.3151 12.2139 12.1142 12.071 12.0365 11.9479 11.8605 11.8228 11.7941
22.828 22.7462 22.2215 21.7196 21.6288 21.5406 21.0692 20.6173 20.522 20.4306 20.0071 19.6001 19.503 19.4108 19.0303 18.6638 18.5668 18.4755 18.1335 17.8034 17.7081 17.6191 17.3116 17.0143 16.9217 16.8359 16.5595 16.2916 16.2026 16.1208 15.8722 15.6309 15.5461 15.4687 15.2452 15.0278 14.9476 14.875 14.6741 14.4783 14.4029 14.3353 14.1548 13.9787 13.9083 13.8459 13.684 13.5257 13.4604 13.4032 13.2583 13.1163 13.0563 13.0044 12.875 12.7481 12.6933 12.6468 12.5319 12.4189 12.3694 12.3284 12.2269 12.127 12.0828 12.0475 11.9587 11.8711 11.8325 11.803
22.9346 22.851 22.3212 21.8146 21.7221 21.6322 21.1566 20.7007 20.6038 20.5108 20.0837 19.6735 19.5748 19.481 19.0975 18.7283 18.6298 18.537 18.1926 17.8602 17.7634 17.673 17.3635 17.0643 16.9703 16.8833 16.6051 16.3357 16.2454 16.1624 15.9124 15.6697 15.5837 15.5052 15.2805 15.062 14.9806 14.907 14.7051 14.5084 14.4319 14.3633 14.1821 14.0051 13.9337 13.8703 13.7078 13.5489 13.4826 13.4245 13.279 13.1366 13.0756 13.0228 12.893 12.7657 12.7099 12.6626 12.5473 12.434 12.3836 12.3417 12.2399 12.1398 12.0947 12.0585 11.9695 11.8818 11.8422 11.8118
22.826 22.7422 22.2223 21.725 21.6324 21.5419 21.0741 20.6255 20.5281 20.4343 20.0134 19.6089 19.5095 19.4147 19.0361 18.6716 18.5722 18.4783 18.1379 17.8093 17.7116 17.62 17.3139 17.0179 16.9229 16.8348 16.5595 16.2927 16.2015 16.1174 15.8699 15.6295 15.5426 15.4632 15.2407 15.0242 14.9421 14.8676 14.6677 14.4729 14.3957 14.3264 14.147 13.9718 13.8998 13.8359 13.675 13.5177 13.451 13.3925 13.2487 13.1078 13.0464 12.9934 12.8652 12.7394 12.6835 12.6361 12.5224 12.4106 12.3602 12.3185 12.2183 12.1197 12.0748 12.0389 11.9516 11.8655 11.8262 11.7963
22.7141 22.6302 22.1204 21.6322 21.5398 21.4489 20.989 20.5477 20.4501 20.3556 19.9409 19.5423 19.4423 19.3466 18.9731 18.6132 18.5131 18.4182 18.0819 17.7572 17.6586 17.5661 17.2633 16.9704 16.8747 16.7855 16.5131 16.249 16.1569 16.0719 15.8269 15.5888 15.5011 15.4208 15.2005 14.9861 14.9032 14.828 14.6301 14.4371 14.3593 14.2894 14.1117 13.9382 13.8658 13.8013 13.6422 13.4865 13.4194 13.3606 13.2183 13.079 13.0174 12.9642 12.8376 12.7133 12.6572 12.6098 12.4977 12.3874 12.337 12.2954 12.1968 12.0998 12.055 12.0194 11.9338 11.8493 11.8103 11.7809
22.8167 22.7314 22.2168 21.7242 21.6302 21.5379 21.0739 20.6288 20.5298 20.4337 20.0157 19.6139 19.5125 19.4153 19.039 18.6765 18.5749 18.4787 18.14 17.813 17.7131 17.6192 17.3145 17.0198 16.9227 16.8323 16.5582 16.2926 16.1993 16.1131 15.8667 15.6274 15.5385 15.4571 15.2356 15.0201 14.9361 14.8598 14.661 14.4671 14.3882 14.3173 14.1389 13.9647 13.8912 13.8258 13.666 13.5097 13.4417 13.3819 13.2392 13.0993 13.0368 12.9827 12.8557 12.731 12.674 12.6257 12.5133 12.4027 12.3514 12.3089 12.2101 12.1128 12.0672 12.0307 11.9449 11.8602 11.8204 11.7901
22.9203 22.8335 22.314 21.8169 21.7214 21.6275 21.1595 20.7106 20.61 20.5125 20.0911 19.686 19.5831 19.4845 19.1054 18.7401 18.6372 18.5395 18.1984 17.8693 17.7679 17.6727 17.366 17.0694 16.971 16.8793 16.6036 16.3364 16.2418 16.1545 15.9067 15.6661 15.576 15.4934 15.2709 15.0543 14.9692 14.8918 14.692 14.4972 14.4173 14.3454 14.1662 13.9912 13.9167 13.8503 13.6899 13.5331 13.464 13.4033 13.2601 13.1197 13.0562 13.0013 12.8738 12.7488 12.6909 12.6417 12.5289 12.4181 12.3658 12.3225 12.2234 12.1259 12.0794 12.042 11.956 11.8712 11.8304 11.7993
22.757 22.6705 22.1635 21.6778 21.583 21.489 21.0308 20.5911 20.4906 20.3927 19.9792 19.5815 19.4784 19.3792 19.0064 18.6472 18.5437 18.4453 18.1095 17.7853 17.6834 17.5873 17.285 16.9926 16.8935 16.801 16.529 16.2653 16.1701 16.0819 15.8374 15.5998 15.5091 15.4258 15.206 14.9921 14.9064 14.8284 14.6311 14.4387 14.3583 14.2858 14.1089 13.9361 13.8611 13.7943 13.6359 13.481 13.4116 13.3506 13.2093 13.0707 13.007 12.9518 12.8261 12.7028 12.6447 12.5955 12.4844 12.3752 12.3228 12.2795 12.1822 12.0862 12.0397 12.0025 11.9181 11.8349 11.7943 11.7634
22.5915 22.5057 22.011 21.5368 21.4428 21.349 20.9005 20.4699 20.3698 20.2716 19.866 19.4756 19.3725 19.2728 18.9064 18.5532 18.4495 18.3504 18.0199 17.7006 17.5982 17.5015 17.2036 16.9152 16.8156 16.7224 16.4541 16.194 16.0982 16.0094 15.7679 15.5334 15.4421 15.3583 15.1413 14.93 14.8438 14.7653 14.5704 14.3803 14.2994 14.2265 14.0518 13.8811 13.8057 13.7386 13.5823 13.4293 13.3596 13.2983 13.1588 13.0221 12.9581 12.9028 12.7789 12.6572 12.5991 12.5497 12.4403 12.3327 12.2804 12.2371 12.1414 12.047 12.0006 11.9636 11.8808 11.7991 11.7587 11.7281
22.6901 22.6031 22.1038 21.6254 21.5301 21.435 20.9828 20.5486 20.4471 20.3476 19.9387 19.5454 19.4409 19.3399 18.9708 18.615 18.5099 18.4097 18.0768 17.7554 17.6517 17.5538 17.2539 16.9638 16.8629 16.7686 16.4987 16.237 16.14 16.05 15.8073 15.5715 15.4791 15.3942 15.1761 14.9637 14.8764 14.7969 14.6011 14.4102 14.3283 14.2544 14.0789 13.9075 13.8311 13.7631 13.6061 13.4525 13.3819 13.3197 13.1797 13.0425 12.9776 12.9214 12.7971 12.6751 12.616 12.5658 12.4561 12.3482 12.295 12.2509 12.1549 12.0604 12.013 11.9752 11.8922 11.8104 11.769 11.7376
22.7895 22.7012 22.1974 21.7147 21.6181 21.5217 21.0656 20.6278 20.5249 20.4242 20.0121 19.6156 19.5098 19.4075 19.0356 18.6772 18.5708 18.4693 18.1342 17.8105 17.7056 17.6064 17.3046 17.0126 16.9105 16.8149 16.5435 16.2802 16.1821 16.091 15.8469 15.6098 15.5163 15.4302 15.211 14.9976 14.9092 14.8287 14.632 14.4402 14.3572 14.2823 14.1061 13.934 13.8566 13.7876 13.63 13.4758 13.4043 13.3412 13.2007 13.063 12.9972 12.9401 12.8155 12.693 12.633 12.582 12.472 12.3638 12.3097 12.2647 12.1685 12.0737 12.0255 11.9868 11.9037 11.8216 11.7794 11.7472
22.5759 22.4886 21.9991 21.5298 21.4343 21.3384 20.8938 20.4667 20.3644 20.2637 19.8608 19.4731 19.3675 19.265 18.9007 18.5495 18.443 18.3411 18.0122 17.6945 17.5893 17.4896 17.1932 16.9061 16.8037 16.7076 16.4406 16.1817 16.0831 15.9915 15.7513 15.5179 15.424 15.3375 15.1216 14.9114 14.8226 14.7417 14.5479 14.3589 14.2756 14.2004 14.0268 13.8571 13.7795 13.7102 13.555 13.403 13.3312 13.2679 13.1295 12.9939 12.9279 12.8706 12.7479 12.6273 12.5672 12.516 12.4078 12.3013 12.2471 12.2021 12.1075 12.0143 11.966 11.9273 11.8457 11.7652 11.723 11.6907
22.3619 22.2758 21.8004 21.3442 21.2502 21.1548 20.7216 20.305 20.2037 20.1031 19.7095 19.3303 19.2251 19.1225 18.7658 18.4216 18.3152 18.213 17.8904 17.5785 17.4733 17.3732 17.082 16.7999 16.6973 16.6008 16.3382 16.0835 15.9846 15.8926 15.6562 15.4264 15.3322 15.2453 15.0328 14.8257 14.7367 14.6554 14.4645 14.2783 14.1948 14.1193 13.9482 13.781 13.7032 13.6337 13.4807 13.331 13.259 13.1955 13.0592 12.9256 12.8595 12.8021 12.6812 12.5624 12.5022 12.451 12.3445 12.2397 12.1854 12.1404 12.0474 11.9558 11.9075 11.8688 11.7888 11.7097 11.6676 11.6354
22.4553 22.3683 21.8888 21.4286 21.3335 21.2371 20.8003 20.3804 20.2779 20.1763 19.7796 19.3976 19.2911 19.1874 18.8281 18.4815 18.3739 18.2706 17.9458 17.6319 17.5254 17.4243 17.1312 16.8473 16.7436 16.646 16.3818 16.1256 16.0257 15.9326 15.6949 15.4639 15.3686 15.2807 15.067 14.859 14.7689 14.6866 14.4949 14.3078 14.2233 14.1468 13.9751 13.8072 13.7284 13.658 13.5044 13.3541 13.2812 13.2169 13.0801 12.946 12.879 12.8208 12.6995 12.5804 12.5193 12.4673 12.3604 12.2553 12.2003 12.1544 12.0612 11.9694 11.9203 11.8808 11.8005 11.7213 11.6783 11.6453
22.5495 22.4615 21.9778 21.5137 21.4176 21.3201 20.8797 20.4564 20.3527 20.2499 19.8502 19.4653 19.3577 19.2528 18.8909 18.5418 18.433 18.3285 18.0015 17.6855 17.5778 17.4755 17.1806 16.8951 16.7901 16.6914 16.4257 16.168 16.0669 15.9728 15.7338 15.5015 15.4052 15.3162 15.1015 14.8924 14.8013 14.718 14.5254 14.3375 14.252 14.1745 14.002 13.8334 13.7537 13.6824 13.5282 13.3773 13.3035 13.2383 13.101 12.9665 12.8986 12.8395 12.7179 12.5984 12.5365 12.4836 12.3765 12.2711 12.2151 12.1685 12.0751 11.983 11.9331 11.8928 11.8123 11.7329 11.6891 11.6553
22.2919 22.2052 21.7372 21.2878 21.1932 21.0965 20.6688 20.2574 20.1547 20.0523 19.663 19.2878 19.1807 19.0759 18.7226 18.3815 18.273 18.1684 17.8486 17.5393 17.4317 17.3292 17.0403 16.7604 16.6555 16.5565 16.296 16.0431 15.942 15.8476 15.613 15.3849 15.2885 15.1993 14.9884 14.783 14.6918 14.6082 14.4189 14.2342 14.1486 14.071 13.9014 13.7357 13.6559 13.5843 13.4328 13.2844 13.2105 13.1451 13.0101 12.8778 12.8098 12.7506 12.631 12.5134 12.4515 12.3985 12.2931 12.1895 12.1335 12.0867 11.9949 11.9043 11.8543 11.8139 11.7349 11.6569 11.6129 11.5789
22.0358 21.9507 21.498 21.0629 20.9701 20.8745 20.4592 20.0594 19.9579 19.8561 19.4768 19.1112 19.0049 18.9003 18.5554 18.2222 18.1142 18.0096 17.6968 17.3941 17.2868 17.1842 16.9012 16.6269 16.522 16.423 16.1675 15.9194 15.8183 15.7238 15.4935 15.2696 15.1731 15.0838 14.8766 14.6748 14.5835 14.4999 14.3138 14.1323 14.0466 13.9689 13.8022 13.6392 13.5594 13.4877 13.3387 13.1928 13.1188 13.0533 12.9206 12.7904 12.7225 12.6631 12.5455 12.4299 12.3679 12.3148 12.2113 12.1093 12.0533 12.0064 11.9161 11.8271 11.7771 11.7365 11.6589 11.5823 11.5383 11.5041
22.1233 22.0376 21.5812 21.1425 21.0489 20.9525 20.5339 20.131 20.0286 19.9258 19.5438 19.1755 19.0681 18.9626 18.6152 18.2798 18.1707 18.0651 17.7502 17.4456 17.3372 17.2336 16.9489 16.6729 16.5669 16.4669 16.2099 15.9605 15.8583 15.7627 15.5313 15.3061 15.2086 15.1183 14.9102 14.7074 14.6151 14.5306 14.3437 14.1613 14.0747 13.9961 13.8287 13.665 13.5843 13.5118 13.3622 13.2157 13.1409 13.0746 12.9414 12.8107 12.7419 12.6818 12.5638 12.4479 12.3851 12.3312 12.2273 12.1251 12.0683 12.0206 11.9302 11.8409 11.7901 11.7488 11.671 11.5942 11.5494 11.5145
22.2115 22.1252 21.6649 21.2226 21.1282 21.031 20.6091 20.2031 20.0998 19.9961 19.6112 19.2402 19.1318 19.0253 18.6755 18.3378 18.2276 18.1209 17.804 17.4974 17.3879 17.2833 16.9968 16.7192 16.6121 16.511 16.2526 16.0017 15.8984 15.8019 15.5692 15.3429 15.2444 15.1531 14.9439 14.7401 14.6469 14.5613 14.3736 14.1904 14.1029 14.0234 13.8552 13.6909 13.6092 13.5359 13.3857 13.2387 13.163 13.0959 12.9622 12.8311 12.7615 12.7006 12.5822 12.4659 12.4023 12.3476 12.2434 12.1409 12.0833 12.0349 11.9442 11.8547 11.8031 11.7611 11.6831 11.6061 11.5606 11.525
21.9172 21.8324 21.3886 20.9617 20.8691 20.7728 20.3644 19.971 19.8688 19.7657 19.3919 19.0313 18.9237 18.8176 18.477 18.1479 18.0383 17.9318 17.6226 17.3234 17.2142 17.1097 16.8297 16.5584 16.4516 16.3505 16.0977 15.8523 15.7492 15.6526 15.4248 15.2032 15.1048 15.0135 14.8085 14.6088 14.5157 14.4301 14.2461 14.0664 13.979 13.8995 13.7346 13.5733 13.4918 13.4184 13.271 13.1267 13.0511 12.9839 12.8527 12.7239 12.6544 12.5933 12.4771 12.3628 12.2992 12.2444 12.1421 12.0414 11.9837 11.9351 11.8459 11.758 11.7063 11.6639 11.5873 11.5116 11.4658 11.4298
