9.12691 9.12736 9.03106 8.93659 8.934 8.93683 8.8493 8.76332 8.76295 8.76783 8.68832 8.61011 8.6117 8.61834 8.54615 8.47506 8.47837 8.48652 8.42101 8.35645 8.36128 8.37071 8.31132 8.25271 8.25888 8.26941 8.21558 8.16241 8.16976 8.18121 8.13246 8.08426 8.09262 8.10483 8.06069 8.01701 8.02625 8.03908 7.99912 7.95954 7.96952 7.98282 7.94663 7.91076 7.92135 7.93497 7.90218 7.86964 7.88069 7.8945 7.86473 7.83517 7.84654 7.86039 7.83327 7.80634 7.81788 7.83159 7.80678 7.78214 7.79367 7.80707 7.78423 7.76152 7.77286 7.78574 7.76451 7.74339 7.75434 7.76646
9.3034 9.30325 9.20407 9.10679 9.10362 9.1058 9.01546 8.92674 8.92573 8.92991 8.84767 8.76681 8.7677 8.77359 8.69877 8.62513 8.62769 8.63504 8.56702 8.49998 8.50402 8.51263 8.45082 8.38983 8.39518 8.40486 8.34872 8.29327 8.29976 8.31035 8.25938 8.20899 8.21649 8.22783 8.18156 8.13579 8.14415 8.1561 8.11411 8.07254 8.08163 8.09406 8.05594 8.01817 8.02786 8.04062 8.00599 7.97164 7.98181 7.99477 7.96325 7.93197 7.94247 7.95547 7.92671 7.89815 7.90883 7.92172 7.89537 7.86918 7.87988 7.89249 7.86818 7.84402 7.85456 7.86668 7.84407 7.8216 7.83177 7.84317
9.48546 9.48478 9.38259 9.28238 9.27868 9.28024 9.18697 9.0954 9.09377 9.09725 9.01218 8.92855 8.92874 8.93388 8.85632 8.77999 8.7818 8.78836 8.71769 8.64806 8.65129 8.65907 8.59471 8.53124 8.53573 8.54455 8.48597 8.42814 8.43374 8.44344 8.39014 8.33747 8.34405 8.35449 8.306 8.25804 8.26547 8.27651 8.2324 8.18874 8.1969 8.20841 8.16827 8.12851 8.13727 8.14912 8.11257 8.07634 8.08556 8.09762 8.06429 8.03122 8.04079 8.05292 8.02244 7.99218 8.00195 8.01398 7.98601 7.95823 7.96804 7.97981 7.95398 7.92833 7.938 7.94932 7.92529 7.90141 7.91075 7.92138
9.50793 9.50617 9.4034 9.30263 9.29793 9.29852 9.20479 9.11275 9.11022 9.11284 9.02739 8.94339 8.94278 8.94714 8.86927 8.79265 8.79373 8.7996 8.72868 8.65882 8.66141 8.66857 8.60402 8.54036 8.54429 8.55256 8.49382 8.43584 8.44094 8.45016 8.39674 8.34394 8.35009 8.3601 8.31151 8.26346 8.27051 8.28118 8.23699 8.19326 8.20108 8.21227 8.17207 8.13225 8.14072 8.15229 8.11569 8.07941 8.08839 8.10021 8.06684 8.03373 8.04309 8.05501 8.0245 7.99422 8.00381 8.01567 7.98767 7.95987 7.96953 7.98116 7.95532 7.92964 7.93921 7.9504 7.92636 7.90247 7.91172 7.92227
9.5305 9.52766 9.42431 9.32297 9.31726 9.31688 9.22267 9.13017 9.12674 9.12849 9.04264 8.95827 8.95685 8.96043 8.88226 8.80533 8.8057 8.81087 8.73971 8.6696 8.67156 8.6781 8.61335 8.54949 8.55286 8.56058 8.50169 8.44355 8.44816 8.45689 8.40334 8.35043 8.35614 8.36572 8.31704 8.26889 8.27556 8.28585 8.24159 8.19778 8.20527 8.21612 8.17587 8.13599 8.14417 8.15546 8.11882 8.08249 8.09122 8.10279 8.06939 8.03625 8.04539 8.0571 8.02657 7.99626 8.00568 8.01735 7.98934 7.96151 7.97103 7.98251 7.95666 7.93097 7.9404 7.95149 7.92744 7.90353 7.91269 7.92314
9.70695 9.70348 9.59729 9.49318 9.48687 9.4858 9.38883 9.29364 9.28953 9.29053 9.20202 9.11504 9.11289 9.11568 9.03492 8.95548 8.95507 8.95942 8.88577 8.81325 8.81438 8.82009 8.75296 8.68677 8.68929 8.69615 8.63498 8.5746 8.57835 8.58621 8.53049 8.47544 8.48027 8.48899 8.43823 8.38804 8.39383 8.40325 8.35702 8.31127 8.31788 8.32789 8.28576 8.24405 8.25136 8.2618 8.22339 8.18533 8.19321 8.20397 8.1689 8.13412 8.14244 8.15337 8.12127 8.08943 8.09805 8.10899 8.07951 8.05025 8.05901 8.0698 8.0426 8.01558 8.02431 8.03475 8.00946 7.98433 7.99284 8.00272
9.8886 9.88456 9.77543 9.66845 9.66158 9.65984 9.56001 9.46203 9.45727 9.45754 9.36624 9.27655 9.27368 9.27569 9.19224 9.11017 9.10898 9.1125 9.03627 8.96121 8.96152 8.96636 8.89674 8.82812 8.82977 8.83575 8.7722 8.70949 8.71235 8.71931 8.66131 8.60403 8.60795 8.61576 8.56284 8.51053 8.51539 8.52391 8.47562 8.42785 8.43354 8.44265 8.39858 8.35495 8.36134 8.37091 8.33066 8.29079 8.29777 8.30767 8.27087 8.23439 8.24183 8.25193 8.21822 8.18477 8.19255 8.2027 8.17172 8.14097 8.14892 8.15898 8.13038 8.10197 8.10995 8.11971 8.09314 8.06673 8.07455 8.08382
9.91274 9.90761 9.79785 9.69027 9.68237 9.67966 9.5793 9.48083 9.47515 9.47454 9.38283 9.29272 9.28903 9.29024 9.20646 9.12405 9.12213 9.12494 9.04843 8.97309 8.97275 8.97695 8.90711 8.83827 8.83934 8.84475 8.78102 8.71814 8.72048 8.72694 8.66879 8.61137 8.61484 8.6222 8.56916 8.51674 8.5212 8.52932 8.48095 8.43309 8.43842 8.44718 8.40304 8.35934 8.36542 8.37468 8.33438 8.29445 8.30116 8.31079 8.27395 8.23742 8.24463 8.2545 8.22075 8.18728 8.19484 8.2048 8.17379 8.14302 8.1508 8.16068 8.13206 8.10363 8.11147 8.12109 8.0945 8.06808 8.07577 8.08492
9.93699 9.93078 9.82038 9.71218 9.70326 9.69956 9.59868 9.4997 9.49311 9.4916 9.39946 9.30895 9.30443 9.30485 9.22071 9.13797 9.13531 9.13741 9.06062 8.98501 8.98401 8.98757 8.91751 8.84845 8.84894 8.85378 8.78986 8.7268 8.72862 8.73458 8.67629 8.61873 8.62174 8.62865 8.5755 8.52296 8.52702 8.53475 8.48628 8.43833 8.44331 8.45171 8.40751 8.36373 8.3695 8.37846 8.3381 8.29811 8.30455 8.31392 8.27703 8.24046 8.24743 8.25707 8.22329 8.18978 8.19714 8.2069 8.17587 8.14506 8.15267 8.16238 8.13374 8.1053 8.11298 8.12246 8.09585 8.06942 8.077 8.08603
10.1125 10.1057 9.99249 9.88161 9.87206 9.86762 9.76406 9.66245 9.65515 9.65287 9.55811 9.46506 9.45977 9.45937 9.37272 9.28752 9.28405 9.2853 9.20609 9.12812 9.12628 9.12897 9.05658 8.98526 8.98488 8.98885 8.92271 8.85748 8.85842 8.86349 8.80309 8.74345 8.74558 8.75162 8.69646 8.64195 8.64513 8.652 8.60163 8.55181 8.55591 8.56348 8.51748 8.47194 8.47686 8.48501 8.44296 8.40132 8.40693 8.41553 8.37707 8.33894 8.34513 8.35405 8.3188 8.28384 8.29048 8.29957 8.26719 8.23505 8.24198 8.2511 8.22123 8.19157 8.19865 8.20761 8.1799 8.15237 8.15942 8.16803
10.2929 10.2854 10.1694 10.0557 10.0456 10.0404 9.93408 9.82977 9.82179 9.81874 9.72129 9.62559 9.61956 9.61834 9.52907 9.44132 9.43705 9.43744 9.35571 9.27528 9.27259 9.2744 9.1996 9.1259 9.12464 9.12771 9.05927 8.99177 8.99181 8.99598 8.93337 8.87158 8.87279 8.87792 8.82067 8.76411 8.76637 8.77234 8.71999 8.66822 8.67143 8.67812 8.63025 8.58287 8.58691 8.5942 8.5504 8.50703 8.51179 8.51957 8.47947 8.43973 8.4451 8.45325 8.41649 8.38003 8.38589 8.39427 8.36049 8.32698 8.33319 8.34166 8.31052 8.27961 8.28604 8.29444 8.26559 8.23694 8.24341 8.25156
10.3187 10.3101 10.1934 10.0791 10.0679 10.0618 9.95484 9.84998 9.84107 9.83713 9.73921 9.64306 9.6362 9.63418 9.54453 9.45641 9.45138 9.45105 9.36901 9.28828 9.28492 9.28608 9.21102 9.13708 9.13522 9.1377 9.06905 9.00136 9.00086 9.00451 8.94174 8.87978 8.88052 8.88518 8.8278 8.7711 8.77294 8.7785 8.72604 8.67417 8.677 8.68332 8.63536 8.5879 8.5916 8.59857 8.5547 8.51126 8.51573 8.52322 8.48307 8.44328 8.44838 8.45628 8.41947 8.38298 8.38861 8.39676 8.36295 8.3294 8.33542 8.3437 8.31253 8.28159 8.28784 8.29607 8.26721 8.23854 8.24486 8.25286
10.3446 10.3349 10.2175 10.1025 10.0903 10.0832 9.97569 9.87028 9.86044 9.85559 9.75721 9.66061 9.6529 9.65006 9.56004 9.47155 9.46576 9.4647 9.38235 9.30131 9.29727 9.29778 9.22247 9.14828 9.14582 9.14772 9.07886 9.01097 9.00994 9.01305 8.95012 8.888 8.88826 8.89245 8.83493 8.77811 8.77952 8.78466 8.73209 8.68012 8.68258 8.68853 8.64048 8.59294 8.5963 8.60295 8.55901 8.51551 8.51967 8.52688 8.48667 8.44683 8.45167 8.45931 8.42246 8.38593 8.39132 8.39926 8.36542 8.33183 8.33765 8.34573 8.31454 8.28358 8.28965 8.29771 8.26882 8.24014 8.24631 8.25416
10.5183 10.5079 10.3878 10.2702 10.2574 10.2495 10.1394 10.0315 10.0209 10.0152 9.91432 9.81525 9.80676 9.80308 9.71061 9.61974 9.61313 9.61119 9.52649 9.44316 9.43827 9.43789 9.36033 9.28394 9.28061 9.28161 9.2106 9.14061 9.13869 9.14092 9.07594 9.01182 9.01119 9.01451 8.95505 8.89633 8.89687 8.90116 8.84676 8.793 8.79459 8.79973 8.74996 8.70073 8.70327 8.70913 8.6636 8.61851 8.62189 8.62837 8.58667 8.54537 8.54948 8.55645 8.51824 8.48035 8.48507 8.49241 8.45733 8.42253 8.42774 8.43531 8.40302 8.37096 8.37652 8.38418 8.35433 8.32469 8.33045 8.33801
10.6963 10.6853 10.5625 10.4423 10.4288 10.4202 10.3074 10.1968 10.1856 10.1791 10.0756 9.97398 9.96471 9.96019 9.86521 9.77187 9.76443 9.76162 9.67449 9.58878 9.58303 9.58174 9.50185 9.42318 9.41896 9.41905 9.34581 9.27363 9.27081 9.27213 9.20503 9.13883 9.13728 9.1397 9.07824 9.01754 9.01717 9.02058 8.96429 8.90865 8.90936 8.91364 8.86209 8.81111 8.81279 8.81783 8.77063 8.72392 8.72647 8.73218 8.68895 8.64612 8.64946 8.65572 8.6161 8.57682 8.58083 8.58753 8.55117 8.51511 8.51967 8.52669 8.49327 8.46008 8.46508 8.47229 8.44145 8.41083 8.41613 8.42336
10.7237 10.7116 10.588 10.4671 10.4525 10.443 10.3296 10.2184 10.2062 10.1989 10.0948 9.99273 9.98262 9.97728 9.88188 9.78814 9.77993 9.77638 9.68891 9.60287 9.59643 9.59447 9.5143 9.43536 9.43052 9.43001 9.35654 9.28415 9.28076 9.28154 9.21425 9.14787 9.14583 9.14777 9.08615 9.02531 9.02449 9.02746 8.97105 8.91529 8.9156 8.91949 8.86785 8.81677 8.81809 8.82279 8.77551 8.72871 8.73095 8.73634 8.69305 8.65017 8.65321 8.6592 8.61952 8.5802 8.58395 8.5904 8.554 8.5179 8.52224 8.52904 8.49558 8.46236 8.46716 8.47417 8.44331 8.41266 8.41778 8.42484
10.7512 10.738 10.6137 10.492 10.4764 10.4658 10.3518 10.2401 10.2269 10.2187 10.1141 10.0116 10.0006 9.99442 9.8986 9.80446 9.79548 9.79119 9.70338 9.617 9.60986 9.60724 9.52679 9.44757 9.44211 9.441 9.3673 9.29468 9.29074 9.29097 9.2235 9.15694 9.1544 9.15584 9.09408 9.03308 9.03182 9.03436 8.97782 8.92195 8.92185 8.92535 8.87361 8.82243 8.8234 8.82774 8.78039 8.73352 8.73543 8.74051 8.69715 8.65421 8.65697 8.66267 8.62295 8.58358 8.58707 8.59328 8.55684 8.5207 8.52481 8.53138 8.49789 8.46465 8.46924 8.47605 8.44516 8.41449 8.41943 8.42631
10.922 10.9081 10.7813 10.6571 10.6408 10.6294 10.513 10.3988 10.3849 10.3758 10.2688 10.1639 10.1521 10.1451 10.0469 9.95047 9.94065 9.93546 9.8454 9.75682 9.74881 9.74528 9.66267 9.58135 9.57498 9.57296 9.49722 9.42258 9.41774 9.41708 9.34764 9.27916 9.27573 9.27631 9.21268 9.14988 9.14775 9.14943 9.09115 9.03357 9.03263 9.03533 8.98196 8.92918 8.92934 8.93293 8.88406 8.8357 8.83686 8.84125 8.7965 8.75219 8.75425 8.75933 8.71835 8.67773 8.6806 8.68627 8.64871 8.61146 8.61503 8.62117 8.5867 8.55249 8.55664 8.56314 8.53143 8.49995 8.50457 8.51128
11.0967 11.0821 10.9527 10.826 10.8091 10.797 10.6779 10.5613 10.5466 10.5367 10.4273 10.3199 10.3073 10.2994 10.1989 10.1001 10.0894 10.0833 9.99093 9.90009 9.8912 9.88676 9.80192 9.71841 9.71115 9.70821 9.63033 9.5536 9.54785 9.54628 9.47482 9.40435 9.40001 9.39968 9.33414 9.26945 9.26643 9.26724 9.20716 9.1478 9.14599 9.14784 9.09279 9.03836 9.03768 9.04048 8.99005 8.94015 8.94052 8.94418 8.89799 8.85226 8.85359 8.85802 8.81574 8.77384 8.77604 8.78115 8.74242 8.70403 8.70702 8.7127 8.67721 8.64201 8.64569 8.65185 8.61928 8.58696 8.59122 8.59773
11.1255 11.1099 10.9797 10.8522 10.8343 10.8211 10.7015 10.5842 10.5686 10.5578 10.4478 10.3399 10.3265 10.3177 10.2167 10.1175 10.106 10.0992 10.0064 9.91524 9.90565 9.90052 9.81537 9.73157 9.72367 9.72011 9.64198 9.56501 9.55869 9.55655 9.48489 9.41421 9.40937 9.40853 9.34282 9.27797 9.27448 9.27483 9.21461 9.15513 9.15289 9.15434 9.09917 9.04463 9.04357 9.046 8.99548 8.94549 8.94552 8.94884 8.90258 8.85679 8.85781 8.86193 8.81959 8.77763 8.77955 8.78438 8.74561 8.70717 8.70991 8.71534 8.67981 8.64458 8.64802 8.65395 8.62136 8.58901 8.59306 8.59935
11.1546 11.1377 11.0068 10.8786 10.8596 10.8454 10.7251 10.6072 10.5906 10.5789 10.4684 10.3599 10.3456 10.3361 10.2346 10.135 10.1227 10.1151 10.022 9.93044 9.92013 9.91432 9.82886 9.74476 9.73623 9.73205 9.65366 9.57644 9.56955 9.56685 9.49498 9.4241 9.41874 9.4174 9.35152 9.2865 9.28254 9.28244 9.22208 9.16246 9.15981 9.16084 9.10556 9.05091 9.04947 9.05153 9.00092 8.95085 8.95052 8.9535 8.90718 8.86131 8.86202 8.86584 8.82344 8.78143 8.78307 8.78762 8.7488 8.71032 8.7128 8.71797 8.68242 8.64714 8.65035 8.65605 8.62343 8.59106 8.59489 8.60097
11.3213 11.3038 11.1704 11.0399 11.0202 11.0053 10.8826 10.7624 10.7451 10.7325 10.6197 10.509 10.4939 10.4834 10.3797 10.2779 10.2648 10.2563 10.161 10.0674 10.0562 10.0495 9.96194 9.87583 9.8664 9.8613 9.78096 9.70182 9.69403 9.69042 9.61669 9.544 9.53774 9.53552 9.46789 9.40114 9.39632 9.39537 9.33337 9.27213 9.26865 9.26888 9.21207 9.15591 9.15368 9.155 9.10297 9.05151 9.05046 9.05277 9.00516 8.95802 8.95806 8.9613 8.91774 8.87459 8.87565 8.87971 8.83989 8.8004 8.80239 8.8072 8.77079 8.73466 8.7375 8.74297 8.70965 8.67658 8.68018 8.6862
11.4915 11.4733 11.3375 11.2046 11.1843 11.1685 11.0435 10.9209 10.9029 10.8894 10.7743 10.6613 10.6454 10.6341 10.5281 10.4241 10.4101 10.4007 10.3032 10.2074 10.1954 10.1877 10.0981 10.0099 9.99956 9.99354 9.91117 9.83006 9.82135 9.81683 9.74118 9.6666 9.65944 9.65631 9.58687 9.51835 9.51264 9.51082 9.44712 9.38421 9.37986 9.37927 9.32088 9.26316 9.26012 9.26067 9.20719 9.15428 9.15247 9.15409 9.10515 9.0567 9.05604 9.05867 9.01392 8.9696 8.97004 8.97359 8.93272 8.8922 8.89367 8.89809 8.86078 8.82378 8.82622 8.83142 8.7974 8.76363 8.76696 8.77287
11.5218 11.5025 11.3659 11.2322 11.2108 11.1941 11.0683 10.9451 10.9261 10.9117 10.796 10.6825 10.6657 10.6535 10.5471 10.4426 10.4279 10.4177 10.3198 10.2236 10.2108 10.2025 10.1125 10.024 10.013 10.0063 9.92371 9.84233 9.83304 9.82794 9.75206 9.67727 9.66957 9.66593 9.59629 9.5276 9.5214 9.5191 9.45525 9.3922 9.38741 9.38639 9.32787 9.27004 9.26659 9.26675 9.21316 9.16016 9.15798 9.15924 9.11022 9.06169 9.0607 9.063 9.01818 8.9738 8.97393 8.97718 8.93625 8.89569 8.89687 8.90101 8.86366 8.82662 8.82879 8.83374 8.79968 8.76588 8.76896 8.77463
11.5522 11.5318 11.3944 11.2599 11.2374 11.2197 11.0932 10.9693 10.9494 10.9341 10.8178 10.7037 10.6861 10.6731 10.5661 10.4611 10.4456 10.4347 10.3364 10.2398 10.2263 10.2172 10.127 10.0381 10.0265 10.0192 9.93629 9.85464 9.84475 9.83908 9.76297 9.68796 9.67972 9.67556 9.60574 9.53686 9.53017 9.52741 9.4634 9.4002 9.39497 9.39351 9.33487 9.27692 9.27306 9.27283 9.21915 9.16605 9.1635 9.1644 9.1153 9.06669 9.06536 9.06733 9.02245 8.978 8.97782 8.98077 8.93979 8.89917 8.90008 8.90393 8.86655 8.82947 8.83137 8.83605 8.80196 8.76813 8.77097 8.77639
11.7138 11.6926 11.553 11.4163 11.3932 11.3746 11.246 11.12 11.0992 11.0831 10.9647 10.8485 10.83 10.8161 10.7071 10.6001 10.5837 10.5718 10.4715 10.373 10.3586 10.3486 10.2564 10.1657 10.1531 10.1449 10.0601 9.97668 9.96589 9.9593 9.88145 9.80473 9.79559 9.79055 9.71908 9.64858 9.64103 9.63742 9.57187 9.50715 9.50109 9.49885 9.43878 9.37941 9.37478 9.37382 9.31882 9.26443 9.26116 9.26142 9.21113 9.16135 9.15938 9.16079 9.11486 9.06937 9.06864 9.07115 9.02926 8.98774 8.9882 8.99173 8.9536 8.91577 8.91735 8.92187 8.8872 8.8528 8.85545 8.86088
11.8781 11.8563 11.7144 11.5756 11.5518 11.5325 11.4017 11.2735 11.252 11.2351 11.1144 10.9962 10.9769 10.9621 10.8509 10.7418 10.7246 10.7118 10.6095 10.5089 10.4936 10.4827 10.3885 10.2959 10.2824 10.2732 10.1866 10.1013 10.0896 10.0821 10.0024 9.92393 9.9139 9.90795 9.83478 9.76262 9.75418 9.74972 9.68257 9.61629 9.60939 9.60633 9.54479 9.48397 9.47854 9.47683 9.42048 9.36476 9.36074 9.36033 9.30882 9.25784 9.2552 9.25603 9.20901 9.16246 9.16114 9.16318 9.12036 9.07792 9.0779 9.08109 9.04219 9.0036 9.00483 9.00915 8.97389 8.9389 8.94135 8.94675
11.9097 11.8868 11.7441 11.6044 11.5796 11.5593 11.4277 11.2988 11.2764 11.2585 11.1373 11.0184 10.9983 10.9826 10.871 10.7614 10.7433 10.7298 10.627 10.526 10.51 10.4984 10.4038 10.3109 10.2967 10.2869 10.2 10.1144 10.1021 10.094 10.0141 9.93537 9.92478 9.9183 9.84493 9.77257 9.76363 9.75868 9.69137 9.62492 9.61756 9.61405 9.55237 9.49142 9.48557 9.48345 9.42698 9.37116 9.36675 9.36596 9.31436 9.26329 9.26029 9.26077 9.21368 9.16706 9.1654 9.16711 9.12424 9.08175 9.08141 9.08429 9.04534 9.00671 9.00765 9.01167 8.97638 8.94136 8.94352 8.94864
11.9415 11.9175 11.7739 11.6334 11.6075 11.5862 11.4539 11.3243 11.3009 11.2821 11.1602 11.0408 11.0197 11.0032 10.8911 10.781 10.7622 10.7478 10.6446 10.5432 10.5265 10.5141 10.4192 10.3259 10.3111 10.3007 10.2134 10.1275 10.1146 10.1059 10.0258 9.94683 9.93569 9.92867 9.8551 9.78254 9.77309 9.76765 9.70017 9.63357 9.62574 9.62179 9.55996 9.49889 9.4926 9.49007 9.4335 9.37757 9.37277 9.37159 9.3199 9.26875 9.26538 9.26551 9.21835 9.17166 9.16967 9.17105 9.12812 9.08557 9.08492 9.08749 9.0485 9.00983 9.01046 9.01419 8.97887 8.94382 8.94569 8.95054
12.0965 12.0717 11.9261 11.7837 11.7571 11.735 11.6007 11.4692 11.4451 11.4254 11.3016 11.1802 11.1583 11.1409 11.0269 10.9149 10.8952 10.8799 10.7749 10.6717 10.654 10.6408 10.5441 10.449 10.4333 10.4219 10.3329 10.2454 10.2316 10.222 10.1402 10.0596 10.0476 10.0397 9.96458 9.89052 9.8802 9.87392 9.80501 9.73699 9.72833 9.72359 9.66044 9.59806 9.59101 9.58776 9.52997 9.47285 9.46734 9.46553 9.41275 9.36053 9.35653 9.35612 9.30801 9.26037 9.25785 9.2588 9.21506 9.17172 9.17063 9.17292 9.13327 9.09396 9.0943 9.09789 9.06209 9.02657 9.0283 9.03319
12.2538 12.2284 12.0808 11.9364 11.9092 11.8863 11.75 11.6166 11.5917 11.5712 11.4454 11.3221 11.2994 11.2811 11.1651 11.0513 11.0307 11.0145 10.9076 10.8025 10.784 10.7698 10.6713 10.5744 10.5578 10.5455 10.4548 10.3655 10.3507 10.3402 10.2568 10.1746 10.1616 10.1528 10.0762 10.0006 9.98936 9.98221 9.91183 9.84237 9.83288 9.82733 9.76282 9.6991 9.69125 9.68726 9.62824 9.56988 9.56365 9.56119 9.50729 9.45396 9.44932 9.44834 9.39926 9.35065 9.34757 9.34808 9.30351 9.25934 9.25782 9.25979 9.21948 9.17951 9.17952 9.18296 9.14668 9.11067 9.11224 9.11714
12.2865 12.2601 12.1116 11.9663 11.9381 11.9142 11.7772 11.643 11.6171 11.5957 11.4693 11.3454 11.3218 11.3027 11.1862 11.0718 11.0504 11.0335 10.9261 10.8206 10.8013 10.7864 10.6875 10.5902 10.573 10.56 10.469 10.3794 10.364 10.3529 10.2692 10.1867 10.1732 10.1639 10.087 10.0112 9.99947 9.99182 9.92126 9.85162 9.84165 9.83564 9.77098 9.70711 9.69882 9.6944 9.63526 9.57679 9.57014 9.56728 9.51328 9.45986 9.45483 9.45349 9.40432 9.35564 9.3522 9.35236 9.30772 9.2635 9.26163 9.26326 9.22291 9.18289 9.18258 9.1857 9.14938 9.11334 9.11458 9.11918
12.3195 12.2919 12.1425 11.9964 11.9671 11.9422 11.8044 11.6695 11.6427 11.6204 11.4933 11.3688 11.3443 11.3244 11.2073 11.0924 11.0702 11.0525 10.9446 10.8387 10.8187 10.803 10.7037 10.6061 10.5882 10.5746 10.4832 10.3933 10.3773 10.3656 10.2817 10.199 10.1849 10.175 10.0979 10.0218 10.0096 10.0014 9.9307 9.86089 9.85043 9.84395 9.77915 9.71514 9.70641 9.70156 9.64229 9.5837 9.57664 9.57338 9.51929 9.46577 9.46036 9.45864 9.4094 9.36064 9.35684 9.35663 9.31194 9.26766 9.26545 9.26674 9.22634 9.18628 9.18564 9.18843 9.15208 9.11601 9.11694 9.12122
12.4666 12.4383 12.2872 12.1394 12.1094 12.0838 11.9442 11.8076 11.78 11.7568 11.628 11.5018 11.4765 11.4557 11.3369 11.2203 11.1972 11.1786 11.069 10.9615 10.9405 10.924 10.8231 10.7238 10.705 10.6904 10.5975 10.5061 10.4892 10.4765 10.3911 10.3069 10.2919 10.2812 10.2026 10.1252 10.1121 10.1031 10.031 9.95993 9.94865 9.94139 9.87535 9.81015 9.80064 9.79508 9.7347 9.67502 9.66726 9.66335 9.60827 9.55378 9.54774 9.54548 9.49538 9.44577 9.44144 9.44082 9.3954 9.35041 9.34778 9.34879 9.30782 9.2672 9.26627 9.26893 9.23219 9.19573 9.19652 9.20086
12.6155 12.5865 12.4337 12.2843 12.2537 12.2273 12.086 11.9476 11.9194 11.8953 11.7648 11.6368 11.6108 11.589 11.4685 11.3502 11.3263 11.3068 11.1955 11.0862 11.0645 11.047 10.9444 10.8435 10.8238 10.8083 10.7138 10.6208 10.603 10.5894 10.5024 10.4167 10.4009 10.3892 10.3092 10.2304 10.2164 10.2065 10.1331 10.0607 10.0486 10.0405 9.97324 9.9068 9.8965 9.89021 9.8287 9.7679 9.75941 9.75486 9.69876 9.64327 9.63659 9.63378 9.5828 9.53232 9.52744 9.52638 9.48023 9.43451 9.43143 9.43215 9.3906 9.34941 9.34817 9.35068 9.31355 9.2767 9.27732 9.28169
12.6493 12.6193 12.4655 12.3152 12.2836 12.2562 12.1141 11.975 11.9458 11.9209 11.7897 11.661 11.6341 11.6115 11.4904 11.3716 11.3469 11.3266 11.2148 11.1051 11.0826 11.0644 10.9614 10.8602 10.8397 10.8236 10.7287 10.6354 10.617 10.6028 10.5156 10.4296 10.4132 10.4009 10.3207 10.2416 10.2271 10.2168 10.1432 10.0705 10.0579 10.0494 9.98195 9.91536 9.90461 9.89786 9.83622 9.7753 9.76638 9.76141 9.70521 9.64962 9.64253 9.63932 9.58825 9.5377 9.53243 9.531 9.48479 9.439 9.43556 9.43591 9.39432 9.35308 9.35148 9.35365 9.31647 9.27958 9.27987 9.28389
12.6832 12.6522 12.4975 12.3463 12.3136 12.2852 12.1424 12.0025 11.9723 11.9465 11.8146 11.6854 11.6576 11.6341 11.5124 11.3931 11.3676 11.3465 11.2342 11.1241 11.1008 11.0819 10.9785 10.8769 10.8557 10.8389 10.7437 10.6501 10.631 10.6163 10.5287 10.4425 10.4255 10.4127 10.3322 10.2529 10.2379 10.227 10.1532 10.0804 10.0673 10.0583 9.99068 9.92394 9.91272 9.90552 9.84375 9.78271 9.77336 9.76797 9.71167 9.65597 9.64847 9.64487 9.59373 9.54309 9.53744 9.53563 9.48935 9.4435 9.43969 9.43968 9.39804 9.35675 9.3548 9.35661 9.3194 9.28247 9.28241 9.28609
12.8211 12.7894 12.6333 12.4806 12.4474 12.4182 12.2739 12.1326 12.1017 12.075 11.9416 11.8109 11.7823 11.758 11.6348 11.5139 11.4876 11.4655 11.3518 11.2402 11.216 11.1962 11.0913 10.9883 10.9662 10.9485 10.8519 10.7568 10.7369 10.7212 10.6323 10.5447 10.5268 10.5131 10.4314 10.3508 10.3349 10.3232 10.2482 10.1742 10.1603 10.1504 10.0817 10.0139 10.0019 9.99399 9.93121 9.86917 9.85911 9.85308 9.79588 9.7393 9.73117 9.72702 9.6751 9.62369 9.6175 9.61526 9.56834 9.52185 9.51762 9.5173 9.47517 9.43339 9.43113 9.43279 9.39525 9.358 9.35777 9.36148
12.9602 12.9279 12.7704 12.6163 12.5825 12.5527 12.4069 12.2641 12.2325 12.2051 12.0702 11.938 11.9086 11.8835 11.7587 11.6364 11.6092 11.5863 11.4711 11.358 11.3329 11.3121 11.2058 11.1013 11.0784 11.0597 10.9617 10.8652 10.8444 10.8277 10.7374 10.6485 10.6297 10.6151 10.5321 10.4503 10.4335 10.4209 10.3447 10.2695 10.2547 10.2441 10.1742 10.1053 10.0925 10.0839 10.02 9.957 9.94621 9.93952 9.88141 9.82393 9.81515 9.81044 9.75773 9.70555 9.6988 9.6961 9.64853 9.60141 9.59672 9.59609 9.55345 9.51118 9.5086 9.5101 9.47223 9.43465 9.43424 9.43796
12.9948 12.9615 12.8031 12.6481 12.6133 12.5825 12.4358 12.2923 12.2598 12.2314 12.0959 11.963 11.9328 11.9068 11.7815 11.6586 11.6306 11.6069 11.4912 11.3776 11.3518 11.3303 11.2236 11.1187 11.0951 11.0757 10.9773 10.8805 10.8591 10.8418 10.7513 10.6621 10.6427 10.6275 10.5442 10.4622 10.4448 10.4317 10.3553 10.2799 10.2646 10.2535 10.1835 10.1144 10.1011 10.092 10.0281 9.96488 9.95365 9.94652 9.8883 9.83071 9.82151 9.81639 9.76359 9.71131 9.70416 9.70108 9.65344 9.60624 9.60117 9.60015 9.55747 9.51514 9.51219 9.51331 9.4754 9.43778 9.437 9.44035
13.0297 12.9953 12.8359 12.68 12.6442 12.6124 12.465 12.3206 12.2872 12.2579 12.1217 11.9881 11.957 11.9302 11.8043 11.6808 11.6521 11.6276 11.5114 11.3973 11.3708 11.3486 11.2414 11.1361 11.1118 11.0918 10.9931 10.8959 10.8738 10.856 10.7651 10.6756 10.6556 10.6399 10.5564 10.4741 10.4562 10.4425 10.3659 10.2903 10.2745 10.2629 10.1928 10.1235 10.1098 10.1002 10.0361 9.97277 9.96109 9.95353 9.89519 9.8375 9.82787 9.82234 9.76945 9.7171 9.70954 9.70605 9.65835 9.61108 9.60562 9.60422 9.56148 9.51911 9.51577 9.51652 9.47857 9.44092 9.43976 9.44274
13.1569 13.1219 12.9615 12.8045 12.7681 12.7356 12.587 12.4415 12.4074 12.3773 12.2398 12.1051 12.0732 12.0455 11.9183 11.7936 11.764 11.7386 11.6211 11.5058 11.4784 11.4553 11.3468 11.2402 11.2151 11.1941 11.0941 10.9958 10.9728 10.954 10.8619 10.7712 10.7504 10.7337 10.6491 10.5656 10.5469 10.5324 10.4547 10.378 10.3614 10.349 10.2778 10.2075 10.193 10.1827 10.1177 10.0535 10.0411 10.0329 9.97372 9.91523 9.90495 9.89885 9.84526 9.79222 9.7841 9.78015 9.73187 9.68404 9.67811 9.67637 9.6332 9.59039 9.58671 9.58726 9.54902 9.51109 9.50973 9.51267
13.2849 13.2494 13.0878 12.9299 12.893 12.8598 12.71 12.5634 12.5287 12.4979 12.3591 12.2231 12.1906 12.1621 12.0336 11.9076 11.8772 11.851 11.7322 11.6155 11.5873 11.5633 11.4535 11.3457 11.3196 11.2978 11.1965 11.0969 11.073 11.0533 10.96 10.8682 10.8464 10.8289 10.743 10.6585 10.6388 10.6235 10.5447 10.4669 10.4495 10.4362 10.364 10.2928 10.2775 10.2664 10.2005 10.1354 10.1222 10.1133 10.0534 9.99408 9.98313 9.97645 9.92216 9.86842 9.85972 9.8553 9.80644 9.75804 9.75163 9.74954 9.70592 9.66268 9.65864 9.65898 9.62046 9.58224 9.58066 9.58355
13.3202 13.2837 13.1212 12.9623 12.9244 12.8903 12.7397 12.5923 12.5567 12.525 12.3855 12.2488 12.2155 12.1861 12.0571 11.9305 11.8993 11.8723 11.753 11.6359 11.6069 11.5822 11.472 11.3637 11.337 11.3145 11.2128 11.1129 11.0883 11.0681 10.9744 10.8823 10.8599 10.8418 10.7557 10.6709 10.6507 10.6348 10.5558 10.4779 10.4599 10.4462 10.3738 10.3024 10.2866 10.275 10.209 10.1437 10.1301 10.1208 10.0607 10.0013 9.98991 9.9828 9.92841 9.87458 9.86547 9.86063 9.8117 9.76323 9.75641 9.75393 9.71025 9.66695 9.66251 9.66246 9.62391 9.58564 9.58367 9.58617
13.3558 13.3182 13.1548 12.9949 12.9561 12.921 12.7696 12.6214 12.5848 12.5522 12.412 12.2747 12.2404 12.2102 12.0806 11.9534 11.9215 11.8937 11.7739 11.6562 11.6266 11.6011 11.4905 11.3818 11.3544 11.3312 11.2292 11.1289 11.1037 11.0828 10.9889 10.8964 10.8735 10.8548 10.7685 10.6834 10.6627 10.6462 10.567 10.4889 10.4704 10.4561 10.3836 10.312 10.2957 10.2837 10.2175 10.1521 10.138 10.1282 10.068 10.0085 9.99669 9.98916 9.93467 9.88075 9.87122 9.86597 9.81696 9.76842 9.7612 9.75831 9.71458 9.67123 9.66639 9.66595 9.62735 9.58905 9.58668 9.58879
13.4711 13.4331 13.2689 13.1084 13.069 13.0333 12.881 12.732 12.6948 12.6614 12.5203 12.382 12.3471 12.316 12.1854 12.0572 12.0244 11.9957 11.8749 11.7562 11.7257 11.6993 11.5876 11.4778 11.4495 11.4254 11.3223 11.221 11.1949 11.1731 11.0781 10.9846 10.9608 10.9412 10.8538 10.7678 10.7462 10.7288 10.6487 10.5696 10.5502 10.5352 10.4618 10.3893 10.3722 10.3594 10.2924 10.2262 10.2114 10.2009 10.14 10.0798 10.0673 10.0591 10.004 9.94947 9.93933 9.93357 9.88405 9.835 9.82727 9.82398 9.77986 9.73612 9.73087 9.73015 9.69129 9.65273 9.65008 9.65207
13.5867 13.5482 13.3834 13.2222 13.1824 13.1461 12.993 12.8431 12.8054 12.7714 12.6293 12.4901 12.4544 12.4226 12.2909 12.1618 12.1283 12.0987 11.9768 11.857 11.8257 11.7984 11.6856 11.5748 11.5457 11.5206 11.4165 11.314 11.2871 11.2643 11.1683 11.0738 11.0491 11.0286 10.9402 10.8531 10.8307 10.8125 10.7313 10.6513 10.6311 10.6152 10.5409 10.4676 10.4497 10.4361 10.3683 10.3013 10.2857 10.2745 10.2129 10.1519 10.1388 10.13 10.0743 10.0191 10.0083 10.0021 9.95203 9.90245 9.89421 9.89051 9.84599 9.80185 9.79621 9.79521 9.75609 9.71727 9.71433 9.71618
13.6225 13.583 13.4173 13.2551 13.2144 13.1772 13.0233 12.8726 12.834 12.7991 12.6563 12.5164 12.4799 12.4473 12.315 12.1852 12.1509 12.1206 11.9982 11.8779 11.8459 11.8179 11.7047 11.5934 11.5636 11.5379 11.4334 11.3306 11.303 11.2796 11.1833 11.0884 11.0631 11.0421 10.9535 10.8661 10.8431 10.8244 10.743 10.6627 10.642 10.6257 10.5512 10.4776 10.4592 10.4452 10.3772 10.3101 10.2941 10.2824 10.2206 10.1596 10.1459 10.1367 10.0809 10.0256 10.0145 10.0078 9.95765 9.90801 9.89935 9.89523 9.85065 9.80646 9.8004 9.79899 9.75983 9.72097 9.71762 9.71906
13.6585 13.618 13.4513 13.2882 13.2465 13.2084 13.0536 12.9021 12.8626 12.8269 12.6834 12.5427 12.5055 12.4721 12.3391 12.2087 12.1737 12.1427 12.0197 11.8989 11.8661 11.8374 11.7238 11.6121 11.5816 11.5552 11.4503 11.3472 11.319 11.295 11.1983 11.1032 11.0773 11.0556 10.9667 10.8791 10.8556 10.8363 10.7547 10.6742 10.653 10.6361 10.5614 10.4877 10.4688 10.4543 10.3862 10.3189 10.3024 10.2903 10.2284 10.1672 10.1531 10.1435 10.0876 10.0322 10.0206 10.0135 9.96329 9.91356 9.90448 9.89996 9.85532 9.81107 9.80459 9.80278 9.76357 9.72467 9.72091 9.72194
13.7609 13.72 13.553 13.3895 13.3475 13.3088 13.1535 13.0015 12.9614 12.925 12.7808 12.6395 12.6016 12.5674 12.4337 12.3025 12.2667 12.2348 12.111 11.9894 11.9558 11.9262 11.8117 11.6991 11.6677 11.6405 11.5347 11.4306 11.4015 11.3766 11.2791 11.183 11.1563 11.1337 11.0439 10.9555 10.931 10.9109 10.8285 10.7472 10.7251 10.7074 10.6319 10.5574 10.5377 10.5224 10.4536 10.3856 10.3683 10.3555 10.293 10.2311 10.2163 10.206 10.1496 10.0936 10.0814 10.0737 10.023 9.97284 9.96319 9.9582 9.91319 9.86858 9.86162 9.85944 9.81999 9.78083 9.7767 9.77748
13.863 13.8218 13.6545 13.4908 13.4484 13.4092 13.2535 13.1009 13.0604 13.0234 12.8785 12.7366 12.6981 12.6632 12.5287 12.3968 12.3603 12.3276 12.2029 12.0805 12.0461 12.0157 11.9002 11.7868 11.7546 11.7265 11.6197 11.5148 11.4848 11.459 11.3606 11.2637 11.236 11.2126 11.1219 11.0326 11.0073 10.9863 10.903 10.8209 10.798 10.7794 10.7032 10.6279 10.6074 10.5913 10.5217 10.453 10.435 10.4214 10.3582 10.2958 10.2803 10.2693 10.2123 10.1558 10.1429 10.1346 10.0835 10.0328 10.0226 10.0172 9.97178 9.9268 9.91938 9.91682 9.87711 9.8377 9.8332 9.83374
13.899 13.8569 13.6886 13.524 13.4807 13.4407 13.2841 13.1308 13.0894 13.0515 12.906 12.7633 12.724 12.6883 12.5532 12.4207 12.3835 12.35 12.2248 12.1019 12.0668 12.0357 11.9198 11.8059 11.773 11.7442 11.6372 11.5318 11.5013 11.4749 11.3761 11.2788 11.2506 11.2266 11.1357 11.0461 11.0202 10.9987 10.9152 10.8328 10.8094 10.7903 10.7139 10.6384 10.6174 10.6009 10.5311 10.4622 10.4437 10.4297 10.3664 10.3038 10.2879 10.2765 10.2193 10.1627 10.1494 10.1407 10.0895 10.0388 10.0281 10.0222 9.9768 9.93175 9.92391 9.92094 9.88119 9.84173 9.8368 9.83693
13.9353 13.8922 13.7229 13.5574 13.5132 13.4723 13.3148 13.1607 13.1185 13.0798 12.9335 12.7902 12.75 12.7135 12.5778 12.4447 12.4067 12.3725 12.2468 12.1234 12.0875 12.0557 11.9394 11.8251 11.7915 11.7621 11.6546 11.5489 11.5177 11.4907 11.3916 11.294 11.2652 11.2406 11.1494 11.0596 11.0332 11.0111 10.9273 10.8448 10.8208 10.8012 10.7246 10.649 10.6275 10.6104 10.5405 10.4715 10.4525 10.4381 10.3746 10.3119 10.2955 10.2837 10.2264 10.1697 10.1559 10.1468 10.0955 10.0447 10.0336 10.0273 9.98182 9.93671 9.92845 9.92506 9.88526 9.84576 9.84042 9.84012
14.0237 13.9803 13.8112 13.6456 13.6012 13.5598 13.4022 13.2479 13.2052 13.1659 13.0192 12.8755 12.8348 12.7976 12.6614 12.5278 12.489 12.454 12.3277 12.2036 12.1671 12.1344 12.0173 11.9023 11.868 11.8376 11.7294 11.623 11.5909 11.563 11.4632 11.3649 11.3352 11.3097 11.2178 11.1272 11.0999 11.0769 10.9925 10.9092 10.8844 10.8639 10.7866 10.7103 10.688 10.6701 10.5996 10.53 10.5102 10.495 10.431 10.3677 10.3505 10.338 10.2802 10.2231 10.2086 10.1988 10.1471 10.0959 10.0842 10.0773 10.0314 9.98597 9.97715 9.9733 9.93323 9.89347 9.88764 9.88697
14.1113 14.0678 13.8988 13.7334 13.6888 13.647 13.4893 13.3348 13.2918 13.2519 13.1049 12.9609 12.9196 12.8817 12.745 12.6109 12.5716 12.5358 12.4088 12.2842 12.2469 12.2133 12.0956 11.98 11.9448 11.9136 11.8047 11.6975 11.6646 11.6358 11.5352 11.4362 11.4056 11.3793 11.2866 11.1953 11.1672 11.1433 11.0582 10.9742 10.9485 10.9272 10.8492 10.7723 10.7491 10.7305 10.6593 10.5891 10.5685 10.5525 10.4879 10.4241 10.4062 10.3929 10.3347 10.277 10.2618 10.2514 10.1993 10.1476 10.1353 10.1278 10.0816 10.0358 10.0264 10.0221 9.98179 9.94176 9.93547 9.93442
14.1474 14.103 13.933 13.7667 13.7213 13.6787 13.5201 13.3648 13.321 13.2803 13.1326 12.9879 12.9459 12.9072 12.7699 12.6352 12.5951 12.5586 12.4311 12.306 12.268 12.2338 12.1156 11.9995 11.9637 11.9318 11.8225 11.715 11.6815 11.6521 11.5511 11.4518 11.4207 11.3937 11.3008 11.2092 11.1805 11.1561 11.0707 10.9866 10.9604 10.9386 10.8604 10.7832 10.7596 10.7404 10.6691 10.5987 10.5777 10.5612 10.4965 10.4325 10.4142 10.4005 10.3421 10.2843 10.2687 10.2579 10.2057 10.1539 10.1411 10.1333 10.087 10.0412 10.0313 10.0266 9.98623 9.94615 9.93943 9.93797
14.1837 14.1384 13.9675 13.8002 13.7539 13.7104 13.5511 13.395 13.3503 13.3089 13.1604 13.015 12.9722 12.9328 12.7949 12.6595 12.6187 12.5815 12.4535 12.3278 12.2891 12.2542 12.1356 12.0191 11.9826 11.9501 11.8404 11.7325 11.6984 11.6684 11.5671 11.4675 11.4357 11.4082 11.315 11.2232 11.1939 11.169 11.0834 10.999 10.9722 10.9499 10.8716 10.7942 10.7701 10.7504 10.679 10.6084 10.5869 10.57 10.5051 10.441 10.4222 10.4081 10.3496 10.2917 10.2756 10.2644 10.2121 10.1602 10.147 10.1388 10.0924 10.0465 10.0362 10.0311 9.99066 9.95053 9.94339 9.94151
14.2573 14.2119 14.0415 13.8747 13.8283 13.7844 13.6252 13.4693 13.4243 13.3823 13.2338 13.0883 13.045 13.0049 12.8667 12.7311 12.6897 12.6517 12.5233 12.3972 12.3577 12.322 12.2029 12.0859 12.0486 12.0152 11.905 11.7966 11.7616 11.7306 11.6288 11.5286 11.496 11.4676 11.3738 11.2814 11.2512 11.2254 11.1392 11.0542 11.0266 11.0034 10.9245 10.8466 10.8216 10.8011 10.7291 10.658 10.6357 10.618 10.5526 10.488 10.4684 10.4536 10.3946 10.3363 10.3195 10.3075 10.2548 10.2025 10.1887 10.1797 10.1331 10.0868 10.0759 10.0701 10.0294 9.98902 9.9813 9.97889
14.33 14.2845 14.1146 13.9484 13.9019 13.8578 13.6988 13.5431 13.4979 13.4553 13.3068 13.1613 13.1175 13.0768 12.9384 12.8026 12.7605 12.7218 12.593 12.4666 12.4264 12.3899 12.2703 12.1528 12.1148 12.0805 11.9698 11.8608 11.825 11.7932 11.6908 11.59 11.5566 11.5272 11.4328 11.3399 11.3089 11.2821 11.1954 11.1098 11.0814 11.0573 10.9778 10.8994 10.8736 10.8522 10.7797 10.7081 10.6849 10.6664 10.6006 10.5355 10.5151 10.4995 10.4401 10.3813 10.3638 10.3511 10.298 10.2453 10.2308 10.2212 10.1742 10.1275 10.116 10.1097 10.0687 10.028 10.0197 10.0168
14.3658 14.3195 14.1487 13.9816 13.9343 13.8894 13.7296 13.5731 13.5271 13.4839 13.3347 13.1884 13.1439 13.1025 12.9635 12.8271 12.7843 12.7449 12.6156 12.4886 12.4478 12.4106 12.2906 12.1727 12.134 12.0991 11.988 11.8786 11.8422 11.8098 11.7071 11.606 11.572 11.5421 11.4474 11.3542 11.3226 11.2954 11.2084 11.1226 11.0936 11.0691 10.9894 10.9107 10.8844 10.8626 10.7899 10.7181 10.6945 10.6755 10.6095 10.5443 10.5235 10.5074 10.4479 10.389 10.3711 10.358 10.3048 10.252 10.237 10.227 10.1799 10.1332 10.1213 10.1146 10.0735 10.0328 10.024 10.0207
14.4018 14.3547 14.183 14.015 13.9669 13.9212 13.7606 13.6033 13.5565 13.5126 13.3626 13.2157 13.1704 13.1283 12.9886 12.8516 12.8082 12.7681 12.6382 12.5107 12.4693 12.4315 12.311 12.1926 12.1532 12.1178 12.0062 11.8965 11.8595 11.8265 11.7234 11.622 11.5874 11.557 11.462 11.3685 11.3364 11.3086 11.2214 11.1353 11.1059 11.0808 11.0009 10.9221 10.8953 10.873 10.8001 10.7282 10.7041 10.6847 10.6185 10.5532 10.5319 10.5154 10.4558 10.3968 10.3784 10.3649 10.3115 10.2587 10.2433 10.2329 10.1857 10.1389 10.1266 10.1194 10.0783 10.0375 10.0284 10.0246
14.4604 14.4133 14.2425 14.0752 14.0272 13.9812 13.8211 13.6643 13.6173 13.5728 13.4231 13.2764 13.2307 13.1879 13.0482 12.9112 12.8672 12.8264 12.6963 12.5687 12.5265 12.4878 12.367 12.2483 12.2083 12.1719 12.06 11.9499 11.9121 11.8782 11.7747 11.6728 11.6374 11.6061 11.5106 11.4167 11.3837 11.355 11.2673 11.1808 11.1505 11.1246 11.0442 10.9649 10.9372 10.9141 10.8408 10.7684 10.7435 10.7232 10.6566 10.5908 10.5688 10.5515 10.4914 10.432 10.4128 10.3986 10.3448 10.2916 10.2755 10.2643 10.2168 10.1697 10.1566 10.1488 10.1073 10.0662 10.0564 10.052
14.5176 14.4706 14.3007 14.1344 14.0864 14.0403 13.8808 13.7245 13.6773 13.6324 13.483 13.3365 13.2904 13.2471 13.1074 12.9704 12.9258 12.8843 12.7542 12.6263 12.5835 12.5441 12.423 12.3041 12.2632 12.226 12.1138 12.0033 11.9647 11.9299 11.826 11.7238 11.6875 11.6553 11.5594 11.465 11.4312 11.4016 11.3135 11.2266 11.1953 11.1685 11.0877 11.008 10.9795 10.9555 10.8817 10.8089 10.7831 10.762 10.6951 10.6288 10.606 10.5878 10.5274 10.4676 10.4477 10.4326 10.3785 10.3249 10.308 10.2962 10.2483 10.2008 10.187 10.1785 10.1367 10.0953 10.0848 10.0797
14.5529 14.5052 14.3345 14.1673 14.1186 14.0718 13.9115 13.7544 13.7065 13.6609 13.5108 13.3636 13.3169 13.2729 13.1326 12.995 12.9498 12.9076 12.7769 12.6486 12.6051 12.5651 12.4435 12.3241 12.2827 12.2449 12.1322 12.0214 11.9822 11.9469 11.8426 11.7401 11.7032 11.6705 11.5743 11.4796 11.4453 11.4152 11.3268 11.2396 11.2079 11.1806 11.0996 11.0197 10.9907 10.9662 10.8923 10.8193 10.7931 10.7715 10.7044 10.638 10.6147 10.5962 10.5356 10.4757 10.4553 10.4399 10.3857 10.332 10.3147 10.3024 10.2544 10.2069 10.1927 10.1838 10.142 10.1005 10.0895 10.0841
14.5885 14.5401 14.3684 14.2003 14.1509 14.1034 13.9422 13.7844 13.7358 13.6896 13.5387 13.3908 13.3434 13.2988 13.1579 13.0197 12.9738 12.931 12.7997 12.6709 12.6268 12.5861 12.4641 12.3443 12.3022 12.2639 12.1508 12.0396 11.9998 11.9639 11.8593 11.7564 11.719 11.6857 11.5893 11.4943 11.4594 11.4288 11.3402 11.2528 11.2205 11.1928 11.1115 11.0314 11.0019 10.977 10.9029 10.8297 10.803 10.781 10.7138 10.6473 10.6235 10.6045 10.5439 10.4838 10.463 10.4471 10.3928 10.3391 10.3213 10.3086 10.2606 10.213 10.1984 10.189 10.1472 10.1056 10.0943 10.0884
14.6318 14.5835 14.4131 14.2462 14.1969 14.1492 13.9889 13.8318 13.783 13.7364 13.586 13.4386 13.3907 13.3455 13.2049 13.0669 13.0204 12.9769 12.8457 12.7169 12.6721 12.6306 12.5085 12.3886 12.3458 12.3065 12.1933 12.0819 12.0412 12.0045 11.8996 11.7964 11.7582 11.724 11.6273 11.532 11.4962 11.4648 11.3758 11.288 11.2549 11.2263 11.1447 11.0642 11.0339 11.008 10.9336 10.86 10.8325 10.8097 10.7421 10.6752 10.6506 10.6308 10.5697 10.5093 10.4877 10.471 10.4164 10.3622 10.3437 10.3302 10.2818 10.2338 10.2184 10.2082 10.166 10.1242 10.112 10.1053
14.6736 14.6254 14.4564 14.2907 14.2416 14.1938 14.0344 13.8782 13.8293 13.7823 13.6325 13.4855 13.4374 13.3916 13.2513 13.1135 13.0665 13.0224 12.8912 12.7625 12.717 12.6748 12.5527 12.4326 12.3891 12.3491 12.2356 12.124 12.0826 12.045 11.9399 11.8365 11.7974 11.7623 11.6653 11.5697 11.5331 11.5008 11.4114 11.3234 11.2895 11.2599 11.178 11.0971 11.066 11.0393 10.9645 10.8906 10.8623 10.8385 10.7706 10.7033 10.6779 10.6573 10.5959 10.5351 10.5127 10.4951 10.4402 10.3857 10.3663 10.352 10.3033 10.255 10.2388 10.2278 10.1853 10.143 10.1301 10.1227
14.7083 14.6595 14.4896 14.3231 14.2733 14.225 14.0647 13.9077 13.8582 13.8106 13.6601 13.5125 13.4637 13.4174 13.2764 13.138 13.0905 13.0457 12.9141 12.7848 12.7387 12.696 12.5733 12.4528 12.4087 12.3681 12.2543 12.1423 12.1003 12.0622 11.9567 11.853 11.8134 11.7778 11.6805 11.5846 11.5475 11.5146 11.4251 11.3368 11.3024 11.2723 11.1902 11.1091 11.0775 11.0504 10.9754 10.9013 10.8725 10.8484 10.7802 10.7129 10.687 10.6659 10.6044 10.5436 10.5207 10.5028 10.4477 10.3931 10.3734 10.3586 10.3098 10.2615 10.2449 10.2335 10.1909 10.1486 10.1353 10.1274
14.7431 14.6938 14.5229 14.3556 14.3052 14.2562 14.0952 13.9374 13.8873 13.8391 13.6878 13.5396 13.4902 13.4432 13.3016 13.1627 13.1145 13.0692 12.9369 12.8071 12.7605 12.7172 12.5941 12.4731 12.4284 12.3873 12.273 12.1606 12.1181 12.0794 11.9736 11.8695 11.8294 11.7933 11.6957 11.5995 11.5619 11.5285 11.4387 11.3502 11.3153 11.2848 11.2024 11.1212 11.089 11.0615 10.9863 10.912 10.8828 10.8582 10.7899 10.7224 10.6962 10.6746 10.613 10.552 10.5288 10.5104 10.4552 10.4006 10.3804 10.3653 10.3164 10.2679 10.2509 10.2392 10.1965 10.1542 10.1404 10.1322
14.7714 14.7223 14.553 14.3871 14.337 14.2878 14.1279 13.9711 13.9209 13.8723 13.7218 13.5742 13.5245 13.4769 13.3358 13.1972 13.1485 13.1025 12.9705 12.8409 12.7936 12.7495 12.6265 12.5056 12.4602 12.4182 12.3039 12.1915 12.1481 12.1086 12.0027 11.8984 11.8575 11.8205 11.7227 11.6263 11.5879 11.5537 11.4636 11.3749 11.3391 11.3077 11.2251 11.1436 11.1107 11.0822 11.0067 10.9322 10.9022 10.8767 10.8081 10.7403 10.7132 10.6908 10.6289 10.5676 10.5435 10.5242 10.4687 10.4137 10.3927 10.3767 10.3275 10.2787 10.2608 10.2481 10.2051 10.1624 10.1478 10.1386
