5.39839 5.35685 5.34103 5.32531 5.28407 5.2448 5.23101 5.21729 5.17846 5.14118 5.12893 5.11674 5.08001 5.04453 5.03347 5.02246 4.98762 4.9538 4.94367 4.93358 4.90047 4.86819 4.85879 4.84943
5.40565 5.36304 5.3472 5.33147 5.28939 5.24931 5.2355 5.22178 5.18229 5.14438 5.13212 5.11993 5.0827 5.04673 5.03566 5.02464 4.98942 4.95521 4.94507 4.93498 4.90156 4.86897 4.85957 4.85021
5.41485 5.37293 5.35877 5.3447 5.30347 5.26382 5.25123 5.23871 5.19977 5.16211 5.15074 5.13942 5.10252 5.06666 5.05623 5.04585 5.0108 4.9766 4.96692 4.95727 4.92392 4.89129 4.8822 4.87315
5.42659 5.38509 5.37258 5.36015 5.31954 5.28012 5.26873 5.25741 5.21885 5.18127 5.17078 5.16033 5.12363 5.08777 5.07797 5.06822 5.03325 4.99897 4.98975 4.98055 4.94719 4.91443 4.90566 4.89692
5.43602 5.39317 5.38065 5.36821 5.32654 5.28609 5.27469 5.26336 5.22398 5.18561 5.17511 5.16466 5.12732 5.09083 5.08103 5.07128 5.03581 5.00105 4.99182 4.98262 4.94888 4.91573 4.90696 4.89822
5.44549 5.40128 5.38874 5.37629 5.33356 5.29207 5.28067 5.26933 5.22913 5.18996 5.17945 5.16899 5.13102 5.09391 5.0841 5.07434 5.03838 5.00313 4.99389 4.98469 4.95056 4.91703 4.90826 4.89952
5.45498 5.41129 5.40052 5.38984 5.34784 5.30666 5.29656 5.28653 5.2468 5.2078 5.19825 5.18875 5.15107 5.11401 5.10491 5.09585 5.06003 5.02475 5.01602 5.00733 4.97324 4.93962 4.9312 4.92282
5.46613 5.4228 5.41381 5.40488 5.36348 5.32248 5.31371 5.30499 5.26562 5.22668 5.2181 5.20957 5.17208 5.13499 5.12661 5.11825 5.08251 5.04714 5.03892 5.03074 4.99663 4.96287 4.95482 4.94679
5.47702 5.43219 5.42319 5.41426 5.37166 5.3295 5.32072 5.31199 5.27169 5.23183 5.22326 5.21472 5.1765 5.1387 5.13031 5.12195 5.08564 5.04971 5.04149 5.0333 4.99875 4.96455 4.9565 4.94847
5.48796 5.44162 5.43261 5.42367 5.37986 5.33653 5.32774 5.319 5.27777 5.237 5.22842 5.21988 5.18093 5.14241 5.13402 5.12565 5.08877 5.05228 5.04406 5.03587 5.00087 4.96624 4.95818 4.95014
5.49939 5.45334 5.44606 5.43885 5.39557 5.35239 5.34492 5.33748 5.29659 5.25586 5.24826 5.24069 5.20193 5.16337 5.1557 5.14806 5.11125 5.07466 5.06696 5.05929 5.02429 4.98951 4.98182 4.97415
5.51156 5.46579 5.46026 5.45478 5.41199 5.36894 5.36278 5.35666 5.31606 5.27535 5.26873 5.26215 5.22354 5.18491 5.17797 5.17106 5.1343 5.09757 5.0904 5.08326 5.04822 5.01327 5.00596 4.99866
5.52316 5.47585 5.47031 5.46483 5.42079 5.37652 5.37036 5.36423 5.32265 5.28096 5.27435 5.26776 5.22837 5.18898 5.18204 5.17512 5.13775 5.10042 5.09325 5.08611 5.05059 5.01517 5.00785 5.00055
5.53481 5.48594 5.48041 5.47492 5.42962 5.38412 5.37795 5.37183 5.32925 5.28659 5.27997 5.27338 5.23321 5.19306 5.18611 5.17919 5.1412 5.10328 5.09611 5.08896 5.05296 5.01707 5.00975 5.00245
5.54957 5.50076 5.49681 5.49291 5.44789 5.40236 5.39742 5.39251 5.35009 5.30734 5.30165 5.29598 5.25587 5.21557 5.20931 5.20308 5.16507 5.12696 5.12028 5.11363 5.07755 5.04145 5.03447 5.02752
5.56427 5.5156 5.51325 5.51094 5.46626 5.42074 5.41704 5.41337 5.37113 5.32831 5.32356 5.31883 5.27879 5.23834 5.23279 5.22725 5.18922 5.15092 5.14476 5.13861 5.10245 5.06613 5.05952 5.05292
5.57586 5.5257 5.52335 5.52105 5.47513 5.4284 5.4247 5.42103 5.3778 5.33401 5.32925 5.32452 5.28369 5.24248 5.23692 5.23138 5.19273 5.15383 5.14766 5.14151 5.10486 5.06807 5.06145 5.05485
5.58751 5.53584 5.5335 5.5312 5.48402 5.43609 5.43238 5.42871 5.38448 5.33972 5.33496 5.33023 5.28861 5.24662 5.24106 5.23552 5.19624 5.15673 5.15056 5.14441 5.10727 5.07 5.06338 5.05678
5.60672 5.55487 5.5539 5.55297 5.50582 5.45766 5.45503 5.45243 5.40816 5.36315 5.35921 5.3553 5.31358 5.27133 5.26637 5.26143 5.22202 5.18222 5.17649 5.17076 5.13345 5.09589 5.08957 5.08326
5.62523 5.57334 5.57376 5.57421 5.52719 5.47891 5.47737 5.47585 5.43162 5.38643 5.38332 5.38024 5.33848 5.296 5.29166 5.28734 5.24782 5.20777 5.20248 5.19721 5.15974 5.12191 5.1159 5.1099
5.63621 5.58293 5.58336 5.58382 5.53562 5.4862 5.48466 5.48314 5.43796 5.39184 5.38874 5.38565 5.34313 5.29991 5.29557 5.29125 5.25113 5.21049 5.2052 5.19992 5.16199 5.12369 5.11768 5.11168
5.64723 5.59256 5.59299 5.59346 5.54408 5.4935 5.49197 5.49045 5.44432 5.39726 5.39416 5.39107 5.34779 5.30382 5.29948 5.29516 5.25444 5.21321 5.20792 5.20264 5.16423 5.12548 5.11946 5.11346
5.6718 5.6167 5.61825 5.61984 5.57022 5.51922 5.51857 5.51793 5.47154 5.42408 5.42164 5.41921 5.37567 5.33129 5.32744 5.3236 5.2826 5.24098 5.23603 5.23108 5.19239 5.15326 5.14746 5.14168
5.6952 5.63985 5.64253 5.64525 5.59553 5.54424 5.54448 5.54473 5.49821 5.45042 5.44866 5.44692 5.40319 5.35848 5.35513 5.35178 5.31057 5.26862 5.26401 5.25941 5.22048 5.18101 5.17544 5.16988
