6
7
8
10
13
14
16
21
21
14
13
13
12
13
12
16
16
11
11
17
22
25
17
16
17
17
16
17
19
12
7
6
12
15
13
13
18
19
21
23
29
31
26
22
25
30
31
36
38
39
4
4
8
12
14
14
17
26
27
19
20
18
10
8
10
11
10
8
11
18
22
23
13
15
22
23
18
16
20
15
10
9
13
12
6
5
11
12
23
27
30
29
26
24
24
25
28
34
35
39
8
13
14
9
5
10
13
14
24
27
20
15
13
7
6
9
11
14
15
15
17
18
18
19
21
22
23
21
20
17
21
10
9
8
4
3
8
11
17
23
26
29
29
22
21
27
26
23
32
38
7
9
10
2
1
6
16
18
22
21
15
11
13
13
12
10
10
13
12
11
10
13
15
16
18
20
21
21
21
17
19
16
18
15
9
7
13
15
15
19
22
26
26
21
20
24
25
26
41
49
7
8
8
3
5
12
24
27
25
18
12
9
14
19
20
15
13
16
16
13
8
8
16
14
15
17
21
22
19
16
18
20
26
23
12
11
15
17
15
18
21
26
30
27
26
28
28
28
44
51
8
5
7
7
10
17
24
28
24
17
14
13
14
23
25
21
17
16
17
16
12
5
12
10
9
13
16
18
18
14
18
23
30
24
16
14
18
17
22
22
22
27
33
32
32
32
33
30
39
43
8
4
9
9
9
14
17
21
19
16
21
20
18
22
22
22
15
9
10
17
18
9
4
5
6
9
12
16
18
16
17
21
27
26
21
22
23
20
27
27
25
25
29
29
28
30
30
31
39
39
11
12
16
14
13
15
17
20
20
24
28
25
19
19
23
22
15
5
9
21
25
21
12
10
11
13
15
17
19
17
15
16
23
27
28
31
31
28
29
30
26
25
29
29
29
33
27
31
42
44
16
17
20
17
17
19
23
22
26
31
30
30
25
18
28
27
20
14
16
22
28
30
24
20
19
19
20
22
21
18
15
13
20
29
33
33
33
29
31
36
34
32
32
30
32
36
30
28
37
46
17
15
12
9
9
14
20
18
25
32
32
32
31
23
32
29
27
26
24
23
26
31
28
23
18
20
26
28
26
21
13
12
19
30
32
30
27
23
37
43
43
38
34
30
30
32
39
24
29
44
11
12
10
5
3
9
17
23
29
30
28
28
28
30
36
39
36
31
29
29
30
26
25
25
24
26
27
25
24
27
22
21
23
24
29
30
28
28
37
43
39
41
36
37
27
28
28
31
31
40
10
7
7
4
4
9
18
21
22
21
20
18
22
29
35
41
43
41
39
39
35
32
30
30
28
26
27
22
21
24
23
22
24
24
29
29
25
27
38
44
39
31
28
31
28
26
32
34
36
41
9
7
10
9
8
9
9
12
19
24
23
18
19
27
37
45
51
50
48
48
43
37
32
33
28
24
22
17
15
19
24
26
23
24
26
25
20
21
34
41
37
19
19
26
29
26
35
38
41
44
9
12
16
11
8
11
4
8
16
25
24
17
18
26
40
49
55
55
53
53
48
44
38
35
28
23
23
19
16
17
23
26
25
23
24
20
14
14
26
32
32
14
20
23
31
27
37
38
40
41
6
13
17
10
8
15
16
11
11
15
15
14
20
35
41
51
59
61
59
59
55
50
48
44
35
29
28
26
21
20
24
26
26
25
26
19
12
11
20
25
29
19
24
23
27
28
39
42
41
41
6
9
13
7
6
13
17
11
8
9
12
18
28
43
43
55
63
66
66
65
65
62
62
57
46
38
38
36
29
24
25
28
27
26
26
21
13
12
18
22
27
26
29
23
22
26
32
37
38
41
10
10
11
9
6
7
9
6
7
11
17
26
34
43
45
56
62
63
65
70
75
76
77
73
63
51
47
41
34
30
26
28
27
25
25
20
13
13
15
22
26
30
28
24
21
25
20
29
35
39
15
12
16
15
7
0
7
4
4
8
16
25
32
39
47
54
57
57
62
72
83
89
88
87
76
63
54
47
38
35
29
30
28
25
23
18
13
13
13
21
24
29
25
28
21
27
24
36
44
46
11
9
14
11
8
10
10
9
4
8
18
19
19
29
37
46
51
51
54
67
83
95
99
97
96
92
72
56
55
45
36
30
36
39
36
25
13
19
25
23
23
25
23
21
23
28
29
40
42
43
7
5
5
6
7
14
10
8
2
4
11
13
14
23
28
37
41
44
56
69
82
92
106
112
115
110
95
78
70
57
47
40
44
40
34
31
22
25
23
22
24
27
25
23
23
28
32
37
36
38
5
4
1
2
8
11
8
6
0
0
4
6
10
20
23
33
33
39
59
72
79
92
114
126
129
129
128
114
98
78
56
47
50
40
30
34
35
31
24
23
24
29
31
30
30
33
33
33
32
36
7
10
8
11
14
10
4
3
1
1
3
5
11
16
22
30
28
35
57
69
75
92
120
143
150
149
149
135
115
93
69
55
53
41
29
36
39
38
28
25
26
30
34
35
34
37
37
33
33
41
9
16
15
17
18
11
2
2
5
7
6
8
13
14
16
23
21
27
48
57
66
86
107
144
164
169
165
153
135
117
92
72
65
52
36
37
41
42
34
28
25
27
31
34
35
38
41
34
37
47
12
16
13
12
12
9
3
3
8
12
9
11
15
14
13
17
17
21
37
46
60
80
101
136
162
178
186
181
160
135
114
89
73
60
46
40
40
43
39
32
27
27
29
33
34
38
41
31
34
43
9
12
13
10
6
7
5
3
8
11
9
12
16
12
17
16
15
22
32
38
55
75
111
137
162
183
197
197
179
148
140
114
91
70
54
43
35
39
35
32
28
26
29
33
37
41
40
29
33
41
2
7
15
14
8
8
3
0
5
9
7
12
18
14
20
16
15
19
24
32
51
68
101
129
160
184
193
199
197
179
162
137
104
76
59
47
33
35
32
28
26
24
28
34
38
42
43
33
37
45
4
7
12
11
7
7
5
0
0
1
4
4
8
14
16
21
20
18
22
32
50
63
89
122
152
161
180
201
198
192
174
147
110
87
73
60
47
42
36
33
27
24
28
34
38
43
37
31
31
38
0
5
8
5
3
9
2
0
0
3
7
5
6
10
11
15
16
15
16
23
38
53
80
108
134
158
180
192
192
194
178
158
124
97
81
71
63
57
43
36
30
27
26
31
36
39
34
29
27
32
1
8
9
2
0
10
5
3
5
9
13
9
6
4
12
13
16
15
12
15
28
44
72
97
119
149
174
184
190
192
187
175
144
110
87
74
66
58
43
32
28
28
23
25
33
34
28
24
19
21
6
13
14
6
0
5
6
4
7
10
13
10
6
3
16
15
15
14
8
7
18
33
57
85
97
127
153
169
184
182
188
178
151
119
91
73
61
52
41
26
26
30
23
25
36
36
33
28
23
23
6
8
10
9
5
5
7
5
5
6
7
4
2
1
11
12
14
13
8
5
9
21
38
62
73
102
132
150
167
171
176
171
150
126
100
75
59
50
37
25
26
29
26
29
39
36
33
27
25
27
2
0
1
6
7
8
10
8
7
4
3
1
3
4
9
14
20
21
17
14
13
16
30
43
53
85
113
125
139
151
163
160
148
131
110
84
63
51
38
29
26
28
28
32
38
33
29
24
26
30
3
0
0
1
4
9
10
10
9
4
0
0
5
10
13
21
27
29
26
25
20
17
29
33
42
62
86
100
109
124
142
146
142
132
114
91
70
55
44
37
30
26
29
34
37
31
27
28
32
32
8
8
5
0
0
6
6
8
8
3
0
0
7
13
16
25
28
28
28
29
23
16
24
26
31
36
59
85
94
105
118
130
132
124
110
97
78
60
46
42
31
22
28
35
35
28
22
25
27
27
5
10
9
1
2
8
5
4
2
0
0
1
7
13
20
23
22
19
18
18
15
9
22
30
29
25
37
51
66
84
96
109
123
121
111
98
81
59
57
50
40
32
31
32
35
33
27
32
31
32
4
10
14
12
9
11
11
7
2
0
0
2
6
10
18
19
15
13
14
14
13
11
13
23
20
17
25
39
55
69
80
92
106
108
102
96
83
64
53
50
42
33
32
38
40
35
29
35
36
35
6
11
14
14
13
15
14
8
1
0
1
5
5
6
18
16
13
13
15
14
13
11
6
14
14
12
18
28
42
56
61
71
85
90
91
91
83
68
52
51
43
33
32
37
37
31
25
32
33
33
8
9
7
6
9
13
8
3
0
0
3
7
7
6
15
13
14
18
21
16
12
9
2
4
5
7
11
21
35
45
49
56
66
73
77
82
79
66
56
52
43
36
33
32
31
27
23
29
28
30
6
5
2
0
2
5
1
0
0
1
3
6
8
8
6
6
11
17
21
17
11
7
2
0
0
3
6
14
26
33
41
45
53
58
64
71
72
65
61
51
42
41
39
32
26
28
33
34
28
29
3
2
2
2
0
0
0
1
1
4
4
7
9
9
4
3
6
12
16
17
13
9
6
0
1
6
6
12
22
25
39
42
50
54
61
70
75
70
62
47
41
45
45
34
29
34
39
38
32
32
4
2
2
3
2
0
3
3
2
3
4
6
7
7
6
4
5
6
10
14
11
8
5
2
10
17
15
16
21
24
35
40
47
50
56
68
75
73
61
50
42
46
46
37
32
36
35
37
30
34
9
4
1
3
6
7
4
1
0
0
2
7
9
8
9
6
4
1
4
7
5
1
0
0
12
22
18
17
21
26
24
31
36
38
43
53
64
64
59
50
44
44
45
40
35
34
32
35
32
35
12
13
10
7
5
4
2
2
0
0
0
3
11
14
8
6
2
0
0
2
1
0
0
7
15
14
14
16
13
13
15
22
27
33
36
37
45
50
48
51
51
47
42
41
38
36
28
33
31
25
13
17
13
7
6
7
9
5
1
0
0
3
7
9
1
0
0
0
0
5
9
6
3
14
19
12
8
9
8
10
20
23
23
26
30
33
36
38
42
49
53
51
48
48
42
32
30
31
26
22
14
19
15
10
10
11
12
7
2
0
0
2
5
5
0
0
0
0
2
6
9
7
7
16
19
11
7
11
11
12
18
19
16
19
27
34
35
32
32
42
48
47
47
50
44
32
27
27
26
26
11
14
14
10
9
13
15
10
8
6
4
5
7
8
4
4
5
3
3
5
4
2
7
14
13
7
4
11
13
12
12
14
12
13
21
29
30
25
20
32
37
36
37
45
44
34
23
24
24
28
5
9
10
7
7
10
18
14
13
10
6
3
5
8
7
8
10
9
8
8
7
6
12
13
10
5
4
10
11
6
10
14
15
14
15
18
18
14
11
25
30
25
26
34
36
29
21
20
22
23
6
9
9
6
6
10
9
5
6
4
1
0
1
5
9
10
12
11
9
8
9
9
14
10
5
5
9
11
11
6
9
12
17
15
15
12
10
9
2
16
25
21
21
28
30
24
15
21
27
28
10
13
12
7
5
7
3
0
0
0
0
0
1
7
10
10
9
8
7
6
7
8
11
4
3
8
13
11
10
9
10
10
14
16
16
11
7
7
0
10
19
19
20
23
25
20
13
22
30
31
10
14
11
3
1
3
9
2
0
0
0
0
3
8
4
4
5
4
3
4
5
8
11
3
3
11
14
9
6
7
16
12
12
17
18
11
5
3
3
10
17
17
18
18
19
14
16
23
23
20
