3
6
5
2
0
5
0
0
5
7
7
1
0
4
4
3
1
0
0
3
10
13
4
2
0
1
0
0
0
0
0
4
7
3
0
1
5
6
8
4
8
5
10
2
0
0
0
5
6
0
0
0
0
3
0
4
5
2
4
13
14
10
10
9
11
14
8
0
0
2
1
4
2
1
3
7
5
0
0
0
12
8
12
4
1
0
0
4
5
2
2
0
0
2
1
2
1
0
2
7
9
7
5
4
7
9
6
2
2
4
4
5
3
3
5
7
5
3
0
0
11
6
10
5
2
0
0
3
5
6
6
0
0
1
3
0
0
0
0
1
3
4
3
2
3
3
2
1
0
0
1
0
0
2
2
1
1
2
0
0
4
4
7
6
3
0
2
5
7
9
7
0
0
2
6
0
0
0
0
0
0
2
0
0
0
1
1
2
2
0
0
0
0
3
2
0
0
3
4
2
1
4
5
5
1
0
2
4
6
7
5
0
0
5
10
3
0
0
0
0
0
0
0
0
1
3
4
6
8
8
3
0
1
7
7
2
2
7
5
6
2
9
8
5
0
0
0
0
1
2
1
0
0
6
10
3
0
0
0
0
0
0
0
1
3
3
3
3
7
7
2
0
1
5
5
2
2
5
1
4
3
15
10
3
0
0
0
0
0
0
0
0
0
4
6
1
0
0
0
0
0
0
7
3
0
1
0
0
0
2
3
0
0
0
0
0
0
0
0
0
2
18
12
3
0
3
0
0
0
0
0
1
0
0
7
3
0
0
0
5
7
7
11
3
0
0
0
0
0
3
8
4
0
0
0
0
0
0
0
0
7
11
10
3
5
10
3
2
0
0
0
4
0
0
6
4
2
0
6
11
11
7
5
2
1
1
0
0
1
6
8
3
1
4
2
0
0
3
0
0
9
10
6
3
6
14
10
5
2
3
6
5
0
0
0
4
10
13
14
13
10
5
1
0
0
4
2
0
1
2
2
0
2
7
5
0
0
3
1
2
24
17
8
3
8
17
18
9
5
8
10
6
2
1
1
3
5
7
8
10
8
5
0
0
0
5
5
1
1
1
0
0
3
7
3
0
0
2
2
6
38
26
16
8
11
16
19
13
9
10
10
9
4
0
7
2
0
0
3
9
11
10
0
0
0
0
4
3
2
2
3
2
4
5
1
0
0
4
0
3
36
31
24
18
16
15
16
16
13
9
10
13
8
2
8
4
1
2
8
12
15
14
1
0
0
0
4
4
2
1
6
5
5
4
1
0
2
7
2
0
31
34
33
29
20
15
14
17
19
14
15
20
17
10
6
7
7
5
7
6
11
15
4
1
1
8
10
5
1
0
2
2
4
5
5
2
3
6
4
0
26
32
34
31
24
19
16
19
24
22
22
25
23
21
15
10
5
4
4
5
7
8
1
2
10
16
14
5
1
0
2
3
7
9
5
2
2
5
8
2
19
24
27
26
23
23
17
21
26
28
27
29
27
29
24
15
6
9
14
12
5
0
0
0
11
16
11
2
0
0
8
10
13
12
5
1
5
9
11
8
15
21
25
24
19
16
9
14
28
36
41
45
41
33
34
29
30
33
23
17
19
5
0
7
10
11
0
4
1
3
3
2
9
9
12
7
14
19
15
11
14
20
22
21
15
11
8
12
22
33
43
45
39
36
42
41
46
47
38
35
41
31
23
23
15
15
4
3
0
6
1
4
14
9
9
5
20
32
15
8
14
21
22
19
11
7
15
14
18
31
45
42
34
35
42
46
50
54
50
56
67
60
44
36
26
26
15
7
0
2
0
1
13
9
10
4
16
24
13
3
13
20
21
18
11
6
17
14
13
25
44
39
30
37
42
44
42
45
49
64
79
74
60
49
37
31
24
14
6
3
1
0
5
5
11
8
13
12
13
3
9
14
16
14
10
6
11
8
5
18
37
33
26
34
39
43
37
36
40
56
75
76
72
61
46
32
27
21
17
11
9
4
4
2
11
14
20
19
16
8
3
9
11
11
8
5
6
6
4
12
23
24
19
24
24
34
31
28
30
43
63
73
66
60
54
38
34
26
21
14
10
9
14
10
16
16
22
20
15
9
1
6
10
10
7
2
3
4
4
7
12
16
15
13
13
22
20
21
26
32
44
50
44
43
49
42
39
25
18
12
8
12
20
18
20
16
19
14
12
11
2
6
8
9
5
1
0
3
7
7
9
15
16
11
16
21
16
19
29
28
26
23
28
27
37
36
35
18
17
16
8
10
16
14
21
18
21
18
14
16
7
4
9
7
4
7
4
5
3
0
7
16
15
11
14
15
18
20
17
22
24
17
22
18
16
20
29
32
26
17
9
7
13
21
19
20
24
25
20
15
7
7
11
10
9
14
12
11
7
2
3
7
5
4
10
11
13
15
11
15
19
14
15
12
10
12
16
20
21
16
9
8
12
13
12
15
24
28
24
21
10
9
11
8
8
15
14
11
8
6
5
6
6
7
9
7
8
10
6
6
9
9
6
6
7
7
6
6
11
13
7
8
11
8
5
10
20
24
25
24
10
13
9
4
5
12
12
10
10
10
12
10
6
8
8
7
7
8
5
0
1
4
3
5
8
6
3
1
6
9
5
1
6
8
5
4
11
15
18
20
10
11
6
4
7
12
13
8
7
9
9
7
2
2
6
7
6
8
7
0
0
4
6
4
6
6
3
0
5
9
4
0
2
10
8
2
5
9
10
12
6
5
0
0
6
6
10
5
4
3
5
4
2
0
3
4
4
5
7
2
1
6
8
4
4
3
2
2
6
9
6
0
1
8
7
1
4
8
5
7
5
0
0
0
6
5
3
2
3
3
4
4
4
1
1
4
2
1
7
6
3
4
4
1
2
4
5
2
4
7
5
3
6
7
6
5
7
6
7
6
4
0
0
1
13
10
0
3
5
5
4
5
2
0
2
5
1
0
6
7
2
4
0
0
3
8
9
4
3
4
1
6
10
6
3
6
9
4
7
9
7
0
0
6
14
13
0
0
1
3
5
6
5
2
3
0
0
0
0
1
6
6
4
0
2
7
7
3
3
7
8
8
9
8
5
2
2
5
9
16
8
2
0
2
8
8
0
0
0
1
4
5
3
0
2
0
0
0
0
0
1
1
7
2
0
0
0
0
0
5
1
3
3
1
0
0
0
3
3
11
5
5
1
0
1
2
0
0
0
1
3
3
2
1
0
0
0
0
0
0
0
0
2
2
2
0
0
0
0
0
0
2
3
1
0
2
4
4
0
8
1
4
4
0
0
0
2
0
0
2
3
3
3
4
2
0
1
3
0
0
0
0
0
0
4
2
3
2
0
0
0
4
8
7
7
10
9
6
3
8
0
1
3
1
0
3
5
1
0
1
3
2
3
7
6
2
6
8
5
2
2
1
1
4
7
3
2
3
3
0
0
4
8
6
6
9
9
4
5
8
0
0
0
0
0
3
9
3
1
5
6
3
5
10
9
4
7
9
6
3
5
4
6
10
15
10
7
6
4
1
0
2
3
1
1
4
5
4
1
5
0
0
0
0
0
5
10
4
2
7
8
3
3
8
6
1
5
8
5
3
6
10
8
12
16
14
11
7
5
4
2
0
1
0
1
2
4
5
1
3
