37.7609218309
37.7609082448
37.7608946588
37.7608810728
37.7608674867
37.7608539007
37.7608403147
37.7608267286
37.7608131426
37.7607995565
37.7607859705
37.7607723845
37.7607587984
37.7607452124
37.7607316264
37.7607180403
37.7607044543
37.7606908682
37.7606772822
37.7606636962
37.7606501101
37.7606365241
37.7606229381
37.760609352
37.760595766
37.7605821799
37.7605685939
37.7605550079
37.7605414218
37.7605278358
37.7605142498
37.7605006637
37.7604870777
37.7604734916
37.7604599056
37.7604463196
37.7604327335
37.7604191475
37.7604055615
37.7603919754
37.7609189463
37.7609053603
37.7608917742
37.7608781882
37.7608646021
37.7608510161
37.7608374301
37.760823844
37.760810258
37.760796672
37.7607830859
37.7607694999
37.7607559138
37.7607423278
37.7607287418
37.7607151557
37.7607015697
37.7606879837
37.7606743976
37.7606608116
37.7606472255
37.7606336395
37.7606200535
37.7606064674
37.7605928814
37.7605792954
37.7605657093
37.7605521233
37.7605385372
37.7605249512
37.7605113652
37.7604977791
37.7604841931
37.7604706071
37.760457021
37.760443435
37.7604298489
37.7604162629
37.7604026769
37.7603890908
37.7609160617
37.7609024757
37.7608888896
37.7608753036
37.7608617176
37.7608481315
37.7608345455
37.7608209594
37.7608073734
37.7607937874
37.7607802013
37.7607666153
37.7607530293
37.7607394432
37.7607258572
37.7607122711
37.7606986851
37.7606850991
37.760671513
37.760657927
37.760644341
37.7606307549
37.7606171689
37.7606035828
37.7605899968
37.7605764108
37.7605628247
37.7605492387
37.7605356527
37.7605220666
37.7605084806
37.7604948945
37.7604813085
37.7604677225
37.7604541364
37.7604405504
37.7604269644
37.7604133783
37.7603997923
37.7603862062
37.7609131771
37.7608995911
37.760886005
37.760872419
37.760858833
37.7608452469
37.7608316609
37.7608180749
37.7608044888
37.7607909028
37.7607773167
37.7607637307
37.7607501447
37.7607365586
37.7607229726
37.7607093866
37.7606958005
37.7606822145
37.7606686284
37.7606550424
37.7606414564
37.7606278703
37.7606142843
37.7606006983
37.7605871122
37.7605735262
37.7605599401
37.7605463541
37.7605327681
37.760519182
37.760505596
37.76049201
37.7604784239
37.7604648379
37.7604512518
37.7604376658
37.7604240798
37.7604104937
37.7603969077
37.7603833217
37.7609102925
37.7608967065
37.7608831205
37.7608695344
37.7608559484
37.7608423623
37.7608287763
37.7608151903
37.7608016042
37.7607880182
37.7607744322
37.7607608461
37.7607472601
37.760733674
37.760720088
37.760706502
37.7606929159
37.7606793299
37.7606657439
37.7606521578
37.7606385718
37.7606249857
37.7606113997
37.7605978137
37.7605842276
37.7605706416
37.7605570556
37.7605434695
37.7605298835
37.7605162975
37.7605027114
37.7604891254
37.7604755393
37.7604619533
37.7604483673
37.7604347812
37.7604211952
37.7604076092
37.7603940231
37.7603804371
37.7609074079
37.7608938219
37.7608802359
37.7608666498
37.7608530638
37.7608394778
37.7608258917
37.7608123057
37.7607987197
37.7607851336
37.7607715476
37.7607579615
37.7607443755
37.7607307895
37.7607172034
37.7607036174
37.7606900314
37.7606764453
37.7606628593
37.7606492732
37.7606356872
37.7606221012
37.7606085151
37.7605949291
37.7605813431
37.760567757
37.760554171
37.7605405849
37.7605269989
37.7605134129
37.7604998268
37.7604862408
37.7604726548
37.7604590687
37.7604454827
37.7604318966
37.7604183106
37.7604047246
37.7603911385
37.7603775525
37.7609045234
37.7608909373
37.7608773513
37.7608637653
37.7608501792
37.7608365932
37.7608230071
37.7608094211
37.7607958351
37.760782249
37.760768663
37.760755077
37.7607414909
37.7607279049
37.7607143188
37.7607007328
37.7606871468
37.7606735607
37.7606599747
37.7606463887
37.7606328026
37.7606192166
37.7606056305
37.7605920445
37.7605784585
37.7605648724
37.7605512864
37.7605377004
37.7605241143
37.7605105283
37.7604969422
37.7604833562
37.7604697702
37.7604561841
37.7604425981
37.7604290121
37.760415426
37.76040184
37.7603882539
37.7603746679
37.7609016388
37.7608880527
37.7608744667
37.7608608807
37.7608472946
37.7608337086
37.7608201226
37.7608065365
37.7607929505
37.7607793644
37.7607657784
37.7607521924
37.7607386063
37.7607250203
37.7607114343
37.7606978482
37.7606842622
37.7606706761
37.7606570901
37.7606435041
37.760629918
37.760616332
37.760602746
37.7605891599
37.7605755739
37.7605619878
37.7605484018
37.7605348158
37.7605212297
37.7605076437
37.7604940577
37.7604804716
37.7604668856
37.7604532995
37.7604397135
37.7604261275
37.7604125414
37.7603989554
37.7603853694
37.7603717833
37.7608987542
37.7608851682
37.7608715821
37.7608579961
37.76084441
37.760830824
37.760817238
37.7608036519
37.7607900659
37.7607764799
37.7607628938
37.7607493078
37.7607357217
37.7607221357
37.7607085497
37.7606949636
37.7606813776
37.7606677916
37.7606542055
37.7606406195
37.7606270334
37.7606134474
37.7605998614
37.7605862753
37.7605726893
37.7605591033
37.7605455172
37.7605319312
37.7605183451
37.7605047591
37.7604911731
37.760477587
37.760464001
37.760450415
37.7604368289
37.7604232429
37.7604096568
37.7603960708
37.7603824848
37.7603688987
37.7608958696
37.7608822836
37.7608686975
37.7608551115
37.7608415255
37.7608279394
37.7608143534
37.7608007673
37.7607871813
37.7607735953
37.7607600092
37.7607464232
37.7607328372
37.7607192511
37.7607056651
37.760692079
37.760678493
37.760664907
37.7606513209
37.7606377349
37.7606241489
37.7606105628
37.7605969768
37.7605833907
37.7605698047
37.7605562187
37.7605426326
37.7605290466
37.7605154606
37.7605018745
37.7604882885
37.7604747024
37.7604611164
37.7604475304
37.7604339443
37.7604203583
37.7604067723
37.7603931862
37.7603796002
37.7603660142
37.760892985
37.760879399
37.7608658129
37.7608522269
37.7608386409
37.7608250548
37.7608114688
37.7607978828
37.7607842967
37.7607707107
37.7607571246
37.7607435386
37.7607299526
37.7607163665
37.7607027805
37.7606891945
37.7606756084
37.7606620224
37.7606484363
37.7606348503
37.7606212643
37.7606076782
37.7605940922
37.7605805062
37.7605669201
37.7605533341
37.7605397481
37.760526162
37.760512576
37.7604989899
37.7604854039
37.7604718179
37.7604582318
37.7604446458
37.7604310598
37.7604174737
37.7604038877
37.7603903016
37.7603767156
37.7603631296
37.7608901004
37.7608765144
37.7608629284
37.7608493423
37.7608357563
37.7608221703
37.7608085842
37.7607949982
37.7607814121
37.7607678261
37.7607542401
37.760740654
37.760727068
37.760713482
37.7606998959
37.7606863099
37.7606727238
37.7606591378
37.7606455518
37.7606319657
37.7606183797
37.7606047937
37.7605912076
37.7605776216
37.7605640355
37.7605504495
37.7605368635
37.7605232774
37.7605096914
37.7604961054
37.7604825193
37.7604689333
37.7604553472
37.7604417612
37.7604281752
37.7604145891
37.7604010031
37.7603874171
37.760373831
37.760360245
37.7608872159
37.7608736298
37.7608600438
37.7608464577
37.7608328717
37.7608192857
37.7608056996
37.7607921136
37.7607785276
37.7607649415
37.7607513555
37.7607377694
37.7607241834
37.7607105974
37.7606970113
37.7606834253
37.7606698393
37.7606562532
37.7606426672
37.7606290811
37.7606154951
37.7606019091
37.760588323
37.760574737
37.760561151
37.7605475649
37.7605339789
37.7605203928
37.7605068068
37.7604932208
37.7604796347
37.7604660487
37.7604524627
37.7604388766
37.7604252906
37.7604117045
37.7603981185
37.7603845325
37.7603709464
37.7603573604
37.7608843313
37.7608707452
37.7608571592
37.7608435732
37.7608299871
37.7608164011
37.760802815
37.760789229
37.760775643
37.7607620569
37.7607484709
37.7607348849
37.7607212988
37.7607077128
37.7606941267
37.7606805407
37.7606669547
37.7606533686
37.7606397826
37.7606261966
37.7606126105
37.7605990245
37.7605854384
37.7605718524
37.7605582664
37.7605446803
37.7605310943
37.7605175083
37.7605039222
37.7604903362
37.7604767501
37.7604631641
37.7604495781
37.760435992
37.760422406
37.76040882
37.7603952339
37.7603816479
37.7603680618
37.7603544758
37.7608814467
37.7608678606
37.7608542746
37.7608406886
37.7608271025
37.7608135165
37.7607999305
37.7607863444
37.7607727584
37.7607591723
37.7607455863
37.7607320003
37.7607184142
37.7607048282
37.7606912422
37.7606776561
37.7606640701
37.760650484
37.760636898
37.760623312
37.7606097259
37.7605961399
37.7605825539
37.7605689678
37.7605553818
37.7605417957
37.7605282097
37.7605146237
37.7605010376
37.7604874516
37.7604738656
37.7604602795
37.7604466935
37.7604331074
37.7604195214
37.7604059354
37.7603923493
37.7603787633
37.7603651773
37.7603515912
37.7608785621
37.7608649761
37.76085139
37.760837804
37.7608242179
37.7608106319
37.7607970459
37.7607834598
37.7607698738
37.7607562878
37.7607427017
37.7607291157
37.7607155296
37.7607019436
37.7606883576
37.7606747715
37.7606611855
37.7606475995
37.7606340134
37.7606204274
37.7606068413
37.7605932553
37.7605796693
37.7605660832
37.7605524972
37.7605389112
37.7605253251
37.7605117391
37.760498153
37.760484567
37.760470981
37.7604573949
37.7604438089
37.7604302229
37.7604166368
37.7604030508
37.7603894648
37.7603758787
37.7603622927
37.7603487066
37.7608756775
37.7608620915
37.7608485054
37.7608349194
37.7608213334
37.7608077473
37.7607941613
37.7607805752
37.7607669892
37.7607534032
37.7607398171
37.7607262311
37.7607126451
37.760699059
37.760685473
37.7606718869
37.7606583009
37.7606447149
37.7606311288
37.7606175428
37.7606039568
37.7605903707
37.7605767847
37.7605631987
37.7605496126
37.7605360266
37.7605224405
37.7605088545
37.7604952685
37.7604816824
37.7604680964
37.7604545104
37.7604409243
37.7604273383
37.7604137522
37.7604001662
37.7603865802
37.7603729941
37.7603594081
37.7603458221
37.7608727929
37.7608592069
37.7608456209
37.7608320348
37.7608184488
37.7608048627
37.7607912767
37.7607776907
37.7607641046
37.7607505186
37.7607369326
37.7607233465
37.7607097605
37.7606961744
37.7606825884
37.7606690024
37.7606554163
37.7606418303
37.7606282443
37.7606146582
37.7606010722
37.7605874861
37.7605739001
37.7605603141
37.760546728
37.760533142
37.760519556
37.7605059699
37.7604923839
37.7604787978
37.7604652118
37.7604516258
37.7604380397
37.7604244537
37.7604108677
37.7603972816
37.7603836956
37.7603701095
37.7603565235
37.7603429375
37.7608699083
37.7608563223
37.7608427363
37.7608291502
37.7608155642
37.7608019782
37.7607883921
37.7607748061
37.76076122
37.760747634
37.760734048
37.7607204619
37.7607068759
37.7606932899
37.7606797038
37.7606661178
37.7606525317
37.7606389457
37.7606253597
37.7606117736
37.7605981876
37.7605846016
37.7605710155
37.7605574295
37.7605438434
37.7605302574
37.7605166714
37.7605030853
37.7604894993
37.7604759133
37.7604623272
37.7604487412
37.7604351551
37.7604215691
37.7604079831
37.760394397
37.760380811
37.760367225
37.7603536389
37.7603400529
37.7608670238
37.7608534377
37.7608398517
37.7608262656
37.7608126796
37.7607990936
37.7607855075
37.7607719215
37.7607583355
37.7607447494
37.7607311634
37.7607175773
37.7607039913
37.7606904053
37.7606768192
37.7606632332
37.7606496472
37.7606360611
37.7606224751
37.760608889
37.760595303
37.760581717
37.7605681309
37.7605545449
37.7605409589
37.7605273728
37.7605137868
37.7605002007
37.7604866147
37.7604730287
37.7604594426
37.7604458566
37.7604322706
37.7604186845
37.7604050985
37.7603915124
37.7603779264
37.7603643404
37.7603507543
37.7603371683
37.7608641392
37.7608505531
37.7608369671
37.7608233811
37.760809795
37.760796209
37.7607826229
37.7607690369
37.7607554509
37.7607418648
37.7607282788
37.7607146928
37.7607011067
37.7606875207
37.7606739346
37.7606603486
37.7606467626
37.7606331765
37.7606195905
37.7606060045
37.7605924184
37.7605788324
37.7605652463
37.7605516603
37.7605380743
37.7605244882
37.7605109022
37.7604973162
37.7604837301
37.7604701441
37.760456558
37.760442972
37.760429386
37.7604157999
37.7604022139
37.7603886279
37.7603750418
37.7603614558
37.7603478697
37.7603342837
37.7608612546
37.7608476685
37.7608340825
37.7608204965
37.7608069104
37.7607933244
37.7607797384
37.7607661523
37.7607525663
37.7607389802
37.7607253942
37.7607118082
37.7606982221
37.7606846361
37.7606710501
37.760657464
37.760643878
37.7606302919
37.7606167059
37.7606031199
37.7605895338
37.7605759478
37.7605623618
37.7605487757
37.7605351897
37.7605216036
37.7605080176
37.7604944316
37.7604808455
37.7604672595
37.7604536735
37.7604400874
37.7604265014
37.7604129154
37.7603993293
37.7603857433
37.7603721572
37.7603585712
37.7603449852
37.7603313991
37.76085837
37.760844784
37.7608311979
37.7608176119
37.7608040258
37.7607904398
37.7607768538
37.7607632677
37.7607496817
37.7607360957
37.7607225096
37.7607089236
37.7606953375
37.7606817515
37.7606681655
37.7606545794
37.7606409934
37.7606274074
37.7606138213
37.7606002353
37.7605866493
37.7605730632
37.7605594772
37.7605458911
37.7605323051
37.7605187191
37.760505133
37.760491547
37.760477961
37.7604643749
37.7604507889
37.7604372028
37.7604236168
37.7604100308
37.7603964447
37.7603828587
37.7603692727
37.7603556866
37.7603421006
37.7603285145
37.7608554854
37.7608418994
37.7608283133
37.7608147273
37.7608011413
37.7607875552
37.7607739692
37.7607603832
37.7607467971
37.7607332111
37.760719625
37.760706039
37.760692453
37.7606788669
37.7606652809
37.7606516949
37.7606381088
37.7606245228
37.7606109367
37.7605973507
37.7605837647
37.7605701786
37.7605565926
37.7605430066
37.7605294205
37.7605158345
37.7605022484
37.7604886624
37.7604750764
37.7604614903
37.7604479043
37.7604343183
37.7604207322
37.7604071462
37.7603935601
37.7603799741
37.7603663881
37.760352802
37.760339216
37.76032563
37.7608526008
37.7608390148
37.7608254288
37.7608118427
37.7607982567
37.7607846706
37.7607710846
37.7607574986
37.7607439125
37.7607303265
37.7607167405
37.7607031544
37.7606895684
37.7606759823
37.7606623963
37.7606488103
37.7606352242
37.7606216382
37.7606080522
37.7605944661
37.7605808801
37.760567294
37.760553708
37.760540122
37.7605265359
37.7605129499
37.7604993639
37.7604857778
37.7604721918
37.7604586057
37.7604450197
37.7604314337
37.7604178476
37.7604042616
37.7603906756
37.7603770895
37.7603635035
37.7603499174
37.7603363314
37.7603227454
37.7608497162
37.7608361302
37.7608225442
37.7608089581
37.7607953721
37.7607817861
37.7607682
37.760754614
37.7607410279
37.7607274419
37.7607138559
37.7607002698
37.7606866838
37.7606730978
37.7606595117
37.7606459257
37.7606323396
37.7606187536
37.7606051676
37.7605915815
37.7605779955
37.7605644095
37.7605508234
37.7605372374
37.7605236513
37.7605100653
37.7604964793
37.7604828932
37.7604693072
37.7604557212
37.7604421351
37.7604285491
37.760414963
37.760401377
37.760387791
37.7603742049
37.7603606189
37.7603470329
37.7603334468
37.7603198608
37.7608468317
37.7608332456
37.7608196596
37.7608060735
37.7607924875
37.7607789015
37.7607653154
37.7607517294
37.7607381434
37.7607245573
37.7607109713
37.7606973852
37.7606837992
37.7606702132
37.7606566271
37.7606430411
37.7606294551
37.760615869
37.760602283
37.7605886969
37.7605751109
37.7605615249
37.7605479388
37.7605343528
37.7605207668
37.7605071807
37.7604935947
37.7604800086
37.7604664226
37.7604528366
37.7604392505
37.7604256645
37.7604120785
37.7603984924
37.7603849064
37.7603713203
37.7603577343
37.7603441483
37.7603305622
37.7603169762
37.7608439471
37.760830361
37.760816775
37.760803189
37.7607896029
37.7607760169
37.7607624308
37.7607488448
37.7607352588
37.7607216727
37.7607080867
37.7606945007
37.7606809146
37.7606673286
37.7606537425
37.7606401565
37.7606265705
37.7606129844
37.7605993984
37.7605858124
37.7605722263
37.7605586403
37.7605450542
37.7605314682
37.7605178822
37.7605042961
37.7604907101
37.7604771241
37.760463538
37.760449952
37.760436366
37.7604227799
37.7604091939
37.7603956078
37.7603820218
37.7603684358
37.7603548497
37.7603412637
37.7603276777
37.7603140916
37.7608410625
37.7608274764
37.7608138904
37.7608003044
37.7607867183
37.7607731323
37.7607595463
37.7607459602
37.7607323742
37.7607187881
37.7607052021
37.7606916161
37.76067803
37.760664444
37.760650858
37.7606372719
37.7606236859
37.7606100999
37.7605965138
37.7605829278
37.7605693417
37.7605557557
37.7605421697
37.7605285836
37.7605149976
37.7605014116
37.7604878255
37.7604742395
37.7604606534
37.7604470674
37.7604334814
37.7604198953
37.7604063093
37.7603927233
37.7603791372
37.7603655512
37.7603519651
37.7603383791
37.7603247931
37.760311207
37.7608381779
37.7608245919
37.7608110058
37.7607974198
37.7607838338
37.7607702477
37.7607566617
37.7607430756
37.7607294896
37.7607159036
37.7607023175
37.7606887315
37.7606751455
37.7606615594
37.7606479734
37.7606343873
37.7606208013
37.7606072153
37.7605936292
37.7605800432
37.7605664572
37.7605528711
37.7605392851
37.760525699
37.760512113
37.760498527
37.7604849409
37.7604713549
37.7604577689
37.7604441828
37.7604305968
37.7604170107
37.7604034247
37.7603898387
37.7603762526
37.7603626666
37.7603490806
37.7603354945
37.7603219085
37.7603083224
37.7608352933
37.7608217073
37.7608081212
37.7607945352
37.7607809492
37.7607673631
37.7607537771
37.7607401911
37.760726605
37.760713019
37.7606994329
37.7606858469
37.7606722609
37.7606586748
37.7606450888
37.7606315028
37.7606179167
37.7606043307
37.7605907446
37.7605771586
37.7605635726
37.7605499865
37.7605364005
37.7605228145
37.7605092284
37.7604956424
37.7604820563
37.7604684703
37.7604548843
37.7604412982
37.7604277122
37.7604141262
37.7604005401
37.7603869541
37.760373368
37.760359782
37.760346196
37.7603326099
37.7603190239
37.7603054379
37.7608324087
37.7608188227
37.7608052367
37.7607916506
37.7607780646
37.7607644785
37.7607508925
37.7607373065
37.7607237204
37.7607101344
37.7606965484
37.7606829623
37.7606693763
37.7606557902
37.7606422042
37.7606286182
37.7606150321
37.7606014461
37.7605878601
37.760574274
37.760560688
37.7605471019
37.7605335159
37.7605199299
37.7605063438
37.7604927578
37.7604791718
37.7604655857
37.7604519997
37.7604384136
37.7604248276
37.7604112416
37.7603976555
37.7603840695
37.7603704835
37.7603568974
37.7603433114
37.7603297253
37.7603161393
37.7603025533
37.7608295241
37.7608159381
37.7608023521
37.760788766
37.76077518
37.760761594
37.7607480079
37.7607344219
37.7607208358
37.7607072498
37.7606936638
37.7606800777
37.7606664917
37.7606529057
37.7606393196
37.7606257336
37.7606121475
37.7605985615
37.7605849755
37.7605713894
37.7605578034
37.7605442174
37.7605306313
37.7605170453
37.7605034592
37.7604898732
37.7604762872
37.7604627011
37.7604491151
37.7604355291
37.760421943
37.760408357
37.7603947709
37.7603811849
37.7603675989
37.7603540128
37.7603404268
37.7603268408
37.7603132547
37.7602996687
37.7608266396
37.7608130535
37.7607994675
37.7607858814
37.7607722954
37.7607587094
37.7607451233
37.7607315373
37.7607179513
37.7607043652
37.7606907792
37.7606771931
37.7606636071
37.7606500211
37.760636435
37.760622849
37.760609263
37.7605956769
37.7605820909
37.7605685048
37.7605549188
37.7605413328
37.7605277467
37.7605141607
37.7605005747
37.7604869886
37.7604734026
37.7604598166
37.7604462305
37.7604326445
37.7604190584
37.7604054724
37.7603918864
37.7603783003
37.7603647143
37.7603511283
37.7603375422
37.7603239562
37.7603103701
37.7602967841
37.760823755
37.7608101689
37.7607965829
37.7607829969
37.7607694108
37.7607558248
37.7607422387
37.7607286527
37.7607150667
37.7607014806
37.7606878946
37.7606743086
37.7606607225
37.7606471365
37.7606335505
37.7606199644
37.7606063784
37.7605927923
37.7605792063
37.7605656203
37.7605520342
37.7605384482
37.7605248622
37.7605112761
37.7604976901
37.760484104
37.760470518
37.760456932
37.7604433459
37.7604297599
37.7604161739
37.7604025878
37.7603890018
37.7603754157
37.7603618297
37.7603482437
37.7603346576
37.7603210716
37.7603074856
37.7602938995
37.7608208704
37.7608072844
37.7607936983
37.7607801123
37.7607665262
37.7607529402
37.7607393542
37.7607257681
37.7607121821
37.7606985961
37.76068501
37.760671424
37.7606578379
37.7606442519
37.7606306659
37.7606170798
37.7606034938
37.7605899078
37.7605763217
37.7605627357
37.7605491496
37.7605355636
37.7605219776
37.7605083915
37.7604948055
37.7604812195
37.7604676334
37.7604540474
37.7604404613
37.7604268753
37.7604132893
37.7603997032
37.7603861172
37.7603725312
37.7603589451
37.7603453591
37.760331773
37.760318187
37.760304601
37.7602910149
37.7608179858
37.7608043998
37.7607908137
37.7607772277
37.7607636417
37.7607500556
37.7607364696
37.7607228835
37.7607092975
37.7606957115
37.7606821254
37.7606685394
37.7606549534
37.7606413673
37.7606277813
37.7606141952
37.7606006092
37.7605870232
37.7605734371
37.7605598511
37.7605462651
37.760532679
37.760519093
37.7605055069
37.7604919209
37.7604783349
37.7604647488
37.7604511628
37.7604375768
37.7604239907
37.7604104047
37.7603968186
37.7603832326
37.7603696466
37.7603560605
37.7603424745
37.7603288885
37.7603153024
37.7603017164
37.7602881303
37.7608151012
37.7608015152
37.7607879291
37.7607743431
37.7607607571
37.760747171
37.760733585
37.760719999
37.7607064129
37.7606928269
37.7606792408
37.7606656548
37.7606520688
37.7606384827
37.7606248967
37.7606113107
37.7605977246
37.7605841386
37.7605705525
37.7605569665
37.7605433805
37.7605297944
37.7605162084
37.7605026224
37.7604890363
37.7604754503
37.7604618642
37.7604482782
37.7604346922
37.7604211061
37.7604075201
37.7603939341
37.760380348
37.760366762
37.7603531759
37.7603395899
37.7603260039
37.7603124178
37.7602988318
37.7602852458
37.7608122166
37.7607986306
37.7607850446
37.7607714585
37.7607578725
37.7607442864
37.7607307004
37.7607171144
37.7607035283
37.7606899423
37.7606763563
37.7606627702
37.7606491842
37.7606355981
37.7606220121
37.7606084261
37.76059484
37.760581254
37.760567668
37.7605540819
37.7605404959
37.7605269098
37.7605133238
37.7604997378
37.7604861517
37.7604725657
37.7604589797
37.7604453936
37.7604318076
37.7604182215
37.7604046355
37.7603910495
37.7603774634
37.7603638774
37.7603502914
37.7603367053
37.7603231193
37.7603095332
37.7602959472
37.7602823612
37.760809332
37.760795746
37.76078216
37.7607685739
37.7607549879
37.7607414019
37.7607278158
37.7607142298
37.7607006437
37.7606870577
37.7606734717
37.7606598856
37.7606462996
37.7606327136
37.7606191275
37.7606055415
37.7605919554
37.7605783694
37.7605647834
37.7605511973
37.7605376113
37.7605240253
37.7605104392
37.7604968532
37.7604832672
37.7604696811
37.7604560951
37.760442509
37.760428923
37.760415337
37.7604017509
37.7603881649
37.7603745789
37.7603609928
37.7603474068
37.7603338207
37.7603202347
37.7603066487
37.7602930626
37.7602794766
