37.7589941458
37.759075526
37.7591569063
37.7592382865
37.7593196667
37.7594010469
37.7594824271
37.7595638073
37.7596451875
37.7597265677
37.7598079479
37.7598893281
37.7599707083
37.7600520885
37.7601334688
37.760214849
37.7602962292
37.7603776094
37.7604589896
37.7605403698
37.76062175
37.7607031302
37.7607845104
37.7608658906
37.7609472708
37.761028651
37.7611100313
37.7611914115
37.7612727917
37.7613541719
37.7614355521
37.7615169323
37.7615983125
37.7616796927
37.7617610729
37.7618424531
37.7619238333
37.7620052135
37.7620865938
37.762167974
