37.74812375
37.7481888542
37.7482539583
37.7483190625
37.7483841667
37.7484492708
37.748514375
37.7485794792
37.7486445833
37.7487096875
37.7487747917
37.7488398958
37.748905
37.7489701042
37.7490352083
37.7491003125
37.7491654167
37.7492305208
37.749295625
37.7493607292
37.7494258333
37.7494909375
37.7495560417
37.7496211458
37.74968625
37.7497513542
37.7498164583
37.7498815625
37.7499466667
37.7500117708
37.750076875
37.7501419792
37.7502070833
37.7502721875
37.7503372917
37.7504023958
37.7504675
37.7505326042
37.7505977083
37.7506628125
37.7507279167
37.7507930208
37.750858125
37.7509232292
37.7509883333
37.7510534375
37.7511185417
37.7511836458
37.75124875
37.7513138542
37.7513789583
37.7514440625
37.7515091667
37.7515742708
37.751639375
37.7517044792
37.7517695833
37.7518346875
37.7518997917
37.7519648958
37.75203
37.7520951042
37.7521602083
37.7522253125
37.7522904167
37.7523555208
37.752420625
37.7524857292
37.7525508333
37.7526159375
