37.7510334209
37.7510198349
37.7510062488
37.7509926628
37.7509790767
37.7509654907
37.7509519047
37.7509383186
37.7509247326
37.7509111466
37.7508975605
37.7508839745
37.7508703884
37.7508568024
37.7508432164
37.7508296303
37.7508160443
37.7508024583
37.7507888722
37.7507752862
37.7507617001
37.7507481141
37.7507345281
37.750720942
37.750707356
37.75069377
37.7506801839
37.7506665979
37.7506530118
37.7506394258
37.7506258398
37.7506122537
37.7505986677
37.7505850817
37.7505714956
37.7505579096
37.7505443235
37.7505307375
37.7505171515
37.7505035654
37.7504899794
37.7504763934
37.7504628073
37.7504492213
37.7504356352
37.7504220492
37.7504084632
37.7503948771
37.7503812911
37.7503677051
37.750354119
37.750340533
37.750326947
37.7503133609
37.7502997749
37.7502861888
37.7502726028
37.7502590168
37.7502454307
37.7502318447
37.7502182587
37.7502046726
37.7501910866
37.7501775005
37.7501639145
37.7501503285
37.7501367424
37.7501231564
37.7501095704
37.7500959843
37.7510305363
37.7510169503
37.7510033642
37.7509897782
37.7509761922
37.7509626061
37.7509490201
37.750935434
37.750921848
37.750908262
37.7508946759
37.7508810899
37.7508675039
37.7508539178
37.7508403318
37.7508267457
37.7508131597
37.7507995737
37.7507859876
37.7507724016
37.7507588156
37.7507452295
37.7507316435
37.7507180574
37.7507044714
37.7506908854
37.7506772993
37.7506637133
37.7506501273
37.7506365412
37.7506229552
37.7506093692
37.7505957831
37.7505821971
37.750568611
37.750555025
37.750541439
37.7505278529
37.7505142669
37.7505006809
37.7504870948
37.7504735088
37.7504599227
37.7504463367
37.7504327507
37.7504191646
37.7504055786
37.7503919926
37.7503784065
37.7503648205
37.7503512344
37.7503376484
37.7503240624
37.7503104763
37.7502968903
37.7502833043
37.7502697182
37.7502561322
37.7502425461
37.7502289601
37.7502153741
37.750201788
37.750188202
37.750174616
37.7501610299
37.7501474439
37.7501338578
37.7501202718
37.7501066858
37.7500930997
37.7510276517
37.7510140657
37.7510004796
37.7509868936
37.7509733076
37.7509597215
37.7509461355
37.7509325495
37.7509189634
37.7509053774
37.7508917913
37.7508782053
37.7508646193
37.7508510332
37.7508374472
37.7508238612
37.7508102751
37.7507966891
37.7507831031
37.750769517
37.750755931
37.7507423449
37.7507287589
37.7507151729
37.7507015868
37.7506880008
37.7506744148
37.7506608287
37.7506472427
37.7506336566
37.7506200706
37.7506064846
37.7505928985
37.7505793125
37.7505657265
37.7505521404
37.7505385544
37.7505249683
37.7505113823
37.7504977963
37.7504842102
37.7504706242
37.7504570382
37.7504434521
37.7504298661
37.75041628
37.750402694
37.750389108
37.7503755219
37.7503619359
37.7503483499
37.7503347638
37.7503211778
37.7503075917
37.7502940057
37.7502804197
37.7502668336
37.7502532476
37.7502396616
37.7502260755
37.7502124895
37.7501989034
37.7501853174
37.7501717314
37.7501581453
37.7501445593
37.7501309733
37.7501173872
37.7501038012
37.7500902151
37.7510247671
37.7510111811
37.7509975951
37.750984009
37.750970423
37.750956837
37.7509432509
37.7509296649
37.7509160788
37.7509024928
37.7508889068
37.7508753207
37.7508617347
37.7508481487
37.7508345626
37.7508209766
37.7508073905
37.7507938045
37.7507802185
37.7507666324
37.7507530464
37.7507394604
37.7507258743
37.7507122883
37.7506987022
37.7506851162
37.7506715302
37.7506579441
37.7506443581
37.7506307721
37.750617186
37.7506036
37.7505900139
37.7505764279
37.7505628419
37.7505492558
37.7505356698
37.7505220838
37.7505084977
37.7504949117
37.7504813256
37.7504677396
37.7504541536
37.7504405675
37.7504269815
37.7504133955
37.7503998094
37.7503862234
37.7503726373
37.7503590513
37.7503454653
37.7503318792
37.7503182932
37.7503047072
37.7502911211
37.7502775351
37.750263949
37.750250363
37.750236777
37.7502231909
37.7502096049
37.7501960189
37.7501824328
37.7501688468
37.7501552607
37.7501416747
37.7501280887
37.7501145026
37.7501009166
37.7500873306
37.7510218826
37.7510082965
37.7509947105
37.7509811244
37.7509675384
37.7509539524
37.7509403663
37.7509267803
37.7509131943
37.7508996082
37.7508860222
37.7508724361
37.7508588501
37.7508452641
37.750831678
37.750818092
37.750804506
37.7507909199
37.7507773339
37.7507637478
37.7507501618
37.7507365758
37.7507229897
37.7507094037
37.7506958177
37.7506822316
37.7506686456
37.7506550595
37.7506414735
37.7506278875
37.7506143014
37.7506007154
37.7505871294
37.7505735433
37.7505599573
37.7505463712
37.7505327852
37.7505191992
37.7505056131
37.7504920271
37.7504784411
37.750464855
37.750451269
37.7504376829
37.7504240969
37.7504105109
37.7503969248
37.7503833388
37.7503697528
37.7503561667
37.7503425807
37.7503289946
37.7503154086
37.7503018226
37.7502882365
37.7502746505
37.7502610645
37.7502474784
37.7502338924
37.7502203063
37.7502067203
37.7501931343
37.7501795482
37.7501659622
37.7501523762
37.7501387901
37.7501252041
37.750111618
37.750098032
37.750084446
37.751018998
37.7510054119
37.7509918259
37.7509782399
37.7509646538
37.7509510678
37.7509374817
37.7509238957
37.7509103097
37.7508967236
37.7508831376
37.7508695516
37.7508559655
37.7508423795
37.7508287934
37.7508152074
37.7508016214
37.7507880353
37.7507744493
37.7507608633
37.7507472772
37.7507336912
37.7507201051
37.7507065191
37.7506929331
37.750679347
37.750665761
37.750652175
37.7506385889
37.7506250029
37.7506114168
37.7505978308
37.7505842448
37.7505706587
37.7505570727
37.7505434867
37.7505299006
37.7505163146
37.7505027285
37.7504891425
37.7504755565
37.7504619704
37.7504483844
37.7504347984
37.7504212123
37.7504076263
37.7503940402
37.7503804542
37.7503668682
37.7503532821
37.7503396961
37.7503261101
37.750312524
37.750298938
37.7502853519
37.7502717659
37.7502581799
37.7502445938
37.7502310078
37.7502174218
37.7502038357
37.7501902497
37.7501766636
37.7501630776
37.7501494916
37.7501359055
37.7501223195
37.7501087335
37.7500951474
37.7500815614
37.7510161134
37.7510025273
37.7509889413
37.7509753553
37.7509617692
37.7509481832
37.7509345972
37.7509210111
37.7509074251
37.750893839
37.750880253
37.750866667
37.7508530809
37.7508394949
37.7508259089
37.7508123228
37.7507987368
37.7507851507
37.7507715647
37.7507579787
37.7507443926
37.7507308066
37.7507172206
37.7507036345
37.7506900485
37.7506764624
37.7506628764
37.7506492904
37.7506357043
37.7506221183
37.7506085323
37.7505949462
37.7505813602
37.7505677741
37.7505541881
37.7505406021
37.750527016
37.75051343
37.750499844
37.7504862579
37.7504726719
37.7504590858
37.7504454998
37.7504319138
37.7504183277
37.7504047417
37.7503911557
37.7503775696
37.7503639836
37.7503503976
37.7503368115
37.7503232255
37.7503096394
37.7502960534
37.7502824674
37.7502688813
37.7502552953
37.7502417093
37.7502281232
37.7502145372
37.7502009511
37.7501873651
37.7501737791
37.750160193
37.750146607
37.750133021
37.7501194349
37.7501058489
37.7500922628
37.7500786768
37.7510132288
37.7509996428
37.7509860567
37.7509724707
37.7509588846
37.7509452986
37.7509317126
37.7509181265
37.7509045405
37.7508909545
37.7508773684
37.7508637824
37.7508501963
37.7508366103
37.7508230243
37.7508094382
37.7507958522
37.7507822662
37.7507686801
37.7507550941
37.750741508
37.750727922
37.750714336
37.7507007499
37.7506871639
37.7506735779
37.7506599918
37.7506464058
37.7506328198
37.7506192337
37.7506056477
37.7505920616
37.7505784756
37.7505648896
37.7505513035
37.7505377175
37.7505241315
37.7505105454
37.7504969594
37.7504833733
37.7504697873
37.7504562013
37.7504426152
37.7504290292
37.7504154432
37.7504018571
37.7503882711
37.750374685
37.750361099
37.750347513
37.7503339269
37.7503203409
37.7503067549
37.7502931688
37.7502795828
37.7502659967
37.7502524107
37.7502388247
37.7502252386
37.7502116526
37.7501980666
37.7501844805
37.7501708945
37.7501573084
37.7501437224
37.7501301364
37.7501165503
37.7501029643
37.7500893783
37.7500757922
37.7510103442
37.7509967582
37.7509831721
37.7509695861
37.7509560001
37.750942414
37.750928828
37.7509152419
37.7509016559
37.7508880699
37.7508744838
37.7508608978
37.7508473118
37.7508337257
37.7508201397
37.7508065537
37.7507929676
37.7507793816
37.7507657955
37.7507522095
37.7507386235
37.7507250374
37.7507114514
37.7506978654
37.7506842793
37.7506706933
37.7506571072
37.7506435212
37.7506299352
37.7506163491
37.7506027631
37.7505891771
37.750575591
37.750562005
37.7505484189
37.7505348329
37.7505212469
37.7505076608
37.7504940748
37.7504804888
37.7504669027
37.7504533167
37.7504397306
37.7504261446
37.7504125586
37.7503989725
37.7503853865
37.7503718005
37.7503582144
37.7503446284
37.7503310423
37.7503174563
37.7503038703
37.7502902842
37.7502766982
37.7502631122
37.7502495261
37.7502359401
37.750222354
37.750208768
37.750195182
37.7501815959
37.7501680099
37.7501544239
37.7501408378
37.7501272518
37.7501136657
37.7501000797
37.7500864937
37.7500729076
37.7510074596
37.7509938736
37.7509802876
37.7509667015
37.7509531155
37.7509395294
37.7509259434
37.7509123574
37.7508987713
37.7508851853
37.7508715993
37.7508580132
37.7508444272
37.7508308411
37.7508172551
37.7508036691
37.750790083
37.750776497
37.750762911
37.7507493249
37.7507357389
37.7507221528
37.7507085668
37.7506949808
37.7506813947
37.7506678087
37.7506542227
37.7506406366
37.7506270506
37.7506134645
37.7505998785
37.7505862925
37.7505727064
37.7505591204
37.7505455344
37.7505319483
37.7505183623
37.7505047762
37.7504911902
37.7504776042
37.7504640181
37.7504504321
37.7504368461
37.75042326
37.750409674
37.7503960879
37.7503825019
37.7503689159
37.7503553298
37.7503417438
37.7503281578
37.7503145717
37.7503009857
37.7502873996
37.7502738136
37.7502602276
37.7502466415
37.7502330555
37.7502194695
37.7502058834
37.7501922974
37.7501787113
37.7501651253
37.7501515393
37.7501379532
37.7501243672
37.7501107812
37.7500971951
37.7500836091
37.750070023
37.751004575
37.750990989
37.750977403
37.7509638169
37.7509502309
37.7509366449
37.7509230588
37.7509094728
37.7508958867
37.7508823007
37.7508687147
37.7508551286
37.7508415426
37.7508279566
37.7508143705
37.7508007845
37.7507871984
37.7507736124
37.7507600264
37.7507464403
37.7507328543
37.7507192683
37.7507056822
37.7506920962
37.7506785101
37.7506649241
37.7506513381
37.750637752
37.750624166
37.75061058
37.7505969939
37.7505834079
37.7505698218
37.7505562358
37.7505426498
37.7505290637
37.7505154777
37.7505018917
37.7504883056
37.7504747196
37.7504611335
37.7504475475
37.7504339615
37.7504203754
37.7504067894
37.7503932034
37.7503796173
37.7503660313
37.7503524452
37.7503388592
37.7503252732
37.7503116871
37.7502981011
37.7502845151
37.750270929
37.750257343
37.7502437569
37.7502301709
37.7502165849
37.7502029988
37.7501894128
37.7501758268
37.7501622407
37.7501486547
37.7501350686
37.7501214826
37.7501078966
37.7500943105
37.7500807245
37.7500671385
37.7510016905
37.7509881044
37.7509745184
37.7509609323
37.7509473463
37.7509337603
37.7509201742
37.7509065882
37.7508930022
37.7508794161
37.7508658301
37.750852244
37.750838658
37.750825072
37.7508114859
37.7507978999
37.7507843139
37.7507707278
37.7507571418
37.7507435557
37.7507299697
37.7507163837
37.7507027976
37.7506892116
37.7506756256
37.7506620395
37.7506484535
37.7506348674
37.7506212814
37.7506076954
37.7505941093
37.7505805233
37.7505669373
37.7505533512
37.7505397652
37.7505261791
37.7505125931
37.7504990071
37.750485421
37.750471835
37.750458249
37.7504446629
37.7504310769
37.7504174908
37.7504039048
37.7503903188
37.7503767327
37.7503631467
37.7503495607
37.7503359746
37.7503223886
37.7503088025
37.7502952165
37.7502816305
37.7502680444
37.7502544584
37.7502408724
37.7502272863
37.7502137003
37.7502001142
37.7501865282
37.7501729422
37.7501593561
37.7501457701
37.7501321841
37.750118598
37.750105012
37.750091426
37.7500778399
37.7500642539
37.7509988059
37.7509852198
37.7509716338
37.7509580478
37.7509444617
37.7509308757
37.7509172896
37.7509037036
37.7508901176
37.7508765315
37.7508629455
37.7508493595
37.7508357734
37.7508221874
37.7508086013
37.7507950153
37.7507814293
37.7507678432
37.7507542572
37.7507406712
37.7507270851
37.7507134991
37.750699913
37.750686327
37.750672741
37.7506591549
37.7506455689
37.7506319829
37.7506183968
37.7506048108
37.7505912247
37.7505776387
37.7505640527
37.7505504666
37.7505368806
37.7505232946
37.7505097085
37.7504961225
37.7504825364
37.7504689504
37.7504553644
37.7504417783
37.7504281923
37.7504146063
37.7504010202
37.7503874342
37.7503738482
37.7503602621
37.7503466761
37.75033309
37.750319504
37.750305918
37.7502923319
37.7502787459
37.7502651599
37.7502515738
37.7502379878
37.7502244017
37.7502108157
37.7501972297
37.7501836436
37.7501700576
37.7501564716
37.7501428855
37.7501292995
37.7501157134
37.7501021274
37.7500885414
37.7500749553
37.7500613693
37.7509959213
37.7509823352
37.7509687492
37.7509551632
37.7509415771
37.7509279911
37.7509144051
37.750900819
37.750887233
37.7508736469
37.7508600609
37.7508464749
37.7508328888
37.7508193028
37.7508057168
37.7507921307
37.7507785447
37.7507649586
37.7507513726
37.7507377866
37.7507242005
37.7507106145
37.7506970285
37.7506834424
37.7506698564
37.7506562704
37.7506426843
37.7506290983
37.7506155122
37.7506019262
37.7505883402
37.7505747541
37.7505611681
37.7505475821
37.750533996
37.75052041
37.7505068239
37.7504932379
37.7504796519
37.7504660658
37.7504524798
37.7504388938
37.7504253077
37.7504117217
37.7503981356
37.7503845496
37.7503709636
37.7503573775
37.7503437915
37.7503302055
37.7503166194
37.7503030334
37.7502894473
37.7502758613
37.7502622753
37.7502486892
37.7502351032
37.7502215172
37.7502079311
37.7501943451
37.750180759
37.750167173
37.750153587
37.7501400009
37.7501264149
37.7501128289
37.7500992428
37.7500856568
37.7500720707
37.7500584847
37.7509930367
37.7509794507
37.7509658646
37.7509522786
37.7509386925
37.7509251065
37.7509115205
37.7508979344
37.7508843484
37.7508707624
37.7508571763
37.7508435903
37.7508300043
37.7508164182
37.7508028322
37.7507892461
37.7507756601
37.7507620741
37.750748488
37.750734902
37.750721316
37.7507077299
37.7506941439
37.7506805578
37.7506669718
37.7506533858
37.7506397997
37.7506262137
37.7506126277
37.7505990416
37.7505854556
37.7505718695
37.7505582835
37.7505446975
37.7505311114
37.7505175254
37.7505039394
37.7504903533
37.7504767673
37.7504631812
37.7504495952
37.7504360092
37.7504224231
37.7504088371
37.7503952511
37.750381665
37.750368079
37.7503544929
37.7503409069
37.7503273209
37.7503137348
37.7503001488
37.7502865628
37.7502729767
37.7502593907
37.7502458046
37.7502322186
37.7502186326
37.7502050465
37.7501914605
37.7501778745
37.7501642884
37.7501507024
37.7501371163
37.7501235303
37.7501099443
37.7500963582
37.7500827722
37.7500691862
37.7500556001
37.7509901521
37.7509765661
37.75096298
37.750949394
37.750935808
37.7509222219
37.7509086359
37.7508950499
37.7508814638
37.7508678778
37.7508542917
37.7508407057
37.7508271197
37.7508135336
37.7507999476
37.7507863616
37.7507727755
37.7507591895
37.7507456034
37.7507320174
37.7507184314
37.7507048453
37.7506912593
37.7506776733
37.7506640872
37.7506505012
37.7506369151
37.7506233291
37.7506097431
37.750596157
37.750582571
37.750568985
37.7505553989
37.7505418129
37.7505282268
37.7505146408
37.7505010548
37.7504874687
37.7504738827
37.7504602967
37.7504467106
37.7504331246
37.7504195385
37.7504059525
37.7503923665
37.7503787804
37.7503651944
37.7503516084
37.7503380223
37.7503244363
37.7503108502
37.7502972642
37.7502836782
37.7502700921
37.7502565061
37.7502429201
37.750229334
37.750215748
37.7502021619
37.7501885759
37.7501749899
37.7501614038
37.7501478178
37.7501342318
37.7501206457
37.7501070597
37.7500934736
37.7500798876
37.7500663016
37.7500527155
37.7509872675
37.7509736815
37.7509600955
37.7509465094
37.7509329234
37.7509193373
37.7509057513
37.7508921653
37.7508785792
37.7508649932
37.7508514072
37.7508378211
37.7508242351
37.750810649
37.750797063
37.750783477
37.7507698909
37.7507563049
37.7507427189
37.7507291328
37.7507155468
37.7507019607
37.7506883747
37.7506747887
37.7506612026
37.7506476166
37.7506340306
37.7506204445
37.7506068585
37.7505932724
37.7505796864
37.7505661004
37.7505525143
37.7505389283
37.7505253423
37.7505117562
37.7504981702
37.7504845841
37.7504709981
37.7504574121
37.750443826
37.75043024
37.750416654
37.7504030679
37.7503894819
37.7503758958
37.7503623098
37.7503487238
37.7503351377
37.7503215517
37.7503079657
37.7502943796
37.7502807936
37.7502672075
37.7502536215
37.7502400355
37.7502264494
37.7502128634
37.7501992774
37.7501856913
37.7501721053
37.7501585192
37.7501449332
37.7501313472
37.7501177611
37.7501041751
37.7500905891
37.750077003
37.750063417
37.7500498309
37.7509843829
37.7509707969
37.7509572109
37.7509436248
37.7509300388
37.7509164528
37.7509028667
37.7508892807
37.7508756946
37.7508621086
37.7508485226
37.7508349365
37.7508213505
37.7508077645
37.7507941784
37.7507805924
37.7507670063
37.7507534203
37.7507398343
37.7507262482
37.7507126622
37.7506990762
37.7506854901
37.7506719041
37.750658318
37.750644732
37.750631146
37.7506175599
37.7506039739
37.7505903879
37.7505768018
37.7505632158
37.7505496297
37.7505360437
37.7505224577
37.7505088716
37.7504952856
37.7504816996
37.7504681135
37.7504545275
37.7504409414
37.7504273554
37.7504137694
37.7504001833
37.7503865973
37.7503730113
37.7503594252
37.7503458392
37.7503322531
37.7503186671
37.7503050811
37.750291495
37.750277909
37.750264323
37.7502507369
37.7502371509
37.7502235648
37.7502099788
37.7501963928
37.7501828067
37.7501692207
37.7501556347
37.7501420486
37.7501284626
37.7501148766
37.7501012905
37.7500877045
37.7500741184
37.7500605324
37.7500469464
37.7509814984
37.7509679123
37.7509543263
37.7509407402
37.7509271542
37.7509135682
37.7508999821
37.7508863961
37.7508728101
37.750859224
37.750845638
37.7508320519
37.7508184659
37.7508048799
37.7507912938
37.7507777078
37.7507641218
37.7507505357
37.7507369497
37.7507233636
37.7507097776
37.7506961916
37.7506826055
37.7506690195
37.7506554335
37.7506418474
37.7506282614
37.7506146753
37.7506010893
37.7505875033
37.7505739172
37.7505603312
37.7505467452
37.7505331591
37.7505195731
37.750505987
37.750492401
37.750478815
37.7504652289
37.7504516429
37.7504380569
37.7504244708
37.7504108848
37.7503972988
37.7503837127
37.7503701267
37.7503565406
37.7503429546
37.7503293686
37.7503157825
37.7503021965
37.7502886105
37.7502750244
37.7502614384
37.7502478523
37.7502342663
37.7502206803
37.7502070942
37.7501935082
37.7501799222
37.7501663361
37.7501527501
37.750139164
37.750125578
37.750111992
37.7500984059
37.7500848199
37.7500712339
37.7500576478
37.7500440618
37.7509786138
37.7509650277
37.7509514417
37.7509378557
37.7509242696
37.7509106836
37.7508970975
37.7508835115
37.7508699255
37.7508563394
37.7508427534
37.7508291674
37.7508155813
37.7508019953
37.7507884092
37.7507748232
37.7507612372
37.7507476511
37.7507340651
37.7507204791
37.750706893
37.750693307
37.750679721
37.7506661349
37.7506525489
37.7506389628
37.7506253768
37.7506117908
37.7505982047
37.7505846187
37.7505710327
37.7505574466
37.7505438606
37.7505302745
37.7505166885
37.7505031025
37.7504895164
37.7504759304
37.7504623444
37.7504487583
37.7504351723
37.7504215862
37.7504080002
37.7503944142
37.7503808281
37.7503672421
37.7503536561
37.75034007
37.750326484
37.7503128979
37.7502993119
37.7502857259
37.7502721398
37.7502585538
37.7502449678
37.7502313817
37.7502177957
37.7502042096
37.7501906236
37.7501770376
37.7501634515
37.7501498655
37.7501362795
37.7501226934
37.7501091074
37.7500955213
37.7500819353
37.7500683493
37.7500547632
37.7500411772
37.7509757292
37.7509621431
37.7509485571
37.7509349711
37.750921385
37.750907799
37.750894213
37.7508806269
37.7508670409
37.7508534549
37.7508398688
37.7508262828
37.7508126967
37.7507991107
37.7507855247
37.7507719386
37.7507583526
37.7507447666
37.7507311805
37.7507175945
37.7507040084
37.7506904224
37.7506768364
37.7506632503
37.7506496643
37.7506360783
37.7506224922
37.7506089062
37.7505953201
37.7505817341
37.7505681481
37.750554562
37.750540976
37.75052739
37.7505138039
37.7505002179
37.7504866318
37.7504730458
37.7504594598
37.7504458737
37.7504322877
37.7504187017
37.7504051156
37.7503915296
37.7503779435
37.7503643575
37.7503507715
37.7503371854
37.7503235994
37.7503100134
37.7502964273
37.7502828413
37.7502692552
37.7502556692
37.7502420832
37.7502284971
37.7502149111
37.7502013251
37.750187739
37.750174153
37.7501605669
37.7501469809
37.7501333949
37.7501198088
37.7501062228
37.7500926368
37.7500790507
37.7500654647
37.7500518786
37.7500382926
37.7509728446
37.7509592586
37.7509456725
37.7509320865
37.7509185005
37.7509049144
37.7508913284
37.7508777423
37.7508641563
37.7508505703
37.7508369842
37.7508233982
37.7508098122
37.7507962261
37.7507826401
37.750769054
37.750755468
37.750741882
37.7507282959
37.7507147099
37.7507011239
37.7506875378
37.7506739518
37.7506603657
37.7506467797
37.7506331937
37.7506196076
37.7506060216
37.7505924356
37.7505788495
37.7505652635
37.7505516774
37.7505380914
37.7505245054
37.7505109193
37.7504973333
37.7504837473
37.7504701612
37.7504565752
37.7504429891
37.7504294031
37.7504158171
37.750402231
37.750388645
37.750375059
37.7503614729
37.7503478869
37.7503343008
37.7503207148
37.7503071288
37.7502935427
37.7502799567
37.7502663707
37.7502527846
37.7502391986
37.7502256125
37.7502120265
37.7501984405
37.7501848544
37.7501712684
37.7501576824
37.7501440963
37.7501305103
37.7501169242
37.7501033382
37.7500897522
37.7500761661
37.7500625801
37.7500489941
37.750035408
37.75096996
37.750956374
37.7509427879
37.7509292019
37.7509156159
37.7509020298
37.7508884438
37.7508748578
37.7508612717
37.7508476857
37.7508340996
37.7508205136
37.7508069276
37.7507933415
37.7507797555
37.7507661695
37.7507525834
37.7507389974
37.7507254113
37.7507118253
37.7506982393
37.7506846532
37.7506710672
37.7506574812
37.7506438951
37.7506303091
37.750616723
37.750603137
37.750589551
37.7505759649
37.7505623789
37.7505487929
37.7505352068
37.7505216208
37.7505080347
37.7504944487
37.7504808627
37.7504672766
37.7504536906
37.7504401046
37.7504265185
37.7504129325
37.7503993464
37.7503857604
37.7503721744
37.7503585883
37.7503450023
37.7503314163
37.7503178302
37.7503042442
37.7502906581
37.7502770721
37.7502634861
37.7502499
37.750236314
37.750222728
37.7502091419
37.7501955559
37.7501819698
37.7501683838
37.7501547978
37.7501412117
37.7501276257
37.7501140397
37.7501004536
37.7500868676
37.7500732815
37.7500596955
37.7500461095
37.7500325234
37.7509670754
37.7509534894
37.7509399034
37.7509263173
37.7509127313
37.7508991452
37.7508855592
37.7508719732
37.7508583871
37.7508448011
37.7508312151
37.750817629
37.750804043
37.7507904569
37.7507768709
37.7507632849
37.7507496988
37.7507361128
37.7507225268
37.7507089407
37.7506953547
37.7506817686
37.7506681826
37.7506545966
37.7506410105
37.7506274245
37.7506138385
37.7506002524
37.7505866664
37.7505730803
37.7505594943
37.7505459083
37.7505323222
37.7505187362
37.7505051502
37.7504915641
37.7504779781
37.750464392
37.750450806
37.75043722
37.7504236339
37.7504100479
37.7503964619
37.7503828758
37.7503692898
37.7503557037
37.7503421177
37.7503285317
37.7503149456
37.7503013596
37.7502877736
37.7502741875
37.7502606015
37.7502470154
37.7502334294
37.7502198434
37.7502062573
37.7501926713
37.7501790853
37.7501654992
37.7501519132
37.7501383272
37.7501247411
37.7501111551
37.750097569
37.750083983
37.750070397
37.7500568109
37.7500432249
37.7500296389
37.7509641908
37.7509506048
37.7509370188
37.7509234327
37.7509098467
37.7508962607
37.7508826746
37.7508690886
37.7508555025
37.7508419165
37.7508283305
37.7508147444
37.7508011584
37.7507875724
37.7507739863
37.7507604003
37.7507468142
37.7507332282
37.7507196422
37.7507060561
37.7506924701
37.7506788841
37.750665298
37.750651712
37.7506381259
37.7506245399
37.7506109539
37.7505973678
37.7505837818
37.7505701958
37.7505566097
37.7505430237
37.7505294376
37.7505158516
37.7505022656
37.7504886795
37.7504750935
37.7504615075
37.7504479214
37.7504343354
37.7504207494
37.7504071633
37.7503935773
37.7503799912
37.7503664052
37.7503528192
37.7503392331
37.7503256471
37.7503120611
37.750298475
37.750284889
37.7502713029
37.7502577169
37.7502441309
37.7502305448
37.7502169588
37.7502033728
37.7501897867
37.7501762007
37.7501626146
37.7501490286
37.7501354426
37.7501218565
37.7501082705
37.7500946845
37.7500810984
37.7500675124
37.7500539263
37.7500403403
37.7500267543
37.7509613063
37.7509477202
37.7509341342
37.7509205481
37.7509069621
37.7508933761
37.75087979
37.750866204
37.750852618
37.7508390319
37.7508254459
37.7508118598
37.7507982738
37.7507846878
37.7507711017
37.7507575157
37.7507439297
37.7507303436
37.7507167576
37.7507031715
37.7506895855
37.7506759995
37.7506624134
37.7506488274
37.7506352414
37.7506216553
37.7506080693
37.7505944833
37.7505808972
37.7505673112
37.7505537251
37.7505401391
37.7505265531
37.750512967
37.750499381
37.750485795
37.7504722089
37.7504586229
37.7504450368
37.7504314508
37.7504178648
37.7504042787
37.7503906927
37.7503771067
37.7503635206
37.7503499346
37.7503363485
37.7503227625
37.7503091765
37.7502955904
37.7502820044
37.7502684184
37.7502548323
37.7502412463
37.7502276602
37.7502140742
37.7502004882
37.7501869021
37.7501733161
37.7501597301
37.750146144
37.750132558
37.7501189719
37.7501053859
37.7500917999
37.7500782138
37.7500646278
37.7500510418
37.7500374557
37.7500238697
37.7509584217
37.7509448356
37.7509312496
37.7509176636
37.7509040775
37.7508904915
37.7508769055
37.7508633194
37.7508497334
37.7508361473
37.7508225613
37.7508089753
37.7507953892
37.7507818032
37.7507682172
37.7507546311
37.7507410451
37.750727459
37.750713873
37.750700287
37.7506867009
37.7506731149
37.7506595289
37.7506459428
37.7506323568
37.7506187707
37.7506051847
37.7505915987
37.7505780126
37.7505644266
37.7505508406
37.7505372545
37.7505236685
37.7505100824
37.7504964964
37.7504829104
37.7504693243
37.7504557383
37.7504421523
37.7504285662
37.7504149802
37.7504013941
37.7503878081
37.7503742221
37.750360636
37.75034705
37.750333464
37.7503198779
37.7503062919
37.7502927058
37.7502791198
37.7502655338
37.7502519477
37.7502383617
37.7502247757
37.7502111896
37.7501976036
37.7501840175
37.7501704315
37.7501568455
37.7501432594
37.7501296734
37.7501160874
37.7501025013
37.7500889153
37.7500753292
37.7500617432
37.7500481572
37.7500345711
37.7500209851
37.7509555371
37.7509419511
37.750928365
37.750914779
37.7509011929
37.7508876069
37.7508740209
37.7508604348
37.7508468488
37.7508332628
37.7508196767
37.7508060907
37.7507925046
37.7507789186
37.7507653326
37.7507517465
37.7507381605
37.7507245745
37.7507109884
37.7506974024
37.7506838163
37.7506702303
37.7506566443
37.7506430582
37.7506294722
37.7506158862
37.7506023001
37.7505887141
37.750575128
37.750561542
37.750547956
37.7505343699
37.7505207839
37.7505071979
37.7504936118
37.7504800258
37.7504664397
37.7504528537
37.7504392677
37.7504256816
37.7504120956
37.7503985096
37.7503849235
37.7503713375
37.7503577514
37.7503441654
37.7503305794
37.7503169933
37.7503034073
37.7502898213
37.7502762352
37.7502626492
37.7502490631
37.7502354771
37.7502218911
37.750208305
37.750194719
37.750181133
37.7501675469
37.7501539609
37.7501403748
37.7501267888
37.7501132028
37.7500996167
37.7500860307
37.7500724447
37.7500588586
37.7500452726
37.7500316865
37.7500181005
37.7509526525
37.7509390665
37.7509254804
37.7509118944
37.7508983084
37.7508847223
37.7508711363
37.7508575502
37.7508439642
37.7508303782
37.7508167921
37.7508032061
37.7507896201
37.750776034
37.750762448
37.7507488619
37.7507352759
37.7507216899
37.7507081038
37.7506945178
37.7506809318
37.7506673457
37.7506537597
37.7506401736
37.7506265876
37.7506130016
37.7505994155
37.7505858295
37.7505722435
37.7505586574
37.7505450714
37.7505314853
37.7505178993
37.7505043133
37.7504907272
37.7504771412
37.7504635552
37.7504499691
37.7504363831
37.750422797
37.750409211
37.750395625
37.7503820389
37.7503684529
37.7503548669
37.7503412808
37.7503276948
37.7503141087
37.7503005227
37.7502869367
37.7502733506
37.7502597646
37.7502461786
37.7502325925
37.7502190065
37.7502054204
37.7501918344
37.7501782484
37.7501646623
37.7501510763
37.7501374903
37.7501239042
37.7501103182
37.7500967321
37.7500831461
37.7500695601
37.750055974
37.750042388
37.750028802
37.7500152159
37.7509497679
37.7509361819
37.7509225958
37.7509090098
37.7508954238
37.7508818377
37.7508682517
37.7508546657
37.7508410796
37.7508274936
37.7508139075
37.7508003215
37.7507867355
37.7507731494
37.7507595634
37.7507459774
37.7507323913
37.7507188053
37.7507052192
37.7506916332
37.7506780472
37.7506644611
37.7506508751
37.7506372891
37.750623703
37.750610117
37.7505965309
37.7505829449
37.7505693589
37.7505557728
37.7505421868
37.7505286008
37.7505150147
37.7505014287
37.7504878426
37.7504742566
37.7504606706
37.7504470845
37.7504334985
37.7504199125
37.7504063264
37.7503927404
37.7503791543
37.7503655683
37.7503519823
37.7503383962
37.7503248102
37.7503112242
37.7502976381
37.7502840521
37.750270466
37.75025688
37.750243294
37.7502297079
37.7502161219
37.7502025359
37.7501889498
37.7501753638
37.7501617778
37.7501481917
37.7501346057
37.7501210196
37.7501074336
37.7500938476
37.7500802615
37.7500666755
37.7500530895
37.7500395034
37.7500259174
37.7500123313
37.7509468833
37.7509332973
37.7509197113
37.7509061252
37.7508925392
37.7508789531
37.7508653671
37.7508517811
37.750838195
37.750824609
37.750811023
37.7507974369
37.7507838509
37.7507702648
37.7507566788
37.7507430928
37.7507295067
37.7507159207
37.7507023347
37.7506887486
37.7506751626
37.7506615765
37.7506479905
37.7506344045
37.7506208184
37.7506072324
37.7505936464
37.7505800603
37.7505664743
37.7505528882
37.7505393022
37.7505257162
37.7505121301
37.7504985441
37.7504849581
37.750471372
37.750457786
37.7504442
37.7504306139
37.7504170279
37.7504034418
37.7503898558
37.7503762698
37.7503626837
37.7503490977
37.7503355117
37.7503219256
37.7503083396
37.7502947535
37.7502811675
37.7502675815
37.7502539954
37.7502404094
37.7502268234
37.7502132373
37.7501996513
37.7501860652
37.7501724792
37.7501588932
37.7501453071
37.7501317211
37.7501181351
37.750104549
37.750090963
37.7500773769
37.7500637909
37.7500502049
37.7500366188
37.7500230328
37.7500094468
37.7509439987
37.7509304127
37.7509168267
37.7509032406
37.7508896546
37.7508760686
37.7508624825
37.7508488965
37.7508353104
37.7508217244
37.7508081384
37.7507945523
37.7507809663
37.7507673803
37.7507537942
37.7507402082
37.7507266221
37.7507130361
37.7506994501
37.750685864
37.750672278
37.750658692
37.7506451059
37.7506315199
37.7506179339
37.7506043478
37.7505907618
37.7505771757
37.7505635897
37.7505500037
37.7505364176
37.7505228316
37.7505092456
37.7504956595
37.7504820735
37.7504684874
37.7504549014
37.7504413154
37.7504277293
37.7504141433
37.7504005573
37.7503869712
37.7503733852
37.7503597991
37.7503462131
37.7503326271
37.750319041
37.750305455
37.750291869
37.7502782829
37.7502646969
37.7502511108
37.7502375248
37.7502239388
37.7502103527
37.7501967667
37.7501831807
37.7501695946
37.7501560086
37.7501424225
37.7501288365
37.7501152505
37.7501016644
37.7500880784
37.7500744924
37.7500609063
37.7500473203
37.7500337342
37.7500201482
37.7500065622
37.7509411142
37.7509275281
37.7509139421
37.7509003561
37.75088677
37.750873184
37.7508595979
37.7508460119
37.7508324259
37.7508188398
37.7508052538
37.7507916678
37.7507780817
37.7507644957
37.7507509096
37.7507373236
37.7507237376
37.7507101515
37.7506965655
37.7506829795
37.7506693934
37.7506558074
37.7506422213
37.7506286353
37.7506150493
37.7506014632
37.7505878772
37.7505742912
37.7505607051
37.7505471191
37.750533533
37.750519947
37.750506361
37.7504927749
37.7504791889
37.7504656029
37.7504520168
37.7504384308
37.7504248447
37.7504112587
37.7503976727
37.7503840866
37.7503705006
37.7503569146
37.7503433285
37.7503297425
37.7503161564
37.7503025704
37.7502889844
37.7502753983
37.7502618123
37.7502482263
37.7502346402
37.7502210542
37.7502074681
37.7501938821
37.7501802961
37.75016671
37.750153124
37.750139538
37.7501259519
37.7501123659
37.7500987798
37.7500851938
37.7500716078
37.7500580217
37.7500444357
37.7500308497
37.7500172636
37.7500036776
37.7509382296
37.7509246435
37.7509110575
37.7508974715
37.7508838854
37.7508702994
37.7508567134
37.7508431273
37.7508295413
37.7508159552
37.7508023692
37.7507887832
37.7507751971
37.7507616111
37.7507480251
37.750734439
37.750720853
37.7507072669
37.7506936809
37.7506800949
37.7506665088
37.7506529228
37.7506393368
37.7506257507
37.7506121647
37.7505985786
37.7505849926
37.7505714066
37.7505578205
37.7505442345
37.7505306485
37.7505170624
37.7505034764
37.7504898903
37.7504763043
37.7504627183
37.7504491322
37.7504355462
37.7504219602
37.7504083741
37.7503947881
37.750381202
37.750367616
37.75035403
37.7503404439
37.7503268579
37.7503132719
37.7502996858
37.7502860998
37.7502725137
37.7502589277
37.7502453417
37.7502317556
37.7502181696
37.7502045836
37.7501909975
37.7501774115
37.7501638254
37.7501502394
37.7501366534
37.7501230673
37.7501094813
37.7500958953
37.7500823092
37.7500687232
37.7500551371
37.7500415511
37.7500279651
37.750014379
37.750000793
37.750935345
37.750921759
37.7509081729
37.7508945869
37.7508810008
37.7508674148
37.7508538288
37.7508402427
37.7508266567
37.7508130707
37.7507994846
37.7507858986
37.7507723125
37.7507587265
37.7507451405
37.7507315544
37.7507179684
37.7507043824
37.7506907963
37.7506772103
37.7506636242
37.7506500382
37.7506364522
37.7506228661
37.7506092801
37.7505956941
37.750582108
37.750568522
37.7505549359
37.7505413499
37.7505277639
37.7505141778
37.7505005918
37.7504870058
37.7504734197
37.7504598337
37.7504462476
37.7504326616
37.7504190756
37.7504054895
37.7503919035
37.7503783175
37.7503647314
37.7503511454
37.7503375593
37.7503239733
37.7503103873
37.7502968012
37.7502832152
37.7502696292
37.7502560431
37.7502424571
37.750228871
37.750215285
37.750201699
37.7501881129
37.7501745269
37.7501609409
37.7501473548
37.7501337688
37.7501201827
37.7501065967
37.7500930107
37.7500794246
37.7500658386
37.7500522526
37.7500386665
37.7500250805
37.7500114945
37.7499979084
37.7509324604
37.7509188744
37.7509052883
37.7508917023
37.7508781163
37.7508645302
37.7508509442
37.7508373581
37.7508237721
37.7508101861
37.7507966
37.750783014
37.750769428
37.7507558419
37.7507422559
37.7507286698
37.7507150838
37.7507014978
37.7506879117
37.7506743257
37.7506607397
37.7506471536
37.7506335676
37.7506199815
37.7506063955
37.7505928095
37.7505792234
37.7505656374
37.7505520514
37.7505384653
37.7505248793
37.7505112932
37.7504977072
37.7504841212
37.7504705351
37.7504569491
37.7504433631
37.750429777
37.750416191
37.7504026049
37.7503890189
37.7503754329
37.7503618468
37.7503482608
37.7503346748
37.7503210887
37.7503075027
37.7502939166
37.7502803306
37.7502667446
37.7502531585
37.7502395725
37.7502259865
37.7502124004
37.7501988144
37.7501852284
37.7501716423
37.7501580563
37.7501444702
37.7501308842
37.7501172982
37.7501037121
37.7500901261
37.7500765401
37.750062954
37.750049368
37.7500357819
37.7500221959
37.7500086099
37.7499950238
37.7509295758
37.7509159898
37.7509024037
37.7508888177
37.7508752317
37.7508616456
37.7508480596
37.7508344736
37.7508208875
37.7508073015
37.7507937154
37.7507801294
37.7507665434
37.7507529573
37.7507393713
37.7507257853
37.7507121992
37.7506986132
37.7506850271
37.7506714411
37.7506578551
37.750644269
37.750630683
37.750617097
37.7506035109
37.7505899249
37.7505763388
37.7505627528
37.7505491668
37.7505355807
37.7505219947
37.7505084087
37.7504948226
37.7504812366
37.7504676506
37.7504540645
37.7504404785
37.7504268924
37.7504133064
37.7503997204
37.7503861343
37.7503725483
37.7503589623
37.7503453762
37.7503317902
37.7503182041
37.7503046181
37.7502910321
37.750277446
37.75026386
37.750250274
37.7502366879
37.7502231019
37.7502095158
37.7501959298
37.7501823438
37.7501687577
37.7501551717
37.7501415857
37.7501279996
37.7501144136
37.7501008275
37.7500872415
37.7500736555
37.7500600694
37.7500464834
37.7500328974
37.7500193113
37.7500057253
37.7499921392
37.7509266912
37.7509131052
37.7508995192
37.7508859331
37.7508723471
37.750858761
37.750845175
37.750831589
37.7508180029
37.7508044169
37.7507908309
37.7507772448
37.7507636588
37.7507500727
37.7507364867
37.7507229007
37.7507093146
37.7506957286
37.7506821426
37.7506685565
37.7506549705
37.7506413845
37.7506277984
37.7506142124
37.7506006263
37.7505870403
37.7505734543
37.7505598682
37.7505462822
37.7505326962
37.7505191101
37.7505055241
37.750491938
37.750478352
37.750464766
37.7504511799
37.7504375939
37.7504240079
37.7504104218
37.7503968358
37.7503832497
37.7503696637
37.7503560777
37.7503424916
37.7503289056
37.7503153196
37.7503017335
37.7502881475
37.7502745614
37.7502609754
37.7502473894
37.7502338033
37.7502202173
37.7502066313
37.7501930452
37.7501794592
37.7501658731
37.7501522871
37.7501387011
37.750125115
37.750111529
37.750097943
37.7500843569
37.7500707709
37.7500571848
37.7500435988
37.7500300128
37.7500164267
37.7500028407
37.7499892547
37.7509238067
37.7509102206
37.7508966346
37.7508830485
37.7508694625
37.7508558765
37.7508422904
37.7508287044
37.7508151184
37.7508015323
37.7507879463
37.7507743602
37.7507607742
37.7507471882
37.7507336021
37.7507200161
37.7507064301
37.750692844
37.750679258
37.7506656719
37.7506520859
37.7506384999
37.7506249138
37.7506113278
37.7505977418
37.7505841557
37.7505705697
37.7505569836
37.7505433976
37.7505298116
37.7505162255
37.7505026395
37.7504890535
37.7504754674
37.7504618814
37.7504482953
37.7504347093
37.7504211233
37.7504075372
37.7503939512
37.7503803652
37.7503667791
37.7503531931
37.750339607
37.750326021
37.750312435
37.7502988489
37.7502852629
37.7502716769
37.7502580908
37.7502445048
37.7502309187
37.7502173327
37.7502037467
37.7501901606
37.7501765746
37.7501629886
37.7501494025
37.7501358165
37.7501222304
37.7501086444
37.7500950584
37.7500814723
37.7500678863
37.7500543003
37.7500407142
37.7500271282
37.7500135421
37.7499999561
37.7499863701
37.7509209221
37.750907336
37.75089375
37.750880164
37.7508665779
37.7508529919
37.7508394058
37.7508258198
37.7508122338
37.7507986477
37.7507850617
37.7507714757
37.7507578896
37.7507443036
37.7507307175
37.7507171315
37.7507035455
37.7506899594
37.7506763734
37.7506627874
37.7506492013
37.7506356153
37.7506220292
37.7506084432
37.7505948572
37.7505812711
37.7505676851
37.7505540991
37.750540513
37.750526927
37.7505133409
37.7504997549
37.7504861689
37.7504725828
37.7504589968
37.7504454108
37.7504318247
37.7504182387
37.7504046526
37.7503910666
37.7503774806
37.7503638945
37.7503503085
37.7503367225
37.7503231364
37.7503095504
37.7502959643
37.7502823783
37.7502687923
37.7502552062
37.7502416202
37.7502280342
37.7502144481
37.7502008621
37.750187276
37.75017369
37.750160104
37.7501465179
37.7501329319
37.7501193459
37.7501057598
37.7500921738
37.7500785877
37.7500650017
37.7500514157
37.7500378296
37.7500242436
37.7500106576
37.7499970715
37.7499834855
37.7509180375
37.7509044514
37.7508908654
37.7508772794
37.7508636933
37.7508501073
37.7508365213
37.7508229352
37.7508093492
37.7507957631
37.7507821771
37.7507685911
37.750755005
37.750741419
37.750727833
37.7507142469
37.7507006609
37.7506870748
37.7506734888
37.7506599028
37.7506463167
37.7506327307
37.7506191447
37.7506055586
37.7505919726
37.7505783865
37.7505648005
37.7505512145
37.7505376284
37.7505240424
37.7505104564
37.7504968703
37.7504832843
37.7504696982
37.7504561122
37.7504425262
37.7504289401
37.7504153541
37.7504017681
37.750388182
37.750374596
37.7503610099
37.7503474239
37.7503338379
37.7503202518
37.7503066658
37.7502930798
37.7502794937
37.7502659077
37.7502523216
37.7502387356
37.7502251496
37.7502115635
37.7501979775
37.7501843915
37.7501708054
37.7501572194
37.7501436333
37.7501300473
37.7501164613
37.7501028752
37.7500892892
37.7500757032
37.7500621171
37.7500485311
37.7500349451
37.750021359
37.750007773
37.7499941869
37.7499806009
37.7509151529
37.7509015669
37.7508879808
37.7508743948
37.7508608087
37.7508472227
37.7508336367
37.7508200506
37.7508064646
37.7507928786
37.7507792925
37.7507657065
37.7507521204
37.7507385344
37.7507249484
37.7507113623
37.7506977763
37.7506841903
37.7506706042
37.7506570182
37.7506434321
37.7506298461
37.7506162601
37.750602674
37.750589088
37.750575502
37.7505619159
37.7505483299
37.7505347438
37.7505211578
37.7505075718
37.7504939857
37.7504803997
37.7504668137
37.7504532276
37.7504396416
37.7504260555
37.7504124695
37.7503988835
37.7503852974
37.7503717114
37.7503581254
37.7503445393
37.7503309533
37.7503173672
37.7503037812
37.7502901952
37.7502766091
37.7502630231
37.7502494371
37.750235851
37.750222265
37.750208679
37.7501950929
37.7501815069
37.7501679208
37.7501543348
37.7501407488
37.7501271627
37.7501135767
37.7500999907
37.7500864046
37.7500728186
37.7500592325
37.7500456465
37.7500320605
37.7500184744
37.7500048884
37.7499913024
37.7499777163
37.7509122683
37.7508986823
37.7508850962
37.7508715102
37.7508579242
37.7508443381
37.7508307521
37.750817166
37.75080358
37.750789994
37.7507764079
37.7507628219
37.7507492359
37.7507356498
37.7507220638
37.7507084777
37.7506948917
37.7506813057
37.7506677196
37.7506541336
37.7506405476
37.7506269615
37.7506133755
37.7505997894
37.7505862034
37.7505726174
37.7505590313
37.7505454453
37.7505318593
37.7505182732
37.7505046872
37.7504911012
37.7504775151
37.7504639291
37.750450343
37.750436757
37.750423171
37.7504095849
37.7503959989
37.7503824129
37.7503688268
37.7503552408
37.7503416547
37.7503280687
37.7503144827
37.7503008966
37.7502873106
37.7502737246
37.7502601385
37.7502465525
37.7502329664
37.7502193804
37.7502057944
37.7501922083
37.7501786223
37.7501650363
37.7501514502
37.7501378642
37.7501242781
37.7501106921
37.7500971061
37.75008352
37.750069934
37.750056348
37.7500427619
37.7500291759
37.7500155898
37.7500020038
37.7499884178
37.7499748317
37.7509093837
37.7508957977
37.7508822116
37.7508686256
37.7508550396
37.7508414535
37.7508278675
37.7508142815
37.7508006954
37.7507871094
37.7507735233
37.7507599373
37.7507463513
37.7507327652
37.7507191792
37.7507055932
37.7506920071
37.7506784211
37.7506648351
37.750651249
37.750637663
37.7506240769
37.7506104909
37.7505969049
37.7505833188
37.7505697328
37.7505561468
37.7505425607
37.7505289747
37.7505153886
37.7505018026
37.7504882166
37.7504746305
37.7504610445
37.7504474585
37.7504338724
37.7504202864
37.7504067003
37.7503931143
37.7503795283
37.7503659422
37.7503523562
37.7503387702
37.7503251841
37.7503115981
37.750298012
37.750284426
37.75027084
37.7502572539
37.7502436679
37.7502300819
37.7502164958
37.7502029098
37.7501893237
37.7501757377
37.7501621517
37.7501485656
37.7501349796
37.7501213936
37.7501078075
37.7500942215
37.7500806354
37.7500670494
37.7500534634
37.7500398773
37.7500262913
37.7500127053
37.7499991192
37.7499855332
37.7499719471
37.7509064991
37.7508929131
37.7508793271
37.750865741
37.750852155
37.750838569
37.7508249829
37.7508113969
37.7507978108
37.7507842248
37.7507706388
37.7507570527
37.7507434667
37.7507298807
37.7507162946
37.7507027086
37.7506891225
37.7506755365
37.7506619505
37.7506483644
37.7506347784
37.7506211924
37.7506076063
37.7505940203
37.7505804342
37.7505668482
37.7505532622
37.7505396761
37.7505260901
37.7505125041
37.750498918
37.750485332
37.7504717459
37.7504581599
37.7504445739
37.7504309878
37.7504174018
37.7504038158
37.7503902297
37.7503766437
37.7503630576
37.7503494716
37.7503358856
37.7503222995
37.7503087135
37.7502951275
37.7502815414
37.7502679554
37.7502543693
37.7502407833
37.7502271973
37.7502136112
37.7502000252
37.7501864392
37.7501728531
37.7501592671
37.750145681
37.750132095
37.750118509
37.7501049229
37.7500913369
37.7500777509
37.7500641648
37.7500505788
37.7500369927
37.7500234067
37.7500098207
37.7499962346
37.7499826486
37.7499690626
37.7509036146
37.7508900285
37.7508764425
37.7508628564
37.7508492704
37.7508356844
37.7508220983
37.7508085123
37.7507949263
37.7507813402
37.7507677542
37.7507541681
37.7507405821
37.7507269961
37.75071341
37.750699824
37.750686238
37.7506726519
37.7506590659
37.7506454798
37.7506318938
37.7506183078
37.7506047217
37.7505911357
37.7505775497
37.7505639636
37.7505503776
37.7505367915
37.7505232055
37.7505096195
37.7504960334
37.7504824474
37.7504688614
37.7504552753
37.7504416893
37.7504281032
37.7504145172
37.7504009312
37.7503873451
37.7503737591
37.7503601731
37.750346587
37.750333001
37.7503194149
37.7503058289
37.7502922429
37.7502786568
37.7502650708
37.7502514848
37.7502378987
37.7502243127
37.7502107266
37.7501971406
37.7501835546
37.7501699685
37.7501563825
37.7501427965
37.7501292104
37.7501156244
37.7501020383
37.7500884523
37.7500748663
37.7500612802
37.7500476942
37.7500341082
37.7500205221
37.7500069361
37.74999335
37.749979764
37.749966178
37.75090073
37.7508871439
37.7508735579
37.7508599719
37.7508463858
37.7508327998
37.7508192137
37.7508056277
37.7507920417
37.7507784556
37.7507648696
37.7507512836
37.7507376975
37.7507241115
37.7507105254
37.7506969394
37.7506833534
37.7506697673
37.7506561813
37.7506425953
37.7506290092
37.7506154232
37.7506018371
37.7505882511
37.7505746651
37.750561079
37.750547493
37.750533907
37.7505203209
37.7505067349
37.7504931488
37.7504795628
37.7504659768
37.7504523907
37.7504388047
37.7504252187
37.7504116326
37.7503980466
37.7503844605
37.7503708745
37.7503572885
37.7503437024
37.7503301164
37.7503165304
37.7503029443
37.7502893583
37.7502757722
37.7502621862
37.7502486002
37.7502350141
37.7502214281
37.7502078421
37.750194256
37.75018067
37.7501670839
37.7501534979
37.7501399119
37.7501263258
37.7501127398
37.7500991538
37.7500855677
37.7500719817
37.7500583957
37.7500448096
37.7500312236
37.7500176375
37.7500040515
37.7499904655
37.7499768794
37.7499632934
37.7508978454
37.7508842593
37.7508706733
37.7508570873
37.7508435012
37.7508299152
37.7508163292
37.7508027431
37.7507891571
37.750775571
37.750761985
37.750748399
37.7507348129
37.7507212269
37.7507076409
37.7506940548
37.7506804688
37.7506668827
37.7506532967
37.7506397107
37.7506261246
37.7506125386
37.7505989526
37.7505853665
37.7505717805
37.7505581944
37.7505446084
37.7505310224
37.7505174363
37.7505038503
37.7504902643
37.7504766782
37.7504630922
37.7504495061
37.7504359201
37.7504223341
37.750408748
37.750395162
37.750381576
37.7503679899
37.7503544039
37.7503408178
37.7503272318
37.7503136458
37.7503000597
37.7502864737
37.7502728877
37.7502593016
37.7502457156
37.7502321296
37.7502185435
37.7502049575
37.7501913714
37.7501777854
37.7501641994
37.7501506133
37.7501370273
37.7501234413
37.7501098552
37.7500962692
37.7500826831
37.7500690971
37.7500555111
37.750041925
37.750028339
37.750014753
37.7500011669
37.7499875809
37.7499739948
37.7499604088
37.7508949608
37.7508813748
37.7508677887
37.7508542027
37.7508406166
37.7508270306
37.7508134446
37.7507998585
37.7507862725
37.7507726865
37.7507591004
37.7507455144
37.7507319283
37.7507183423
37.7507047563
37.7506911702
37.7506775842
37.7506639982
37.7506504121
37.7506368261
37.75062324
37.750609654
37.750596068
37.7505824819
37.7505688959
37.7505553099
37.7505417238
37.7505281378
37.7505145518
37.7505009657
37.7504873797
37.7504737936
37.7504602076
37.7504466216
37.7504330355
37.7504194495
37.7504058635
37.7503922774
37.7503786914
37.7503651053
37.7503515193
37.7503379333
37.7503243472
37.7503107612
37.7502971752
37.7502835891
37.7502700031
37.750256417
37.750242831
37.750229245
37.7502156589
37.7502020729
37.7501884869
37.7501749008
37.7501613148
37.7501477287
37.7501341427
37.7501205567
37.7501069706
37.7500933846
37.7500797986
37.7500662125
37.7500526265
37.7500390404
37.7500254544
37.7500118684
37.7499982823
37.7499846963
37.7499711103
37.7499575242
37.7508920762
37.7508784902
37.7508649041
37.7508513181
37.7508377321
37.750824146
37.75081056
37.7507969739
37.7507833879
37.7507698019
37.7507562158
37.7507426298
37.7507290438
37.7507154577
37.7507018717
37.7506882857
37.7506746996
37.7506611136
37.7506475275
37.7506339415
37.7506203555
37.7506067694
37.7505931834
37.7505795974
37.7505660113
37.7505524253
37.7505388392
37.7505252532
37.7505116672
37.7504980811
37.7504844951
37.7504709091
37.750457323
37.750443737
37.7504301509
37.7504165649
37.7504029789
37.7503893928
37.7503758068
37.7503622208
37.7503486347
37.7503350487
37.7503214626
37.7503078766
37.7502942906
37.7502807045
37.7502671185
37.7502535325
37.7502399464
37.7502263604
37.7502127743
37.7501991883
37.7501856023
37.7501720162
37.7501584302
37.7501448442
37.7501312581
37.7501176721
37.750104086
37.7500905
37.750076914
37.7500633279
37.7500497419
37.7500361559
37.7500225698
37.7500089838
37.7499953977
37.7499818117
37.7499682257
37.7499546396
37.7508891916
37.7508756056
37.7508620196
37.7508484335
37.7508348475
37.7508212614
37.7508076754
37.7507940894
37.7507805033
37.7507669173
37.7507533313
37.7507397452
37.7507261592
37.7507125731
37.7506989871
37.7506854011
37.750671815
37.750658229
37.750644643
37.7506310569
37.7506174709
37.7506038848
37.7505902988
37.7505767128
37.7505631267
37.7505495407
37.7505359547
37.7505223686
37.7505087826
37.7504951965
37.7504816105
37.7504680245
37.7504544384
37.7504408524
37.7504272664
37.7504136803
37.7504000943
37.7503865082
37.7503729222
37.7503593362
37.7503457501
37.7503321641
37.7503185781
37.750304992
37.750291406
37.7502778199
37.7502642339
37.7502506479
37.7502370618
37.7502234758
37.7502098898
37.7501963037
37.7501827177
37.7501691316
37.7501555456
37.7501419596
37.7501283735
37.7501147875
37.7501012015
37.7500876154
37.7500740294
37.7500604433
37.7500468573
37.7500332713
37.7500196852
37.7500060992
37.7499925132
37.7499789271
37.7499653411
37.749951755
37.750886307
37.750872721
37.750859135
37.7508455489
37.7508319629
37.7508183769
37.7508047908
37.7507912048
37.7507776187
37.7507640327
37.7507504467
37.7507368606
37.7507232746
37.7507096886
37.7506961025
37.7506825165
37.7506689304
37.7506553444
37.7506417584
37.7506281723
37.7506145863
37.7506010003
37.7505874142
37.7505738282
37.7505602421
37.7505466561
37.7505330701
37.750519484
37.750505898
37.750492312
37.7504787259
37.7504651399
37.7504515538
37.7504379678
37.7504243818
37.7504107957
37.7503972097
37.7503836237
37.7503700376
37.7503564516
37.7503428655
37.7503292795
37.7503156935
37.7503021074
37.7502885214
37.7502749354
37.7502613493
37.7502477633
37.7502341772
37.7502205912
37.7502070052
37.7501934191
37.7501798331
37.7501662471
37.750152661
37.750139075
37.7501254889
37.7501119029
37.7500983169
37.7500847308
37.7500711448
37.7500575588
37.7500439727
37.7500303867
37.7500168006
37.7500032146
37.7499896286
37.7499760425
37.7499624565
37.7499488705
37.7508834225
37.7508698364
37.7508562504
37.7508426643
37.7508290783
37.7508154923
37.7508019062
37.7507883202
37.7507747342
37.7507611481
37.7507475621
37.750733976
37.75072039
37.750706804
37.7506932179
37.7506796319
37.7506660459
37.7506524598
37.7506388738
37.7506252877
37.7506117017
37.7505981157
37.7505845296
37.7505709436
37.7505573576
37.7505437715
37.7505301855
37.7505165994
37.7505030134
37.7504894274
37.7504758413
37.7504622553
37.7504486693
37.7504350832
37.7504214972
37.7504079111
37.7503943251
37.7503807391
37.750367153
37.750353567
37.750339981
37.7503263949
37.7503128089
37.7502992228
37.7502856368
37.7502720508
37.7502584647
37.7502448787
37.7502312927
37.7502177066
37.7502041206
37.7501905345
37.7501769485
37.7501633625
37.7501497764
37.7501361904
37.7501226044
37.7501090183
37.7500954323
37.7500818462
37.7500682602
37.7500546742
37.7500410881
37.7500275021
37.7500139161
37.75000033
37.749986744
37.749973158
37.7499595719
37.7499459859
37.7508805379
37.7508669518
37.7508533658
37.7508397798
37.7508261937
37.7508126077
37.7507990216
37.7507854356
37.7507718496
37.7507582635
37.7507446775
37.7507310915
37.7507175054
37.7507039194
37.7506903333
37.7506767473
37.7506631613
37.7506495752
37.7506359892
37.7506224032
37.7506088171
37.7505952311
37.750581645
37.750568059
37.750554473
37.7505408869
37.7505273009
37.7505137149
37.7505001288
37.7504865428
37.7504729567
37.7504593707
37.7504457847
37.7504321986
37.7504186126
37.7504050266
37.7503914405
37.7503778545
37.7503642684
37.7503506824
37.7503370964
37.7503235103
37.7503099243
37.7502963383
37.7502827522
37.7502691662
37.7502555802
37.7502419941
37.7502284081
37.750214822
37.750201236
37.75018765
37.7501740639
37.7501604779
37.7501468919
37.7501333058
37.7501197198
37.7501061337
37.7500925477
37.7500789617
37.7500653756
37.7500517896
37.7500382036
37.7500246175
37.7500110315
37.7499974454
37.7499838594
37.7499702734
37.7499566873
37.7499431013
37.7508776533
37.7508640672
37.7508504812
37.7508368952
37.7508233091
37.7508097231
37.7507961371
37.750782551
37.750768965
37.7507553789
37.7507417929
37.7507282069
37.7507146208
37.7507010348
37.7506874488
37.7506738627
37.7506602767
37.7506466906
37.7506331046
37.7506195186
37.7506059325
37.7505923465
37.7505787605
37.7505651744
37.7505515884
37.7505380024
37.7505244163
37.7505108303
37.7504972442
37.7504836582
37.7504700722
37.7504564861
37.7504429001
37.7504293141
37.750415728
37.750402142
37.7503885559
37.7503749699
37.7503613839
37.7503477978
37.7503342118
37.7503206258
37.7503070397
37.7502934537
37.7502798676
37.7502662816
37.7502526956
37.7502391095
37.7502255235
37.7502119375
37.7501983514
37.7501847654
37.7501711793
37.7501575933
37.7501440073
37.7501304212
37.7501168352
37.7501032492
37.7500896631
37.7500760771
37.750062491
37.750048905
37.750035319
37.7500217329
37.7500081469
37.7499945609
37.7499809748
37.7499673888
37.7499538027
37.7499402167
37.7508747687
37.7508611827
37.7508475966
37.7508340106
37.7508204245
37.7508068385
37.7507932525
37.7507796664
37.7507660804
37.7507524944
37.7507389083
37.7507253223
37.7507117363
37.7506981502
37.7506845642
37.7506709781
37.7506573921
37.7506438061
37.75063022
37.750616634
37.750603048
37.7505894619
37.7505758759
37.7505622898
37.7505487038
37.7505351178
37.7505215317
37.7505079457
37.7504943597
37.7504807736
37.7504671876
37.7504536015
37.7504400155
37.7504264295
37.7504128434
37.7503992574
37.7503856714
37.7503720853
37.7503584993
37.7503449132
37.7503313272
37.7503177412
37.7503041551
37.7502905691
37.7502769831
37.750263397
37.750249811
37.7502362249
37.7502226389
37.7502090529
37.7501954668
37.7501818808
37.7501682948
37.7501547087
37.7501411227
37.7501275366
37.7501139506
37.7501003646
37.7500867785
37.7500731925
37.7500596065
37.7500460204
37.7500324344
37.7500188483
37.7500052623
37.7499916763
37.7499780902
37.7499645042
37.7499509182
37.7499373321
37.7508718841
37.7508582981
37.750844712
37.750831126
37.75081754
37.7508039539
37.7507903679
37.7507767819
37.7507631958
37.7507496098
37.7507360237
37.7507224377
37.7507088517
37.7506952656
37.7506816796
37.7506680936
37.7506545075
37.7506409215
37.7506273354
37.7506137494
37.7506001634
37.7505865773
37.7505729913
37.7505594053
37.7505458192
37.7505322332
37.7505186471
37.7505050611
37.7504914751
37.750477889
37.750464303
37.750450717
37.7504371309
37.7504235449
37.7504099588
37.7503963728
37.7503827868
37.7503692007
37.7503556147
37.7503420287
37.7503284426
37.7503148566
37.7503012705
37.7502876845
37.7502740985
37.7502605124
37.7502469264
37.7502333404
37.7502197543
37.7502061683
37.7501925822
37.7501789962
37.7501654102
37.7501518241
37.7501382381
37.7501246521
37.750111066
37.75009748
37.7500838939
37.7500703079
37.7500567219
37.7500431358
37.7500295498
37.7500159638
37.7500023777
37.7499887917
37.7499752056
37.7499616196
37.7499480336
37.7499344475
37.7508689995
37.7508554135
37.7508418275
37.7508282414
37.7508146554
37.7508010693
37.7507874833
37.7507738973
37.7507603112
37.7507467252
37.7507331392
37.7507195531
37.7507059671
37.750692381
37.750678795
37.750665209
37.7506516229
37.7506380369
37.7506244509
37.7506108648
37.7505972788
37.7505836927
37.7505701067
37.7505565207
37.7505429346
37.7505293486
37.7505157626
37.7505021765
37.7504885905
37.7504750044
37.7504614184
37.7504478324
37.7504342463
37.7504206603
37.7504070743
37.7503934882
37.7503799022
37.7503663161
37.7503527301
37.7503391441
37.750325558
37.750311972
37.750298386
37.7502847999
37.7502712139
37.7502576278
37.7502440418
37.7502304558
37.7502168697
37.7502032837
37.7501896977
37.7501761116
37.7501625256
37.7501489395
37.7501353535
37.7501217675
37.7501081814
37.7500945954
37.7500810094
37.7500674233
37.7500538373
37.7500402512
37.7500266652
37.7500130792
37.7499994931
37.7499859071
37.7499723211
37.749958735
37.749945149
37.7499315629
37.7508661149
37.7508525289
37.7508389429
37.7508253568
37.7508117708
37.7507981848
37.7507845987
37.7507710127
37.7507574266
37.7507438406
37.7507302546
37.7507166685
37.7507030825
37.7506894965
37.7506759104
37.7506623244
37.7506487383
37.7506351523
37.7506215663
37.7506079802
37.7505943942
37.7505808082
37.7505672221
37.7505536361
37.75054005
37.750526464
37.750512878
37.7504992919
37.7504857059
37.7504721199
37.7504585338
37.7504449478
37.7504313617
37.7504177757
37.7504041897
37.7503906036
37.7503770176
37.7503634316
37.7503498455
37.7503362595
37.7503226734
37.7503090874
37.7502955014
37.7502819153
37.7502683293
37.7502547433
37.7502411572
37.7502275712
37.7502139851
37.7502003991
37.7501868131
37.750173227
37.750159641
37.750146055
37.7501324689
37.7501188829
37.7501052968
37.7500917108
37.7500781248
37.7500645387
37.7500509527
37.7500373667
37.7500237806
37.7500101946
37.7499966086
37.7499830225
37.7499694365
37.7499558504
37.7499422644
37.7499286784
37.7508632304
37.7508496443
37.7508360583
37.7508224722
37.7508088862
37.7507953002
37.7507817141
37.7507681281
37.7507545421
37.750740956
37.75072737
37.7507137839
37.7507001979
37.7506866119
37.7506730258
37.7506594398
37.7506458538
37.7506322677
37.7506186817
37.7506050956
37.7505915096
37.7505779236
37.7505643375
37.7505507515
37.7505371655
37.7505235794
37.7505099934
37.7504964073
37.7504828213
37.7504692353
37.7504556492
37.7504420632
37.7504284772
37.7504148911
37.7504013051
37.750387719
37.750374133
37.750360547
37.7503469609
37.7503333749
37.7503197889
37.7503062028
37.7502926168
37.7502790308
37.7502654447
37.7502518587
37.7502382726
37.7502246866
37.7502111006
37.7501975145
37.7501839285
37.7501703425
37.7501567564
37.7501431704
37.7501295843
37.7501159983
37.7501024123
37.7500888262
37.7500752402
37.7500616542
37.7500480681
37.7500344821
37.750020896
37.75000731
37.749993724
37.7499801379
37.7499665519
37.7499529659
37.7499393798
37.7499257938
37.7508603458
37.7508467597
37.7508331737
37.7508195877
37.7508060016
37.7507924156
37.7507788295
37.7507652435
37.7507516575
37.7507380714
37.7507244854
37.7507108994
37.7506973133
37.7506837273
37.7506701412
37.7506565552
37.7506429692
37.7506293831
37.7506157971
37.7506022111
37.750588625
37.750575039
37.750561453
37.7505478669
37.7505342809
37.7505206948
37.7505071088
37.7504935228
37.7504799367
37.7504663507
37.7504527647
37.7504391786
37.7504255926
37.7504120065
37.7503984205
37.7503848345
37.7503712484
37.7503576624
37.7503440764
37.7503304903
37.7503169043
37.7503033182
37.7502897322
37.7502761462
37.7502625601
37.7502489741
37.7502353881
37.750221802
37.750208216
37.7501946299
37.7501810439
37.7501674579
37.7501538718
37.7501402858
37.7501266998
37.7501131137
37.7500995277
37.7500859416
37.7500723556
37.7500587696
37.7500451835
37.7500315975
37.7500180115
37.7500044254
37.7499908394
37.7499772533
37.7499636673
37.7499500813
37.7499364952
37.7499229092
37.7508574612
37.7508438751
37.7508302891
37.7508167031
37.750803117
37.750789531
37.750775945
37.7507623589
37.7507487729
37.7507351869
37.7507216008
37.7507080148
37.7506944287
37.7506808427
37.7506672567
37.7506536706
37.7506400846
37.7506264986
37.7506129125
37.7505993265
37.7505857404
37.7505721544
37.7505585684
37.7505449823
37.7505313963
37.7505178103
37.7505042242
37.7504906382
37.7504770521
37.7504634661
37.7504498801
37.750436294
37.750422708
37.750409122
37.7503955359
37.7503819499
37.7503683638
37.7503547778
37.7503411918
37.7503276057
37.7503140197
37.7503004337
37.7502868476
37.7502732616
37.7502596755
37.7502460895
37.7502325035
37.7502189174
37.7502053314
37.7501917454
37.7501781593
37.7501645733
37.7501509872
37.7501374012
37.7501238152
37.7501102291
37.7500966431
37.7500830571
37.750069471
37.750055885
37.7500422989
37.7500287129
37.7500151269
37.7500015408
37.7499879548
37.7499743688
37.7499607827
37.7499471967
37.7499336106
37.7499200246
37.7508545766
37.7508409906
37.7508274045
37.7508138185
37.7508002325
37.7507866464
37.7507730604
37.7507594743
37.7507458883
37.7507323023
37.7507187162
37.7507051302
37.7506915442
37.7506779581
37.7506643721
37.750650786
37.7506372
37.750623614
37.7506100279
37.7505964419
37.7505828559
37.7505692698
37.7505556838
37.7505420977
37.7505285117
37.7505149257
37.7505013396
37.7504877536
37.7504741676
37.7504605815
37.7504469955
37.7504334094
37.7504198234
37.7504062374
37.7503926513
37.7503790653
37.7503654793
37.7503518932
37.7503383072
37.7503247211
37.7503111351
37.7502975491
37.750283963
37.750270377
37.750256791
37.7502432049
37.7502296189
37.7502160328
37.7502024468
37.7501888608
37.7501752747
37.7501616887
37.7501481027
37.7501345166
37.7501209306
37.7501073445
37.7500937585
37.7500801725
37.7500665864
37.7500530004
37.7500394144
37.7500258283
37.7500122423
37.7499986562
37.7499850702
37.7499714842
37.7499578981
37.7499443121
37.7499307261
37.74991714
37.750851692
37.750838106
37.7508245199
37.7508109339
37.7507973479
37.7507837618
37.7507701758
37.7507565898
37.7507430037
37.7507294177
37.7507158316
37.7507022456
37.7506886596
37.7506750735
37.7506614875
37.7506479015
37.7506343154
37.7506207294
37.7506071433
37.7505935573
37.7505799713
37.7505663852
37.7505527992
37.7505392132
37.7505256271
37.7505120411
37.750498455
37.750484869
37.750471283
37.7504576969
37.7504441109
37.7504305249
37.7504169388
37.7504033528
37.7503897667
37.7503761807
37.7503625947
37.7503490086
37.7503354226
37.7503218366
37.7503082505
37.7502946645
37.7502810784
37.7502674924
37.7502539064
37.7502403203
37.7502267343
37.7502131483
37.7501995622
37.7501859762
37.7501723901
37.7501588041
37.7501452181
37.750131632
37.750118046
37.75010446
37.7500908739
37.7500772879
37.7500637018
37.7500501158
37.7500365298
37.7500229437
37.7500093577
37.7499957717
37.7499821856
37.7499685996
37.7499550135
37.7499414275
37.7499278415
37.7499142554
37.7508488074
37.7508352214
37.7508216354
37.7508080493
37.7507944633
37.7507808772
37.7507672912
37.7507537052
37.7507401191
37.7507265331
37.7507129471
37.750699361
37.750685775
37.7506721889
37.7506586029
37.7506450169
37.7506314308
37.7506178448
37.7506042588
37.7505906727
37.7505770867
37.7505635006
37.7505499146
37.7505363286
37.7505227425
37.7505091565
37.7504955705
37.7504819844
37.7504683984
37.7504548123
37.7504412263
37.7504276403
37.7504140542
37.7504004682
37.7503868822
37.7503732961
37.7503597101
37.750346124
37.750332538
37.750318952
37.7503053659
37.7502917799
37.7502781939
37.7502646078
37.7502510218
37.7502374357
37.7502238497
37.7502102637
37.7501966776
37.7501830916
37.7501695056
37.7501559195
37.7501423335
37.7501287474
37.7501151614
37.7501015754
37.7500879893
37.7500744033
37.7500608173
37.7500472312
37.7500336452
37.7500200592
37.7500064731
37.7499928871
37.749979301
37.749965715
37.749952129
37.7499385429
37.7499249569
37.7499113709
37.7508459228
37.7508323368
37.7508187508
37.7508051647
37.7507915787
37.7507779927
37.7507644066
37.7507508206
37.7507372345
37.7507236485
37.7507100625
37.7506964764
37.7506828904
37.7506693044
37.7506557183
37.7506421323
37.7506285462
37.7506149602
37.7506013742
37.7505877881
37.7505742021
37.7505606161
37.75054703
37.750533444
37.7505198579
37.7505062719
37.7504926859
37.7504790998
37.7504655138
37.7504519278
37.7504383417
37.7504247557
37.7504111696
37.7503975836
37.7503839976
37.7503704115
37.7503568255
37.7503432395
37.7503296534
37.7503160674
37.7503024814
37.7502888953
37.7502753093
37.7502617232
37.7502481372
37.7502345512
37.7502209651
37.7502073791
37.7501937931
37.750180207
37.750166621
37.7501530349
37.7501394489
37.7501258629
37.7501122768
37.7500986908
37.7500851048
37.7500715187
37.7500579327
37.7500443466
37.7500307606
37.7500171746
37.7500035885
37.7499900025
37.7499764165
37.7499628304
37.7499492444
37.7499356583
37.7499220723
37.7499084863
37.7508430383
37.7508294522
37.7508158662
37.7508022801
37.7507886941
37.7507751081
37.750761522
37.750747936
37.75073435
37.7507207639
37.7507071779
37.7506935918
37.7506800058
37.7506664198
37.7506528337
37.7506392477
37.7506256617
37.7506120756
37.7505984896
37.7505849036
37.7505713175
37.7505577315
37.7505441454
37.7505305594
37.7505169734
37.7505033873
37.7504898013
37.7504762153
37.7504626292
37.7504490432
37.7504354571
37.7504218711
37.7504082851
37.750394699
37.750381113
37.750367527
37.7503539409
37.7503403549
37.7503267688
37.7503131828
37.7502995968
37.7502860107
37.7502724247
37.7502588387
37.7502452526
37.7502316666
37.7502180805
37.7502044945
37.7501909085
37.7501773224
37.7501637364
37.7501501504
37.7501365643
37.7501229783
37.7501093922
37.7500958062
37.7500822202
37.7500686341
37.7500550481
37.7500414621
37.750027876
37.75001429
37.7500007039
37.7499871179
37.7499735319
37.7499599458
37.7499463598
37.7499327738
37.7499191877
37.7499056017
37.7508401537
37.7508265676
37.7508129816
37.7507993956
37.7507858095
37.7507722235
37.7507586375
37.7507450514
37.7507314654
37.7507178793
37.7507042933
37.7506907073
37.7506771212
37.7506635352
37.7506499492
37.7506363631
37.7506227771
37.750609191
37.750595605
37.750582019
37.7505684329
37.7505548469
37.7505412609
37.7505276748
37.7505140888
37.7505005027
37.7504869167
37.7504733307
37.7504597446
37.7504461586
37.7504325726
37.7504189865
37.7504054005
37.7503918144
37.7503782284
37.7503646424
37.7503510563
37.7503374703
37.7503238843
37.7503102982
37.7502967122
37.7502831261
37.7502695401
37.7502559541
37.750242368
37.750228782
37.750215196
37.7502016099
37.7501880239
37.7501744378
37.7501608518
37.7501472658
37.7501336797
37.7501200937
37.7501065077
37.7500929216
37.7500793356
37.7500657495
37.7500521635
37.7500385775
37.7500249914
37.7500114054
37.7499978194
37.7499842333
37.7499706473
37.7499570612
37.7499434752
37.7499298892
37.7499163031
37.7499027171
37.7508372691
37.7508236831
37.750810097
37.750796511
37.7507829249
37.7507693389
37.7507557529
37.7507421668
37.7507285808
37.7507149948
37.7507014087
37.7506878227
37.7506742366
37.7506606506
37.7506470646
37.7506334785
37.7506198925
37.7506063065
37.7505927204
37.7505791344
37.7505655483
37.7505519623
37.7505383763
37.7505247902
37.7505112042
37.7504976182
37.7504840321
37.7504704461
37.75045686
37.750443274
37.750429688
37.7504161019
37.7504025159
37.7503889299
37.7503753438
37.7503617578
37.7503481717
37.7503345857
37.7503209997
37.7503074136
37.7502938276
37.7502802416
37.7502666555
37.7502530695
37.7502394834
37.7502258974
37.7502123114
37.7501987253
37.7501851393
37.7501715533
37.7501579672
37.7501443812
37.7501307951
37.7501172091
37.7501036231
37.750090037
37.750076451
37.750062865
37.7500492789
37.7500356929
37.7500221068
37.7500085208
37.7499949348
37.7499813487
37.7499677627
37.7499541767
37.7499405906
37.7499270046
37.7499134185
37.7498998325
37.7508343845
37.7508207985
37.7508072124
37.7507936264
37.7507800404
37.7507664543
37.7507528683
37.7507392822
37.7507256962
37.7507121102
37.7506985241
37.7506849381
37.7506713521
37.750657766
37.75064418
37.7506305939
37.7506170079
37.7506034219
37.7505898358
37.7505762498
37.7505626638
37.7505490777
37.7505354917
37.7505219056
37.7505083196
37.7504947336
37.7504811475
37.7504675615
37.7504539755
37.7504403894
37.7504268034
37.7504132173
37.7503996313
37.7503860453
37.7503724592
37.7503588732
37.7503452872
37.7503317011
37.7503181151
37.750304529
37.750290943
37.750277357
37.7502637709
37.7502501849
37.7502365989
37.7502230128
37.7502094268
37.7501958407
37.7501822547
37.7501686687
37.7501550826
37.7501414966
37.7501279106
37.7501143245
37.7501007385
37.7500871524
37.7500735664
37.7500599804
37.7500463943
37.7500328083
37.7500192223
37.7500056362
37.7499920502
37.7499784641
37.7499648781
37.7499512921
37.749937706
37.74992412
37.749910534
37.7498969479
