109.389148293
109.389151941
109.389155589
109.389159237
109.389162886
109.389166534
109.389170182
109.38917383
109.389177478
109.389181126
109.389184775
109.389188423
109.389192071
109.389195719
109.389199367
109.389203015
109.389206664
109.389210312
109.38921396
109.389217608
109.389221256
109.389224905
109.389228553
109.389232201
109.389235849
109.389239497
109.389243145
109.389246794
109.389250442
109.38925409
109.389257738
109.389261386
109.389265034
109.389268683
109.389272331
109.389275979
109.389279627
109.389283275
109.389286923
109.389290572
109.38929422
109.389297868
109.389301516
109.389305164
109.389308812
109.389312461
109.389316109
109.389319757
109.389323405
109.389327053
109.38913111
109.389134759
109.389138407
109.389142055
109.389145703
109.389149351
109.389153
109.389156648
109.389160296
109.389163944
109.389167592
109.38917124
109.389174889
109.389178537
109.389182185
109.389185833
109.389189481
109.389193129
109.389196778
109.389200426
109.389204074
109.389207722
109.38921137
109.389215018
109.389218667
109.389222315
109.389225963
109.389229611
109.389233259
109.389236907
109.389240556
109.389244204
109.389247852
109.3892515
109.389255148
109.389258796
109.389262445
109.389266093
109.389269741
109.389273389
109.389277037
109.389280685
109.389284334
109.389287982
109.38929163
109.389295278
109.389298926
109.389302575
109.389306223
109.389309871
109.389113928
109.389117576
109.389121224
109.389124873
109.389128521
109.389132169
109.389135817
109.389139465
109.389143113
109.389146762
109.38915041
109.389154058
109.389157706
109.389161354
109.389165002
109.389168651
109.389172299
109.389175947
109.389179595
109.389183243
109.389186891
109.38919054
109.389194188
109.389197836
109.389201484
109.389205132
109.38920878
109.389212429
109.389216077
109.389219725
109.389223373
109.389227021
109.38923067
109.389234318
109.389237966
109.389241614
109.389245262
109.38924891
109.389252559
109.389256207
109.389259855
109.389263503
109.389267151
109.389270799
109.389274448
109.389278096
109.389281744
109.389285392
109.38928904
109.389292688
109.389096746
109.389100394
109.389104042
109.38910769
109.389111338
109.389114986
109.389118635
109.389122283
109.389125931
109.389129579
109.389133227
109.389136875
109.389140524
109.389144172
109.38914782
109.389151468
109.389155116
109.389158765
109.389162413
109.389166061
109.389169709
109.389173357
109.389177005
109.389180654
109.389184302
109.38918795
109.389191598
109.389195246
109.389198894
109.389202543
109.389206191
109.389209839
109.389213487
109.389217135
109.389220783
109.389224432
109.38922808
109.389231728
109.389235376
109.389239024
109.389242672
109.389246321
109.389249969
109.389253617
109.389257265
109.389260913
109.389264561
109.38926821
109.389271858
109.389275506
109.389079563
109.389083211
109.38908686
109.389090508
109.389094156
109.389097804
109.389101452
109.3891051
109.389108749
109.389112397
109.389116045
109.389119693
109.389123341
109.389126989
109.389130638
109.389134286
109.389137934
109.389141582
109.38914523
109.389148878
109.389152527
109.389156175
109.389159823
109.389163471
109.389167119
109.389170767
109.389174416
109.389178064
109.389181712
109.38918536
109.389189008
109.389192656
109.389196305
109.389199953
109.389203601
109.389207249
109.389210897
109.389214545
109.389218194
109.389221842
109.38922549
109.389229138
109.389232786
109.389236435
109.389240083
109.389243731
109.389247379
109.389251027
109.389254675
109.389258324
109.389062381
109.389066029
109.389069677
109.389073325
109.389076973
109.389080622
109.38908427
109.389087918
109.389091566
109.389095214
109.389098862
109.389102511
109.389106159
109.389109807
109.389113455
109.389117103
109.389120751
109.3891244
109.389128048
109.389131696
109.389135344
109.389138992
109.38914264
109.389146289
109.389149937
109.389153585
109.389157233
109.389160881
109.38916453
109.389168178
109.389171826
109.389175474
109.389179122
109.38918277
109.389186419
109.389190067
109.389193715
109.389197363
109.389201011
109.389204659
109.389208308
109.389211956
109.389215604
109.389219252
109.3892229
109.389226548
109.389230197
109.389233845
109.389237493
109.389241141
109.389045198
109.389048846
109.389052495
109.389056143
109.389059791
109.389063439
109.389067087
109.389070735
109.389074384
109.389078032
109.38908168
109.389085328
109.389088976
109.389092625
109.389096273
109.389099921
109.389103569
109.389107217
109.389110865
109.389114514
109.389118162
109.38912181
109.389125458
109.389129106
109.389132754
109.389136403
109.389140051
109.389143699
109.389147347
109.389150995
109.389154643
109.389158292
109.38916194
109.389165588
109.389169236
109.389172884
109.389176532
109.389180181
109.389183829
109.389187477
109.389191125
109.389194773
109.389198421
109.38920207
109.389205718
109.389209366
109.389213014
109.389216662
109.38922031
109.389223959
109.389028016
109.389031664
109.389035312
109.38903896
109.389042609
109.389046257
109.389049905
109.389053553
109.389057201
109.389060849
109.389064498
109.389068146
109.389071794
109.389075442
109.38907909
109.389082738
109.389086387
109.389090035
109.389093683
109.389097331
109.389100979
109.389104627
109.389108276
109.389111924
109.389115572
109.38911922
109.389122868
109.389126516
109.389130165
109.389133813
109.389137461
109.389141109
109.389144757
109.389148405
109.389152054
109.389155702
109.38915935
109.389162998
109.389166646
109.389170295
109.389173943
109.389177591
109.389181239
109.389184887
109.389188535
109.389192184
109.389195832
109.38919948
109.389203128
109.389206776
109.389010833
109.389014482
109.38901813
109.389021778
109.389025426
109.389029074
109.389032722
109.389036371
109.389040019
109.389043667
109.389047315
109.389050963
109.389054611
109.38905826
109.389061908
109.389065556
109.389069204
109.389072852
109.3890765
109.389080149
109.389083797
109.389087445
109.389091093
109.389094741
109.38909839
109.389102038
109.389105686
109.389109334
109.389112982
109.38911663
109.389120279
109.389123927
109.389127575
109.389131223
109.389134871
109.389138519
109.389142168
109.389145816
109.389149464
109.389153112
109.38915676
109.389160408
109.389164057
109.389167705
109.389171353
109.389175001
109.389178649
109.389182297
109.389185946
109.389189594
109.388993651
109.388997299
109.389000947
109.389004595
109.389008244
109.389011892
109.38901554
109.389019188
109.389022836
109.389026485
109.389030133
109.389033781
109.389037429
109.389041077
109.389044725
109.389048374
109.389052022
109.38905567
109.389059318
109.389062966
109.389066614
109.389070263
109.389073911
109.389077559
109.389081207
109.389084855
109.389088503
109.389092152
109.3890958
109.389099448
109.389103096
109.389106744
109.389110392
109.389114041
109.389117689
109.389121337
109.389124985
109.389128633
109.389132281
109.38913593
109.389139578
109.389143226
109.389146874
109.389150522
109.38915417
109.389157819
109.389161467
109.389165115
109.389168763
109.389172411
109.388976469
109.388980117
109.388983765
109.388987413
109.388991061
109.388994709
109.388998358
109.389002006
109.389005654
109.389009302
109.38901295
109.389016598
109.389020247
109.389023895
109.389027543
109.389031191
109.389034839
109.389038487
109.389042136
109.389045784
109.389049432
109.38905308
109.389056728
109.389060376
109.389064025
109.389067673
109.389071321
109.389074969
109.389078617
109.389082265
109.389085914
109.389089562
109.38909321
109.389096858
109.389100506
109.389104155
109.389107803
109.389111451
109.389115099
109.389118747
109.389122395
109.389126044
109.389129692
109.38913334
109.389136988
109.389140636
109.389144284
109.389147933
109.389151581
109.389155229
109.388959286
109.388962934
109.388966582
109.388970231
109.388973879
109.388977527
109.388981175
109.388984823
109.388988471
109.38899212
109.388995768
109.388999416
109.389003064
109.389006712
109.38901036
109.389014009
109.389017657
109.389021305
109.389024953
109.389028601
109.38903225
109.389035898
109.389039546
109.389043194
109.389046842
109.38905049
109.389054139
109.389057787
109.389061435
109.389065083
109.389068731
109.389072379
109.389076028
109.389079676
109.389083324
109.389086972
109.38909062
109.389094268
109.389097917
109.389101565
109.389105213
109.389108861
109.389112509
109.389116157
109.389119806
109.389123454
109.389127102
109.38913075
109.389134398
109.389138046
109.388942104
109.388945752
109.3889494
109.388953048
109.388956696
109.388960345
109.388963993
109.388967641
109.388971289
109.388974937
109.388978585
109.388982234
109.388985882
109.38898953
109.388993178
109.388996826
109.389000474
109.389004123
109.389007771
109.389011419
109.389015067
109.389018715
109.389022363
109.389026012
109.38902966
109.389033308
109.389036956
109.389040604
109.389044252
109.389047901
109.389051549
109.389055197
109.389058845
109.389062493
109.389066141
109.38906979
109.389073438
109.389077086
109.389080734
109.389084382
109.38908803
109.389091679
109.389095327
109.389098975
109.389102623
109.389106271
109.38910992
109.389113568
109.389117216
109.389120864
109.388924921
109.388928569
109.388932218
109.388935866
109.388939514
109.388943162
109.38894681
109.388950458
109.388954107
109.388957755
109.388961403
109.388965051
109.388968699
109.388972347
109.388975996
109.388979644
109.388983292
109.38898694
109.388990588
109.388994236
109.388997885
109.389001533
109.389005181
109.389008829
109.389012477
109.389016125
109.389019774
109.389023422
109.38902707
109.389030718
109.389034366
109.389038015
109.389041663
109.389045311
109.389048959
109.389052607
109.389056255
109.389059904
109.389063552
109.3890672
109.389070848
109.389074496
109.389078144
109.389081793
109.389085441
109.389089089
109.389092737
109.389096385
109.389100033
109.389103682
109.388907739
109.388911387
109.388915035
109.388918683
109.388922331
109.38892598
109.388929628
109.388933276
109.388936924
109.388940572
109.38894422
109.388947869
109.388951517
109.388955165
109.388958813
109.388962461
109.38896611
109.388969758
109.388973406
109.388977054
109.388980702
109.38898435
109.388987999
109.388991647
109.388995295
109.388998943
109.389002591
109.389006239
109.389009888
109.389013536
109.389017184
109.389020832
109.38902448
109.389028128
109.389031777
109.389035425
109.389039073
109.389042721
109.389046369
109.389050017
109.389053666
109.389057314
109.389060962
109.38906461
109.389068258
109.389071906
109.389075555
109.389079203
109.389082851
109.389086499
109.388890556
109.388894205
109.388897853
109.388901501
109.388905149
109.388908797
109.388912445
109.388916094
109.388919742
109.38892339
109.388927038
109.388930686
109.388934334
109.388937983
109.388941631
109.388945279
109.388948927
109.388952575
109.388956223
109.388959872
109.38896352
109.388967168
109.388970816
109.388974464
109.388978112
109.388981761
109.388985409
109.388989057
109.388992705
109.388996353
109.389000001
109.38900365
109.389007298
109.389010946
109.389014594
109.389018242
109.38902189
109.389025539
109.389029187
109.389032835
109.389036483
109.389040131
109.38904378
109.389047428
109.389051076
109.389054724
109.389058372
109.38906202
109.389065669
109.389069317
109.388873374
109.388877022
109.38888067
109.388884318
109.388887967
109.388891615
109.388895263
109.388898911
109.388902559
109.388906207
109.388909856
109.388913504
109.388917152
109.3889208
109.388924448
109.388928096
109.388931745
109.388935393
109.388939041
109.388942689
109.388946337
109.388949985
109.388953634
109.388957282
109.38896093
109.388964578
109.388968226
109.388971875
109.388975523
109.388979171
109.388982819
109.388986467
109.388990115
109.388993764
109.388997412
109.38900106
109.389004708
109.389008356
109.389012004
109.389015653
109.389019301
109.389022949
109.389026597
109.389030245
109.389033893
109.389037542
109.38904119
109.389044838
109.389048486
109.389052134
109.388856191
109.38885984
109.388863488
109.388867136
109.388870784
109.388874432
109.38887808
109.388881729
109.388885377
109.388889025
109.388892673
109.388896321
109.38889997
109.388903618
109.388907266
109.388910914
109.388914562
109.38891821
109.388921859
109.388925507
109.388929155
109.388932803
109.388936451
109.388940099
109.388943748
109.388947396
109.388951044
109.388954692
109.38895834
109.388961988
109.388965637
109.388969285
109.388972933
109.388976581
109.388980229
109.388983877
109.388987526
109.388991174
109.388994822
109.38899847
109.389002118
109.389005766
109.389009415
109.389013063
109.389016711
109.389020359
109.389024007
109.389027655
109.389031304
109.389034952
109.388839009
109.388842657
109.388846305
109.388849954
109.388853602
109.38885725
109.388860898
109.388864546
109.388868194
109.388871843
109.388875491
109.388879139
109.388882787
109.388886435
109.388890083
109.388893732
109.38889738
109.388901028
109.388904676
109.388908324
109.388911972
109.388915621
109.388919269
109.388922917
109.388926565
109.388930213
109.388933861
109.38893751
109.388941158
109.388944806
109.388948454
109.388952102
109.38895575
109.388959399
109.388963047
109.388966695
109.388970343
109.388973991
109.38897764
109.388981288
109.388984936
109.388988584
109.388992232
109.38899588
109.388999529
109.389003177
109.389006825
109.389010473
109.389014121
109.389017769
109.388821827
109.388825475
109.388829123
109.388832771
109.388836419
109.388840067
109.388843716
109.388847364
109.388851012
109.38885466
109.388858308
109.388861956
109.388865605
109.388869253
109.388872901
109.388876549
109.388880197
109.388883845
109.388887494
109.388891142
109.38889479
109.388898438
109.388902086
109.388905735
109.388909383
109.388913031
109.388916679
109.388920327
109.388923975
109.388927624
109.388931272
109.38893492
109.388938568
109.388942216
109.388945864
109.388949513
109.388953161
109.388956809
109.388960457
109.388964105
109.388967753
109.388971402
109.38897505
109.388978698
109.388982346
109.388985994
109.388989642
109.388993291
109.388996939
109.389000587
109.388804644
109.388808292
109.38881194
109.388815589
109.388819237
109.388822885
109.388826533
109.388830181
109.38883383
109.388837478
109.388841126
109.388844774
109.388848422
109.38885207
109.388855719
109.388859367
109.388863015
109.388866663
109.388870311
109.388873959
109.388877608
109.388881256
109.388884904
109.388888552
109.3888922
109.388895848
109.388899497
109.388903145
109.388906793
109.388910441
109.388914089
109.388917737
109.388921386
109.388925034
109.388928682
109.38893233
109.388935978
109.388939626
109.388943275
109.388946923
109.388950571
109.388954219
109.388957867
109.388961515
109.388965164
109.388968812
109.38897246
109.388976108
109.388979756
109.388983405
109.388787462
109.38879111
109.388794758
109.388798406
109.388802054
109.388805703
109.388809351
109.388812999
109.388816647
109.388820295
109.388823943
109.388827592
109.38883124
109.388834888
109.388838536
109.388842184
109.388845832
109.388849481
109.388853129
109.388856777
109.388860425
109.388864073
109.388867721
109.38887137
109.388875018
109.388878666
109.388882314
109.388885962
109.38888961
109.388893259
109.388896907
109.388900555
109.388904203
109.388907851
109.3889115
109.388915148
109.388918796
109.388922444
109.388926092
109.38892974
109.388933389
109.388937037
109.388940685
109.388944333
109.388947981
109.388951629
109.388955278
109.388958926
109.388962574
109.388966222
109.388770279
109.388773927
109.388777576
109.388781224
109.388784872
109.38878852
109.388792168
109.388795816
109.388799465
109.388803113
109.388806761
109.388810409
109.388814057
109.388817705
109.388821354
109.388825002
109.38882865
109.388832298
109.388835946
109.388839595
109.388843243
109.388846891
109.388850539
109.388854187
109.388857835
109.388861484
109.388865132
109.38886878
109.388872428
109.388876076
109.388879724
109.388883373
109.388887021
109.388890669
109.388894317
109.388897965
109.388901613
109.388905262
109.38890891
109.388912558
109.388916206
109.388919854
109.388923502
109.388927151
109.388930799
109.388934447
109.388938095
109.388941743
109.388945391
109.38894904
109.388753097
109.388756745
109.388760393
109.388764041
109.38876769
109.388771338
109.388774986
109.388778634
109.388782282
109.38878593
109.388789579
109.388793227
109.388796875
109.388800523
109.388804171
109.388807819
109.388811468
109.388815116
109.388818764
109.388822412
109.38882606
109.388829708
109.388833357
109.388837005
109.388840653
109.388844301
109.388847949
109.388851597
109.388855246
109.388858894
109.388862542
109.38886619
109.388869838
109.388873486
109.388877135
109.388880783
109.388884431
109.388888079
109.388891727
109.388895375
109.388899024
109.388902672
109.38890632
109.388909968
109.388913616
109.388917265
109.388920913
109.388924561
109.388928209
109.388931857
109.388735914
109.388739563
109.388743211
109.388746859
109.388750507
109.388754155
109.388757803
109.388761452
109.3887651
109.388768748
109.388772396
109.388776044
109.388779692
109.388783341
109.388786989
109.388790637
109.388794285
109.388797933
109.388801581
109.38880523
109.388808878
109.388812526
109.388816174
109.388819822
109.38882347
109.388827119
109.388830767
109.388834415
109.388838063
109.388841711
109.38884536
109.388849008
109.388852656
109.388856304
109.388859952
109.3888636
109.388867249
109.388870897
109.388874545
109.388878193
109.388881841
109.388885489
109.388889138
109.388892786
109.388896434
109.388900082
109.38890373
109.388907378
109.388911027
109.388914675
109.388718732
109.38872238
109.388726028
109.388729676
109.388733325
109.388736973
109.388740621
109.388744269
109.388747917
109.388751565
109.388755214
109.388758862
109.38876251
109.388766158
109.388769806
109.388773455
109.388777103
109.388780751
109.388784399
109.388788047
109.388791695
109.388795344
109.388798992
109.38880264
109.388806288
109.388809936
109.388813584
109.388817233
109.388820881
109.388824529
109.388828177
109.388831825
109.388835473
109.388839122
109.38884277
109.388846418
109.388850066
109.388853714
109.388857362
109.388861011
109.388864659
109.388868307
109.388871955
109.388875603
109.388879251
109.3888829
109.388886548
109.388890196
109.388893844
109.388897492
109.388701549
109.388705198
109.388708846
109.388712494
109.388716142
109.38871979
109.388723439
109.388727087
109.388730735
109.388734383
109.388738031
109.388741679
109.388745328
109.388748976
109.388752624
109.388756272
109.38875992
109.388763568
109.388767217
109.388770865
109.388774513
109.388778161
109.388781809
109.388785457
109.388789106
109.388792754
109.388796402
109.38880005
109.388803698
109.388807346
109.388810995
109.388814643
109.388818291
109.388821939
109.388825587
109.388829235
109.388832884
109.388836532
109.38884018
109.388843828
109.388847476
109.388851125
109.388854773
109.388858421
109.388862069
109.388865717
109.388869365
109.388873014
109.388876662
109.38888031
109.388684367
109.388688015
109.388691663
109.388695312
109.38869896
109.388702608
109.388706256
109.388709904
109.388713552
109.388717201
109.388720849
109.388724497
109.388728145
109.388731793
109.388735441
109.38873909
109.388742738
109.388746386
109.388750034
109.388753682
109.38875733
109.388760979
109.388764627
109.388768275
109.388771923
109.388775571
109.38877922
109.388782868
109.388786516
109.388790164
109.388793812
109.38879746
109.388801109
109.388804757
109.388808405
109.388812053
109.388815701
109.388819349
109.388822998
109.388826646
109.388830294
109.388833942
109.38883759
109.388841238
109.388844887
109.388848535
109.388852183
109.388855831
109.388859479
109.388863127
109.388667185
109.388670833
109.388674481
109.388678129
109.388681777
109.388685425
109.388689074
109.388692722
109.38869637
109.388700018
109.388703666
109.388707315
109.388710963
109.388714611
109.388718259
109.388721907
109.388725555
109.388729204
109.388732852
109.3887365
109.388740148
109.388743796
109.388747444
109.388751093
109.388754741
109.388758389
109.388762037
109.388765685
109.388769333
109.388772982
109.38877663
109.388780278
109.388783926
109.388787574
109.388791222
109.388794871
109.388798519
109.388802167
109.388805815
109.388809463
109.388813111
109.38881676
109.388820408
109.388824056
109.388827704
109.388831352
109.388835
109.388838649
109.388842297
109.388845945
109.388650002
109.38865365
109.388657299
109.388660947
109.388664595
109.388668243
109.388671891
109.388675539
109.388679188
109.388682836
109.388686484
109.388690132
109.38869378
109.388697428
109.388701077
109.388704725
109.388708373
109.388712021
109.388715669
109.388719317
109.388722966
109.388726614
109.388730262
109.38873391
109.388737558
109.388741206
109.388744855
109.388748503
109.388752151
109.388755799
109.388759447
109.388763095
109.388766744
109.388770392
109.38877404
109.388777688
109.388781336
109.388784985
109.388788633
109.388792281
109.388795929
109.388799577
109.388803225
109.388806874
109.388810522
109.38881417
109.388817818
109.388821466
109.388825114
109.388828763
109.38863282
109.388636468
109.388640116
109.388643764
109.388647412
109.388651061
109.388654709
109.388658357
109.388662005
109.388665653
109.388669301
109.38867295
109.388676598
109.388680246
109.388683894
109.388687542
109.38869119
109.388694839
109.388698487
109.388702135
109.388705783
109.388709431
109.38871308
109.388716728
109.388720376
109.388724024
109.388727672
109.38873132
109.388734969
109.388738617
109.388742265
109.388745913
109.388749561
109.388753209
109.388756858
109.388760506
109.388764154
109.388767802
109.38877145
109.388775098
109.388778747
109.388782395
109.388786043
109.388789691
109.388793339
109.388796987
109.388800636
109.388804284
109.388807932
109.38881158
109.388615637
109.388619285
109.388622934
109.388626582
109.38863023
109.388633878
109.388637526
109.388641174
109.388644823
109.388648471
109.388652119
109.388655767
109.388659415
109.388663064
109.388666712
109.38867036
109.388674008
109.388677656
109.388681304
109.388684953
109.388688601
109.388692249
109.388695897
109.388699545
109.388703193
109.388706842
109.38871049
109.388714138
109.388717786
109.388721434
109.388725082
109.388728731
109.388732379
109.388736027
109.388739675
109.388743323
109.388746971
109.38875062
109.388754268
109.388757916
109.388761564
109.388765212
109.38876886
109.388772509
109.388776157
109.388779805
109.388783453
109.388787101
109.38879075
109.388794398
109.388598455
109.388602103
109.388605751
109.388609399
109.388613048
109.388616696
109.388620344
109.388623992
109.38862764
109.388631288
109.388634937
109.388638585
109.388642233
109.388645881
109.388649529
109.388653177
109.388656826
109.388660474
109.388664122
109.38866777
109.388671418
109.388675066
109.388678715
109.388682363
109.388686011
109.388689659
109.388693307
109.388696955
109.388700604
109.388704252
109.3887079
109.388711548
109.388715196
109.388718845
109.388722493
109.388726141
109.388729789
109.388733437
109.388737085
109.388740734
109.388744382
109.38874803
109.388751678
109.388755326
109.388758974
109.388762623
109.388766271
109.388769919
109.388773567
109.388777215
109.388581272
109.388584921
109.388588569
109.388592217
109.388595865
109.388599513
109.388603161
109.38860681
109.388610458
109.388614106
109.388617754
109.388621402
109.38862505
109.388628699
109.388632347
109.388635995
109.388639643
109.388643291
109.388646939
109.388650588
109.388654236
109.388657884
109.388661532
109.38866518
109.388668829
109.388672477
109.388676125
109.388679773
109.388683421
109.388687069
109.388690718
109.388694366
109.388698014
109.388701662
109.38870531
109.388708958
109.388712607
109.388716255
109.388719903
109.388723551
109.388727199
109.388730847
109.388734496
109.388738144
109.388741792
109.38874544
109.388749088
109.388752736
109.388756385
109.388760033
109.38856409
109.388567738
109.388571386
109.388575034
109.388578683
109.388582331
109.388585979
109.388589627
109.388593275
109.388596924
109.388600572
109.38860422
109.388607868
109.388611516
109.388615164
109.388618813
109.388622461
109.388626109
109.388629757
109.388633405
109.388637053
109.388640702
109.38864435
109.388647998
109.388651646
109.388655294
109.388658942
109.388662591
109.388666239
109.388669887
109.388673535
109.388677183
109.388680831
109.38868448
109.388688128
109.388691776
109.388695424
109.388699072
109.38870272
109.388706369
109.388710017
109.388713665
109.388717313
109.388720961
109.38872461
109.388728258
109.388731906
109.388735554
109.388739202
109.38874285
109.388546908
109.388550556
109.388554204
109.388557852
109.3885615
109.388565148
109.388568797
109.388572445
109.388576093
109.388579741
109.388583389
109.388587037
109.388590686
109.388594334
109.388597982
109.38860163
109.388605278
109.388608926
109.388612575
109.388616223
109.388619871
109.388623519
109.388627167
109.388630815
109.388634464
109.388638112
109.38864176
109.388645408
109.388649056
109.388652705
109.388656353
109.388660001
109.388663649
109.388667297
109.388670945
109.388674594
109.388678242
109.38868189
109.388685538
109.388689186
109.388692834
109.388696483
109.388700131
109.388703779
109.388707427
109.388711075
109.388714723
109.388718372
109.38872202
109.388725668
109.388529725
109.388533373
109.388537021
109.38854067
109.388544318
109.388547966
109.388551614
109.388555262
109.38855891
109.388562559
109.388566207
109.388569855
109.388573503
109.388577151
109.388580799
109.388584448
109.388588096
109.388591744
109.388595392
109.38859904
109.388602689
109.388606337
109.388609985
109.388613633
109.388617281
109.388620929
109.388624578
109.388628226
109.388631874
109.388635522
109.38863917
109.388642818
109.388646467
109.388650115
109.388653763
109.388657411
109.388661059
109.388664707
109.388668356
109.388672004
109.388675652
109.3886793
109.388682948
109.388686596
109.388690245
109.388693893
109.388697541
109.388701189
109.388704837
109.388708485
109.388512543
109.388516191
109.388519839
109.388523487
109.388527135
109.388530784
109.388534432
109.38853808
109.388541728
109.388545376
109.388549024
109.388552673
109.388556321
109.388559969
109.388563617
109.388567265
109.388570913
109.388574562
109.38857821
109.388581858
109.388585506
109.388589154
109.388592802
109.388596451
109.388600099
109.388603747
109.388607395
109.388611043
109.388614691
109.38861834
109.388621988
109.388625636
109.388629284
109.388632932
109.38863658
109.388640229
109.388643877
109.388647525
109.388651173
109.388654821
109.38865847
109.388662118
109.388665766
109.388669414
109.388673062
109.38867671
109.388680359
109.388684007
109.388687655
109.388691303
109.38849536
109.388499008
109.388502657
109.388506305
109.388509953
109.388513601
109.388517249
109.388520897
109.388524546
109.388528194
109.388531842
109.38853549
109.388539138
109.388542786
109.388546435
109.388550083
109.388553731
109.388557379
109.388561027
109.388564675
109.388568324
109.388571972
109.38857562
109.388579268
109.388582916
109.388586564
109.388590213
109.388593861
109.388597509
109.388601157
109.388604805
109.388608454
109.388612102
109.38861575
109.388619398
109.388623046
109.388626694
109.388630343
109.388633991
109.388637639
109.388641287
109.388644935
109.388648583
109.388652232
109.38865588
109.388659528
109.388663176
109.388666824
109.388670472
109.388674121
109.388478178
109.388481826
109.388485474
109.388489122
109.38849277
109.388496419
109.388500067
109.388503715
109.388507363
109.388511011
109.388514659
109.388518308
109.388521956
109.388525604
109.388529252
109.3885329
109.388536549
109.388540197
109.388543845
109.388547493
109.388551141
109.388554789
109.388558438
109.388562086
109.388565734
109.388569382
109.38857303
109.388576678
109.388580327
109.388583975
109.388587623
109.388591271
109.388594919
109.388598567
109.388602216
109.388605864
109.388609512
109.38861316
109.388616808
109.388620456
109.388624105
109.388627753
109.388631401
109.388635049
109.388638697
109.388642345
109.388645994
109.388649642
109.38865329
109.388656938
109.388460995
109.388464644
109.388468292
109.38847194
109.388475588
109.388479236
109.388482884
109.388486533
109.388490181
109.388493829
109.388497477
109.388501125
109.388504773
109.388508422
109.38851207
109.388515718
109.388519366
109.388523014
109.388526662
109.388530311
109.388533959
109.388537607
109.388541255
109.388544903
109.388548551
109.3885522
109.388555848
109.388559496
109.388563144
109.388566792
109.38857044
109.388574089
109.388577737
109.388581385
109.388585033
109.388588681
109.388592329
109.388595978
109.388599626
109.388603274
109.388606922
109.38861057
109.388614219
109.388617867
109.388621515
109.388625163
109.388628811
109.388632459
109.388636108
109.388639756
109.388443813
109.388447461
109.388451109
109.388454757
109.388458406
109.388462054
109.388465702
109.38846935
109.388472998
109.388476646
109.388480295
109.388483943
109.388487591
109.388491239
109.388494887
109.388498535
109.388502184
109.388505832
109.38850948
109.388513128
109.388516776
109.388520424
109.388524073
109.388527721
109.388531369
109.388535017
109.388538665
109.388542314
109.388545962
109.38854961
109.388553258
109.388556906
109.388560554
109.388564203
109.388567851
109.388571499
109.388575147
109.388578795
109.388582443
109.388586092
109.38858974
109.388593388
109.388597036
109.388600684
109.388604332
109.388607981
109.388611629
109.388615277
109.388618925
109.388622573
109.38842663
109.388430279
109.388433927
109.388437575
109.388441223
109.388444871
109.388448519
109.388452168
109.388455816
109.388459464
109.388463112
109.38846676
109.388470409
109.388474057
109.388477705
109.388481353
109.388485001
109.388488649
109.388492298
109.388495946
109.388499594
109.388503242
109.38850689
109.388510538
109.388514187
109.388517835
109.388521483
109.388525131
109.388528779
109.388532427
109.388536076
109.388539724
109.388543372
109.38854702
109.388550668
109.388554316
109.388557965
109.388561613
109.388565261
109.388568909
109.388572557
109.388576205
109.388579854
109.388583502
109.38858715
109.388590798
109.388594446
109.388598095
109.388601743
109.388605391
109.388409448
109.388413096
109.388416744
109.388420393
109.388424041
109.388427689
109.388431337
109.388434985
109.388438633
109.388442282
109.38844593
109.388449578
109.388453226
109.388456874
109.388460522
109.388464171
109.388467819
109.388471467
109.388475115
109.388478763
109.388482411
109.38848606
109.388489708
109.388493356
109.388497004
109.388500652
109.3885043
109.388507949
109.388511597
109.388515245
109.388518893
109.388522541
109.388526189
109.388529838
109.388533486
109.388537134
109.388540782
109.38854443
109.388548079
109.388551727
109.388555375
109.388559023
109.388562671
109.388566319
109.388569968
109.388573616
109.388577264
109.388580912
109.38858456
109.388588208
109.388392266
109.388395914
109.388399562
109.38840321
109.388406858
109.388410506
109.388414155
109.388417803
109.388421451
109.388425099
109.388428747
109.388432395
109.388436044
109.388439692
109.38844334
109.388446988
109.388450636
109.388454284
109.388457933
109.388461581
109.388465229
109.388468877
109.388472525
109.388476174
109.388479822
109.38848347
109.388487118
109.388490766
109.388494414
109.388498063
109.388501711
109.388505359
109.388509007
109.388512655
109.388516303
109.388519952
109.3885236
109.388527248
109.388530896
109.388534544
109.388538192
109.388541841
109.388545489
109.388549137
109.388552785
109.388556433
109.388560081
109.38856373
109.388567378
109.388571026
109.388375083
109.388378731
109.388382379
109.388386028
109.388389676
109.388393324
109.388396972
109.38840062
109.388404269
109.388407917
109.388411565
109.388415213
109.388418861
109.388422509
109.388426158
109.388429806
109.388433454
109.388437102
109.38844075
109.388444398
109.388448047
109.388451695
109.388455343
109.388458991
109.388462639
109.388466287
109.388469936
109.388473584
109.388477232
109.38848088
109.388484528
109.388488176
109.388491825
109.388495473
109.388499121
109.388502769
109.388506417
109.388510065
109.388513714
109.388517362
109.38852101
109.388524658
109.388528306
109.388531954
109.388535603
109.388539251
109.388542899
109.388546547
109.388550195
109.388553844
109.388357901
109.388361549
109.388365197
109.388368845
109.388372493
109.388376142
109.38837979
109.388383438
109.388387086
109.388390734
109.388394382
109.388398031
109.388401679
109.388405327
109.388408975
109.388412623
109.388416271
109.38841992
109.388423568
109.388427216
109.388430864
109.388434512
109.38843816
109.388441809
109.388445457
109.388449105
109.388452753
109.388456401
109.388460049
109.388463698
109.388467346
109.388470994
109.388474642
109.38847829
109.388481939
109.388485587
109.388489235
109.388492883
109.388496531
109.388500179
109.388503828
109.388507476
109.388511124
109.388514772
109.38851842
109.388522068
109.388525717
109.388529365
109.388533013
109.388536661
109.388340718
109.388344366
109.388348015
109.388351663
109.388355311
109.388358959
109.388362607
109.388366255
109.388369904
109.388373552
109.3883772
109.388380848
109.388384496
109.388388144
109.388391793
109.388395441
109.388399089
109.388402737
109.388406385
109.388410034
109.388413682
109.38841733
109.388420978
109.388424626
109.388428274
109.388431923
109.388435571
109.388439219
109.388442867
109.388446515
109.388450163
109.388453812
109.38845746
109.388461108
109.388464756
109.388468404
109.388472052
109.388475701
109.388479349
109.388482997
109.388486645
109.388490293
109.388493941
109.38849759
109.388501238
109.388504886
109.388508534
109.388512182
109.38851583
109.388519479
109.388323536
109.388327184
109.388330832
109.38833448
109.388338129
109.388341777
109.388345425
109.388349073
109.388352721
109.388356369
109.388360018
109.388363666
109.388367314
109.388370962
109.38837461
109.388378258
109.388381907
109.388385555
109.388389203
109.388392851
109.388396499
109.388400147
109.388403796
109.388407444
109.388411092
109.38841474
109.388418388
109.388422036
109.388425685
109.388429333
109.388432981
109.388436629
109.388440277
109.388443925
109.388447574
109.388451222
109.38845487
109.388458518
109.388462166
109.388465814
109.388469463
109.388473111
109.388476759
109.388480407
109.388484055
109.388487704
109.388491352
109.388495
109.388498648
109.388502296
109.388306353
109.388310002
109.38831365
109.388317298
109.388320946
109.388324594
109.388328242
109.388331891
109.388335539
109.388339187
109.388342835
109.388346483
109.388350131
109.38835378
109.388357428
109.388361076
109.388364724
109.388368372
109.38837202
109.388375669
109.388379317
109.388382965
109.388386613
109.388390261
109.388393909
109.388397558
109.388401206
109.388404854
109.388408502
109.38841215
109.388415799
109.388419447
109.388423095
109.388426743
109.388430391
109.388434039
109.388437688
109.388441336
109.388444984
109.388448632
109.38845228
109.388455928
109.388459577
109.388463225
109.388466873
109.388470521
109.388474169
109.388477817
109.388481466
109.388485114
