109.390536183
109.390465866
109.390395549
109.390325232
109.390254916
109.390184599
109.390114282
109.390043966
109.389973649
109.389903332
109.389833016
109.389762699
109.389692382
109.389622066
109.389551749
109.389481432
109.389411116
109.389340799
109.389270482
109.389200165
109.389129849
109.389059532
109.388989215
109.388918899
109.388848582
109.388778265
109.388707949
109.388637632
109.388567315
109.388496999
109.388426682
109.388356365
109.388286049
109.388215732
109.388145415
109.388075098
109.388004782
109.387934465
109.387864148
109.387793832
109.387723515
109.387653198
109.387582882
109.387512565
109.387442248
109.387371932
109.387301615
109.387231298
109.387160982
109.387090665
