37.7398513997
37.7398378137
37.7398242276
37.7398106416
37.7397970555
37.7397834695
37.7397698835
37.7397562974
37.7397427114
37.7397291254
37.7397155393
37.7397019533
37.7396883672
37.7396747812
37.7396611952
37.7396476091
37.7396340231
37.7396204371
37.739606851
37.739593265
37.7395796789
37.7395660929
37.7395525069
37.7395389208
37.7398485151
37.7398349291
37.739821343
37.739807757
37.739794171
37.7397805849
37.7397669989
37.7397534128
37.7397398268
37.7397262408
37.7397126547
37.7396990687
37.7396854827
37.7396718966
37.7396583106
37.7396447245
37.7396311385
37.7396175525
37.7396039664
37.7395903804
37.7395767944
37.7395632083
37.7395496223
37.7395360362
37.7398456305
37.7398320445
37.7398184584
37.7398048724
37.7397912864
37.7397777003
37.7397641143
37.7397505283
37.7397369422
37.7397233562
37.7397097701
37.7396961841
37.7396825981
37.739669012
37.739655426
37.73964184
37.7396282539
37.7396146679
37.7396010818
37.7395874958
37.7395739098
37.7395603237
37.7395467377
37.7395331517
37.7398427459
37.7398291599
37.7398155739
37.7398019878
37.7397884018
37.7397748157
37.7397612297
37.7397476437
37.7397340576
37.7397204716
37.7397068856
37.7396932995
37.7396797135
37.7396661274
37.7396525414
37.7396389554
37.7396253693
37.7396117833
37.7395981973
37.7395846112
37.7395710252
37.7395574391
37.7395438531
37.7395302671
37.7398398613
37.7398262753
37.7398126893
37.7397991032
37.7397855172
37.7397719312
37.7397583451
37.7397447591
37.739731173
37.739717587
37.739704001
37.7396904149
37.7396768289
37.7396632429
37.7396496568
37.7396360708
37.7396224847
37.7396088987
37.7395953127
37.7395817266
37.7395681406
37.7395545546
37.7395409685
37.7395273825
37.7398369768
37.7398233907
37.7398098047
37.7397962186
37.7397826326
37.7397690466
37.7397554605
37.7397418745
37.7397282885
37.7397147024
37.7397011164
37.7396875303
37.7396739443
37.7396603583
37.7396467722
37.7396331862
37.7396196002
37.7396060141
37.7395924281
37.7395788421
37.739565256
37.73955167
37.7395380839
37.7395244979
37.7398340922
37.7398205061
37.7398069201
37.7397933341
37.739779748
37.739766162
37.739752576
37.7397389899
37.7397254039
37.7397118178
37.7396982318
37.7396846458
37.7396710597
37.7396574737
37.7396438877
37.7396303016
37.7396167156
37.7396031295
37.7395895435
37.7395759575
37.7395623714
37.7395487854
37.7395351994
37.7395216133
37.7398312076
37.7398176216
37.7398040355
37.7397904495
37.7397768634
37.7397632774
37.7397496914
37.7397361053
37.7397225193
37.7397089333
37.7396953472
37.7396817612
37.7396681751
37.7396545891
37.7396410031
37.739627417
37.739613831
37.739600245
37.7395866589
37.7395730729
37.7395594868
37.7395459008
37.7395323148
37.7395187287
37.739828323
37.739814737
37.7398011509
37.7397875649
37.7397739789
37.7397603928
37.7397468068
37.7397332207
37.7397196347
37.7397060487
37.7396924626
37.7396788766
37.7396652906
37.7396517045
37.7396381185
37.7396245324
37.7396109464
37.7395973604
37.7395837743
37.7395701883
37.7395566023
37.7395430162
37.7395294302
37.7395158441
37.7398254384
37.7398118524
37.7397982663
37.7397846803
37.7397710943
37.7397575082
37.7397439222
37.7397303362
37.7397167501
37.7397031641
37.739689578
37.739675992
37.739662406
37.7396488199
37.7396352339
37.7396216479
37.7396080618
37.7395944758
37.7395808897
37.7395673037
37.7395537177
37.7395401316
37.7395265456
37.7395129596
37.7398225538
37.7398089678
37.7397953818
37.7397817957
37.7397682097
37.7397546236
37.7397410376
37.7397274516
37.7397138655
37.7397002795
37.7396866935
37.7396731074
37.7396595214
37.7396459353
37.7396323493
37.7396187633
37.7396051772
37.7395915912
37.7395780052
37.7395644191
37.7395508331
37.739537247
37.739523661
37.739510075
37.7398196692
37.7398060832
37.7397924972
37.7397789111
37.7397653251
37.7397517391
37.739738153
37.739724567
37.7397109809
37.7396973949
37.7396838089
37.7396702228
37.7396566368
37.7396430508
37.7396294647
37.7396158787
37.7396022927
37.7395887066
37.7395751206
37.7395615345
37.7395479485
37.7395343625
37.7395207764
37.7395071904
37.7398167847
37.7398031986
37.7397896126
37.7397760266
37.7397624405
37.7397488545
37.7397352684
37.7397216824
37.7397080964
37.7396945103
37.7396809243
37.7396673383
37.7396537522
37.7396401662
37.7396265801
37.7396129941
37.7395994081
37.739585822
37.739572236
37.73955865
37.7395450639
37.7395314779
37.7395178918
37.7395043058
37.7398139001
37.739800314
37.739786728
37.739773142
37.7397595559
37.7397459699
37.7397323839
37.7397187978
37.7397052118
37.7396916257
37.7396780397
37.7396644537
37.7396508676
37.7396372816
37.7396236956
37.7396101095
37.7395965235
37.7395829374
37.7395693514
37.7395557654
37.7395421793
37.7395285933
37.7395150073
37.7395014212
37.7398110155
37.7397974295
37.7397838434
37.7397702574
37.7397566713
37.7397430853
37.7397294993
37.7397159132
37.7397023272
37.7396887412
37.7396751551
37.7396615691
37.739647983
37.739634397
37.739620811
37.7396072249
37.7395936389
37.7395800529
37.7395664668
37.7395528808
37.7395392947
37.7395257087
37.7395121227
37.7394985366
37.7398081309
37.7397945449
37.7397809588
37.7397673728
37.7397537868
37.7397402007
37.7397266147
37.7397130286
37.7396994426
37.7396858566
37.7396722705
37.7396586845
37.7396450985
37.7396315124
37.7396179264
37.7396043403
37.7395907543
37.7395771683
37.7395635822
37.7395499962
37.7395364102
37.7395228241
37.7395092381
37.739495652
37.7398052463
37.7397916603
37.7397780742
37.7397644882
37.7397509022
37.7397373161
37.7397237301
37.7397101441
37.739696558
37.739682972
37.7396693859
37.7396557999
37.7396422139
37.7396286278
37.7396150418
37.7396014558
37.7395878697
37.7395742837
37.7395606976
37.7395471116
37.7395335256
37.7395199395
37.7395063535
37.7394927675
37.7398023617
37.7397887757
37.7397751897
37.7397616036
37.7397480176
37.7397344315
37.7397208455
37.7397072595
37.7396936734
37.7396800874
37.7396665014
37.7396529153
37.7396393293
37.7396257433
37.7396121572
37.7395985712
37.7395849851
37.7395713991
37.7395578131
37.739544227
37.739530641
37.739517055
37.7395034689
37.7394898829
37.7397994772
37.7397858911
37.7397723051
37.739758719
37.739745133
37.739731547
37.7397179609
37.7397043749
37.7396907889
37.7396772028
37.7396636168
37.7396500307
37.7396364447
37.7396228587
37.7396092726
37.7395956866
37.7395821006
37.7395685145
37.7395549285
37.7395413424
37.7395277564
37.7395141704
37.7395005843
37.7394869983
37.7397965926
37.7397830065
37.7397694205
37.7397558345
37.7397422484
37.7397286624
37.7397150763
37.7397014903
37.7396879043
37.7396743182
37.7396607322
37.7396471462
37.7396335601
37.7396199741
37.739606388
37.739592802
37.739579216
37.7395656299
37.7395520439
37.7395384579
37.7395248718
37.7395112858
37.7394976997
37.7394841137
37.739793708
37.7397801219
37.7397665359
37.7397529499
37.7397393638
37.7397257778
37.7397121918
37.7396986057
37.7396850197
37.7396714336
37.7396578476
37.7396442616
37.7396306755
37.7396170895
37.7396035035
37.7395899174
37.7395763314
37.7395627453
37.7395491593
37.7395355733
37.7395219872
37.7395084012
37.7394948152
37.7394812291
37.7397908234
37.7397772374
37.7397636513
37.7397500653
37.7397364792
37.7397228932
37.7397093072
37.7396957211
37.7396821351
37.7396685491
37.739654963
37.739641377
37.7396277909
37.7396142049
37.7396006189
37.7395870328
37.7395734468
37.7395598608
37.7395462747
37.7395326887
37.7395191026
37.7395055166
37.7394919306
37.7394783445
37.7397879388
37.7397743528
37.7397607667
37.7397471807
37.7397335947
37.7397200086
37.7397064226
37.7396928365
37.7396792505
37.7396656645
37.7396520784
37.7396384924
37.7396249064
37.7396113203
37.7395977343
37.7395841482
37.7395705622
37.7395569762
37.7395433901
37.7395298041
37.7395162181
37.739502632
37.739489046
37.7394754599
37.7397850542
37.7397714682
37.7397578821
37.7397442961
37.7397307101
37.739717124
37.739703538
37.739689952
37.7396763659
37.7396627799
37.7396491939
37.7396356078
37.7396220218
37.7396084357
37.7395948497
37.7395812637
37.7395676776
37.7395540916
37.7395405056
37.7395269195
37.7395133335
37.7394997474
37.7394861614
37.7394725754
