6
3
0
0
2
1
0
0
1
10
15
13
11
11
15
14
6
0
0
1
8
20
23
17
4
0
2
0
0
0
8
6
1
0
3
3
0
0
0
8
13
13
10
11
14
14
10
3
1
6
11
20
23
15
3
1
5
5
0
0
9
8
3
2
6
7
2
0
0
6
12
12
7
8
11
14
10
5
2
4
6
10
9
4
0
0
6
11
6
0
7
4
0
0
4
6
5
1
0
2
9
11
3
1
4
10
10
7
4
3
2
3
0
0
0
0
6
10
8
3
3
0
0
0
0
8
9
5
0
5
12
13
3
0
1
9
11
10
8
4
1
3
0
0
0
0
4
8
8
2
3
3
1
2
3
12
17
9
0
1
14
17
12
2
7
11
10
17
17
10
0
0
0
0
0
0
4
11
3
1
5
6
10
9
9
14
17
9
0
2
9
11
7
0
3
4
5
15
16
7
0
0
0
3
1
0
2
9
8
7
0
0
10
14
14
13
12
6
0
3
5
5
2
3
5
5
3
8
11
6
1
5
3
3
3
0
0
5
5
10
0
0
6
10
10
9
6
3
2
7
6
6
6
8
11
8
0
0
0
3
7
18
7
1
1
1
2
3
1
6
5
6
3
1
3
4
2
2
5
11
11
12
14
17
17
10
1
0
0
8
16
21
11
6
8
8
6
5
4
3
4
3
0
0
3
2
2
3
6
12
14
13
16
14
13
7
0
6
9
11
12
14
13
13
15
10
5
5
6
1
1
0
1
3
8
4
4
2
5
10
13
12
13
10
6
2
1
9
12
9
8
13
12
14
12
6
4
3
2
2
8
9
8
8
7
5
6
3
4
10
12
11
11
18
17
16
15
18
20
18
18
20
13
10
6
3
4
4
0
1
15
16
15
9
4
2
0
5
15
19
15
19
27
37
48
53
45
39
31
25
22
18
13
5
3
3
2
3
0
2
9
10
7
2
0
0
0
7
13
14
18
38
55
75
80
84
74
59
41
29
26
19
15
10
9
9
9
6
2
1
4
4
1
0
0
0
2
11
12
11
21
48
69
89
90
91
79
59
34
20
19
18
13
9
7
10
9
6
2
1
0
2
0
0
0
2
5
10
11
15
25
44
55
75
79
79
66
46
25
14
15
14
7
1
0
1
3
6
4
3
0
0
0
0
1
2
4
8
10
17
26
36
37
49
57
60
48
32
18
11
10
11
3
0
0
0
0
2
4
4
2
3
2
3
6
1
4
11
15
15
18
23
23
19
31
39
32
22
16
9
5
9
5
0
0
0
1
2
1
2
5
5
5
7
8
3
6
15
20
18
14
15
15
9
18
23
20
17
11
6
6
6
3
1
0
1
2
1
1
1
6
4
5
6
6
3
5
13
22
23
16
12
11
9
11
12
11
9
2
0
1
2
0
0
0
0
1
1
0
1
3
0
2
6
7
2
2
0
6
10
7
2
4
5
5
6
8
7
1
0
0
1
0
0
0
1
1
3
4
0
1
0
2
6
5
6
3
1
1
4
0
0
3
6
3
5
10
11
6
0
0
0
0
2
2
0
1
4
8
6
0
0
0
2
1
1
1
0
0
0
1
4
12
21
14
8
7
9
5
1
0
0
0
5
5
1
0
6
13
9
0
0
0
0
0
0
0
0
0
0
4
10
19
24
16
7
3
3
4
2
0
0
0
7
7
3
2
8
13
11
1
0
0
0
0
0
0
0
0
1
3
6
12
8
7
5
4
4
4
2
1
1
2
3
4
2
3
6
9
6
1
1
1
0
0
0
2
1
0
1
1
2
3
7
8
7
4
3
4
6
5
2
1
0
1
2
1
1
1
0
2
2
2
3
2
2
5
0
0
2
4
3
1
11
11
8
1
1
3
7
9
4
1
0
0
1
0
0
0
1
1
2
2
6
6
7
7
0
0
3
6
4
1
4
6
5
4
3
6
6
5
5
2
0
1
2
0
0
0
0
3
1
0
5
7
6
0
0
0
0
2
5
6
6
6
6
5
2
3
3
4
9
8
4
2
1
1
0
0
0
