1.01326 1.00363 1.00198 1.00953 1.01708 0.999888 0.98643 0.997719 1.00901 0.989956 0.970206 0.980796 0.991386 0.97415 0.954075 0.961827 0.969579 0.955581 0.938548 0.943265 0.947981 0.937265 0.924144 0.926455 0.928766 0.920802 0.911187 0.911847 0.912506 0.90665 0.899761 0.899389 0.899017 0.894695 0.889786 0.888827 0.887868 0.884627 0.8811 0.879856 0.878612 0.876109 0.873518 0.872187 0.870855 0.868842 0.866866 0.865571 0.864277 0.862578
1.00843 0.999851 0.997028 1.00237 1.00771 0.990796 0.977131 0.985715 0.994298 0.975195 0.956307 0.965107 0.973906 0.956832 0.938071 0.945184 0.952297 0.938749 0.922944 0.927799 0.932654 0.922509 0.910325 0.913142 0.915959 0.908539 0.899574 0.900845 0.902116 0.896713 0.890256 0.890473 0.89069 0.886722 0.882094 0.881651 0.881208 0.878235 0.874891 0.874077 0.873263 0.870963 0.868492 0.867507 0.866522 0.864663 0.862767 0.861745 0.860722 0.859142
0.992041 0.98451 0.982735 0.988074 0.993413 0.979002 0.967836 0.976419 0.985003 0.968553 0.952319 0.961118 0.969918 0.954796 0.937988 0.945101 0.952214 0.939756 0.92504 0.929895 0.93475 0.925037 0.913285 0.916102 0.918919 0.911538 0.90261 0.903882 0.905153 0.899592 0.892977 0.893194 0.89341 0.889208 0.884346 0.883903 0.88346 0.880241 0.876651 0.875837 0.875022 0.872496 0.869799 0.868814 0.867829 0.865778 0.86369 0.862667 0.861644 0.859911
0.975653 0.96917 0.968443 0.973782 0.97912 0.967208 0.95854 0.967124 0.975707 0.961911 0.94833 0.95713 0.96593 0.952761 0.937905 0.945018 0.952131 0.940763 0.927136 0.931992 0.936847 0.927565 0.916245 0.919062 0.92188 0.914536 0.905647 0.906919 0.90819 0.902471 0.895698 0.895914 0.896131 0.891695 0.886598 0.886155 0.885712 0.882247 0.87841 0.877596 0.876782 0.874029 0.871106 0.870121 0.869136 0.866893 0.864612 0.863589 0.862567 0.860679
0.967165 0.961732 0.960936 0.965158 0.969381 0.958851 0.951112 0.958126 0.965141 0.952428 0.940185 0.947668 0.955151 0.942618 0.928961 0.935319 0.941677 0.930643 0.917873 0.922495 0.927116 0.918033 0.907257 0.910186 0.913116 0.905922 0.897363 0.898925 0.900488 0.894902 0.888326 0.888899 0.889472 0.885157 0.880182 0.880095 0.880009 0.876653 0.872895 0.872405 0.871915 0.869261 0.866391 0.865685 0.86498 0.862823 0.860582 0.859791 0.859 0.85719
0.963547 0.958656 0.957284 0.96039 0.963496 0.953226 0.945294 0.950739 0.956184 0.943539 0.931614 0.937781 0.943947 0.931504 0.918498 0.924102 0.929706 0.918884 0.906846 0.911234 0.915621 0.906844 0.89672 0.899761 0.902802 0.895943 0.887896 0.889749 0.891602 0.88633 0.880132 0.881061 0.88199 0.877944 0.873239 0.873508 0.873778 0.870643 0.867074 0.866909 0.866743 0.864266 0.861529 0.861102 0.860676 0.858661 0.856513 0.855953 0.855394 0.853696
0.952029 0.947678 0.946846 0.949952 0.953058 0.944164 0.937609 0.943054 0.948499 0.93749 0.927201 0.933368 0.939534 0.928497 0.916898 0.922502 0.928106 0.91825 0.907178 0.911566 0.915954 0.907715 0.89813 0.901171 0.904212 0.897575 0.88975 0.891603 0.893457 0.888206 0.88203 0.882959 0.883888 0.879756 0.874964 0.875233 0.875502 0.872233 0.868528 0.868363 0.868198 0.865573 0.862688 0.862262 0.861836 0.859682 0.857395 0.856836 0.856276 0.85446
0.94051 0.9367 0.936408 0.939514 0.94262 0.935103 0.929924 0.935369 0.940814 0.931441 0.922789 0.928955 0.935121 0.925491 0.915298 0.920902 0.926505 0.917615 0.90751 0.911898 0.916286 0.908587 0.899541 0.902582 0.905623 0.899207 0.891604 0.893458 0.895311 0.890082 0.883929 0.884857 0.885786 0.881567 0.876688 0.876958 0.877227 0.873822 0.869982 0.869817 0.869652 0.86688 0.863848 0.863422 0.862996 0.860704 0.858278 0.857719 0.857159 0.855223
0.934643 0.931376 0.931012 0.933506 0.935999 0.929245 0.924501 0.929005 0.933508 0.924829 0.916901 0.922155 0.927408 0.918272 0.90883 0.913778 0.918725 0.910146 0.900662 0.904705 0.908748 0.901243 0.892651 0.895606 0.898561 0.892282 0.884988 0.886928 0.888868 0.883748 0.877799 0.87891 0.880021 0.875897 0.871153 0.871644 0.872135 0.868817 0.865067 0.865128 0.865188 0.862495 0.859526 0.85931 0.859094 0.856874 0.854495 0.854121 0.853746 0.851875
0.931784 0.928822 0.928146 0.930027 0.931908 0.925347 0.920468 0.92403 0.927592 0.919006 0.911199 0.915541 0.919882 0.910822 0.901711 0.906003 0.910295 0.901835 0.892782 0.896481 0.900179 0.892849 0.884689 0.887559 0.890429 0.884355 0.87744 0.879467 0.881495 0.876586 0.870943 0.872236 0.873529 0.869602 0.865094 0.865806 0.866518 0.863373 0.859801 0.860087 0.860373 0.857827 0.854989 0.854984 0.854978 0.85288 0.850598 0.850408 0.850219 0.848449
0.923275 0.920614 0.920239 0.92212 0.924 0.918245 0.914172 0.917734 0.921297 0.913745 0.906972 0.911314 0.915655 0.907583 0.89946 0.903752 0.908043 0.90036 0.892083 0.895782 0.89948 0.892669 0.885029 0.887898 0.890768 0.884986 0.878363 0.88039 0.882418 0.877633 0.872114 0.873407 0.8747 0.870787 0.866293 0.867006 0.867718 0.864524 0.860903 0.861189 0.861476 0.858851 0.855934 0.855928 0.855923 0.853737 0.851367 0.851177 0.850988 0.849134
0.914765 0.912405 0.912332 0.914212 0.916093 0.911144 0.907877 0.911439 0.915001 0.908483 0.902745 0.907087 0.911428 0.904343 0.897209 0.9015 0.905792 0.898885 0.891384 0.895083 0.898781 0.892489 0.885368 0.888237 0.891107 0.885618 0.879286 0.881314 0.883341 0.87868 0.873285 0.874578 0.875872 0.871973 0.867493 0.868206 0.868918 0.865675 0.862006 0.862292 0.862578 0.859874 0.856878 0.856873 0.856867 0.854593 0.852135 0.851946 0.851756 0.849818
0.910447 0.908393 0.908261 0.909782 0.911304 0.906802 0.903754 0.906729 0.909705 0.903635 0.898305 0.902021 0.905737 0.899014 0.89235 0.896124 0.899898 0.89325 0.886184 0.889541 0.892898 0.886783 0.880014 0.882717 0.885421 0.880057 0.87399 0.87599 0.87799 0.873426 0.868221 0.869581 0.87094 0.867122 0.862777 0.86361 0.864442 0.86127 0.857696 0.858126 0.858556 0.855917 0.85299 0.853132 0.853274 0.85106 0.848653 0.848603 0.848553 0.84667
0.908105 0.906233 0.905919 0.907082 0.908244 0.903879 0.900741 0.90313 0.905519 0.899535 0.894252 0.897342 0.900432 0.893777 0.887289 0.890546 0.893803 0.887236 0.880427 0.883442 0.886458 0.880452 0.873967 0.876504 0.87904 0.873809 0.868014 0.869986 0.871959 0.867537 0.86257 0.863995 0.865421 0.861745 0.857595 0.858548 0.8595 0.85646 0.853041 0.853615 0.854189 0.851668 0.848862 0.849152 0.849442 0.84733 0.845017 0.845106 0.845195 0.843401
0.901571 0.899877 0.899741 0.900903 0.902065 0.898197 0.895555 0.897944 0.900333 0.895022 0.890412 0.893502 0.896592 0.89063 0.884835 0.888092 0.891349 0.885381 0.879171 0.882186 0.885201 0.879646 0.873612 0.876149 0.878685 0.873753 0.868256 0.870229 0.872201 0.86795 0.863153 0.864578 0.866004 0.862403 0.858329 0.859281 0.860234 0.857206 0.853799 0.854373 0.854947 0.852399 0.849568 0.849857 0.850147 0.84799 0.845632 0.845721 0.845811 0.843964
0.895038 0.893521 0.893563 0.894725 0.895887 0.892515 0.890369 0.892758 0.895147 0.890509 0.886573 0.889663 0.892753 0.887484 0.882381 0.885638 0.888895 0.883526 0.877914 0.88093 0.883945 0.87884 0.873257 0.875794 0.87833 0.873696 0.868498 0.870471 0.872443 0.868363 0.863736 0.865162 0.866587 0.863062 0.859063 0.860015 0.860968 0.857952 0.854557 0.85513 0.855704 0.853131 0.850273 0.850563 0.850852 0.84865 0.846247 0.846337 0.846426 0.844528
0.891704 0.89037 0.890368 0.891308 0.892249 0.889151 0.887123 0.889133 0.891143 0.8868 0.883104 0.885761 0.888418 0.88341 0.878608 0.881471 0.884335 0.87917 0.87386 0.876577 0.879294 0.874342 0.869024 0.871375 0.873727 0.869206 0.864223 0.866112 0.868002 0.864008 0.859548 0.860969 0.862391 0.858936 0.855063 0.856065 0.857067 0.854112 0.85081 0.851465 0.85212 0.849602 0.846814 0.8472 0.847585 0.845434 0.843085 0.843273 0.84346 0.841609
0.88973 0.888511 0.888397 0.889116 0.889835 0.886834 0.884745 0.886377 0.888008 0.883736 0.880058 0.882283 0.884508 0.879558 0.874853 0.877323 0.879793 0.87469 0.869536 0.871956 0.874375 0.869498 0.864367 0.866532 0.868698 0.864267 0.859475 0.861281 0.863087 0.859193 0.854911 0.856329 0.857746 0.854394 0.850677 0.851728 0.85278 0.849925 0.846755 0.847491 0.848228 0.845802 0.843122 0.843604 0.844085 0.842018 0.839755 0.840042 0.840328 0.838552
0.884557 0.883448 0.883443 0.884162 0.884881 0.882198 0.880428 0.882059 0.883691 0.87987 0.876642 0.878867 0.881092 0.876632 0.872418 0.874888 0.877359 0.87271 0.868011 0.87043 0.872849 0.868345 0.863586 0.865752 0.867918 0.863761 0.859245 0.861051 0.862857 0.859146 0.855046 0.856464 0.857881 0.854636 0.851025 0.852077 0.853129 0.850324 0.847203 0.84794 0.848676 0.846263 0.843594 0.844076 0.844557 0.842478 0.840204 0.84049 0.840776 0.838976
0.879385 0.878384 0.878489 0.879208 0.879927 0.877563 0.876111 0.877742 0.879374 0.876003 0.873226 0.87545 0.877675 0.873707 0.869983 0.872454 0.874924 0.87073 0.866485 0.868905 0.871324 0.867192 0.862806 0.864972 0.867138 0.863256 0.859015 0.860821 0.862627 0.859098 0.855182 0.856599 0.858017 0.854878 0.851374 0.852425 0.853477 0.850722 0.847652 0.848388 0.849125 0.846723 0.844066 0.844548 0.845029 0.842938 0.840652 0.840938 0.841225 0.8394
0.876711 0.875825 0.875897 0.876473 0.87705 0.874862 0.873476 0.874855 0.876234 0.873061 0.870431 0.872353 0.874275 0.870493 0.866965 0.86914 0.871314 0.86728 0.863244 0.865417 0.86759 0.863585 0.859396 0.861385 0.863375 0.859592 0.855521 0.857223 0.858924 0.855473 0.851696 0.853071 0.854445 0.851371 0.847977 0.849033 0.850089 0.847389 0.844405 0.845178 0.845951 0.843598 0.841008 0.841546 0.842083 0.840036 0.837803 0.838154 0.838506 0.836721
0.87501 0.8742 0.874198 0.874633 0.875067 0.872948 0.871522 0.872648 0.873775 0.870659 0.868035 0.869653 0.871272 0.867539 0.864068 0.865947 0.867826 0.86384 0.859902 0.861829 0.863757 0.859807 0.855742 0.857555 0.859369 0.85565 0.851715 0.853311 0.854908 0.851528 0.847884 0.849216 0.850548 0.847548 0.844277 0.845338 0.846398 0.843774 0.840898 0.841708 0.842517 0.840236 0.83774 0.838333 0.838926 0.836947 0.834791 0.835208 0.835624 0.833902
0.870811 0.87007 0.870139 0.870573 0.871007 0.8691 0.867885 0.869011 0.870138 0.867331 0.865017 0.866635 0.868254 0.864873 0.861754 0.863633 0.865512 0.86187 0.858276 0.860204 0.862131 0.858482 0.854719 0.856532 0.858345 0.854867 0.851171 0.852768 0.854364 0.851161 0.847693 0.849025 0.850356 0.847475 0.844323 0.845383 0.846444 0.84389 0.841086 0.841896 0.842705 0.840461 0.838 0.838593 0.839187 0.83722 0.835077 0.835493 0.83591 0.834185
0.866612 0.86594 0.866079 0.866513 0.866947 0.865251 0.864248 0.865374 0.866501 0.864004 0.861999 0.863617 0.865235 0.862207 0.859439 0.861319 0.863198 0.8599 0.856651 0.858578 0.860506 0.857158 0.853695 0.855509 0.857322 0.854083 0.850628 0.852224 0.853821 0.850794 0.847502 0.848833 0.850165 0.847402 0.844368 0.845428 0.846489 0.844007 0.841274 0.842084 0.842893 0.840685 0.838261 0.838854 0.839448 0.837493 0.835362 0.835779 0.836195 0.834467
0.864399 0.863803 0.863916 0.864256 0.864596 0.863017 0.862052 0.863006 0.863959 0.861599 0.859687 0.86109 0.862492 0.859599 0.856962 0.858619 0.860276 0.857101 0.853998 0.855727 0.857457 0.854211 0.850894 0.852552 0.854209 0.851055 0.847732 0.849221 0.85071 0.847752 0.844575 0.845845 0.847115 0.844409 0.841471 0.842508 0.843546 0.841113 0.838458 0.839274 0.840089 0.837925 0.835563 0.836183 0.836803 0.834887 0.832807 0.833262 0.833717 0.832025
0.862905 0.86236 0.862425 0.86267 0.862916 0.861387 0.860393 0.861174 0.861955 0.859639 0.857729 0.858915 0.860101 0.857249 0.854646 0.856081 0.857516 0.85438 0.85134 0.852872 0.854403 0.851201 0.847969 0.84947 0.850972 0.847865 0.844639 0.846021 0.847403 0.844497 0.841419 0.842628 0.843837 0.841187 0.838344 0.839359 0.840374 0.837999 0.835431 0.836253 0.837076 0.834968 0.832684 0.833331 0.833977 0.832116 0.830103 0.830597 0.831091 0.82945
0.859425 0.858926 0.859035 0.859281 0.859526 0.858142 0.857293 0.858074 0.858855 0.856757 0.855064 0.85625 0.857436 0.85484 0.852493 0.853928 0.855363 0.852489 0.849711 0.851242 0.852774 0.849812 0.84682 0.848322 0.849823 0.846921 0.843898 0.84528 0.846662 0.843916 0.840998 0.842207 0.843417 0.840885 0.83816 0.839175 0.840189 0.837895 0.835408 0.836231 0.837053 0.834997 0.832764 0.83341 0.834056 0.832225 0.830241 0.830734 0.831228 0.8296
0.855945 0.855491 0.855646 0.855891 0.856137 0.854897 0.854192 0.854973 0.855754 0.853874 0.852398 0.853585 0.854771 0.852431 0.850341 0.851776 0.853211 0.850598 0.848081 0.849613 0.851144 0.848423 0.845672 0.847174 0.848675 0.845976 0.843157 0.844539 0.84592 0.843336 0.840578 0.841787 0.842996 0.840583 0.837975 0.83899 0.840005 0.837792 0.835386 0.836208 0.837031 0.835026 0.832844 0.83349 0.834136 0.832333 0.830378 0.830871 0.831365 0.82975
0.854065 0.853662 0.853799 0.85398 0.854161 0.853002 0.85232 0.85298 0.85364 0.851856 0.850441 0.851471 0.8525 0.850261 0.848259 0.849526 0.850793 0.848274 0.845862 0.847236 0.84861 0.845972 0.843328 0.844697 0.846066 0.843437 0.840721 0.842002 0.843283 0.840758 0.838093 0.839234 0.840376 0.838013 0.835486 0.836463 0.837441 0.835271 0.832933 0.833743 0.834553 0.832586 0.830461 0.831113 0.831765 0.829997 0.828089 0.828601 0.829113 0.827531
0.852732 0.852364 0.852466 0.852584 0.852701 0.851578 0.850877 0.851415 0.851953 0.850204 0.84879 0.849662 0.850535 0.848329 0.846348 0.847448 0.848548 0.846061 0.843691 0.844907 0.846124 0.84352 0.840935 0.842171 0.843407 0.840815 0.838169 0.839349 0.840529 0.838044 0.835454 0.836527 0.837601 0.835282 0.832829 0.833769 0.834709 0.832584 0.830317 0.831114 0.83191 0.829989 0.827929 0.828587 0.829245 0.827521 0.82567 0.826201 0.826733 0.825193
0.849797 0.84946 0.849592 0.849709 0.849826 0.848804 0.848204 0.848743 0.849281 0.847688 0.84643 0.847303 0.848176 0.846158 0.844367 0.845467 0.846567 0.84428 0.84211 0.843326 0.844543 0.84213 0.839737 0.840973 0.842209 0.839788 0.837311 0.838491 0.839671 0.837328 0.834879 0.835953 0.837027 0.834819 0.832477 0.833417 0.834357 0.832315 0.83013 0.830927 0.831724 0.829861 0.827859 0.828517 0.829175 0.82749 0.825678 0.826209 0.826741 0.825225
0.846862 0.846555 0.846717 0.846834 0.846951 0.846031 0.845532 0.84607 0.846609 0.845172 0.84407 0.844943 0.845816 0.843988 0.842386 0.843486 0.844586 0.842499 0.840529 0.841745 0.842962 0.840741 0.838539 0.839775 0.841011 0.83876 0.836453 0.837634 0.838814 0.836612 0.834305 0.835379 0.836452 0.834356 0.832125 0.833065 0.834005 0.832046 0.829944 0.830741 0.831538 0.829733 0.82779 0.828448 0.829105 0.827459 0.825686 0.826217 0.826749 0.825257
0.84523 0.844959 0.845106 0.845179 0.845251 0.844388 0.843903 0.844355 0.844806 0.843439 0.842378 0.843136 0.843894 0.84214 0.8406 0.841572 0.842544 0.84053 0.838635 0.839727 0.840818 0.838664 0.836543 0.837667 0.838792 0.8366 0.834373 0.835463 0.836552 0.834402 0.832169 0.833176 0.834183 0.832131 0.829967 0.830863 0.831759 0.829839 0.827795 0.828568 0.829341 0.827571 0.825678 0.826328 0.826978 0.825363 0.823633 0.824169 0.824704 0.823241
0.844021 0.843776 0.843899 0.843927 0.843955 0.843119 0.84262 0.842985 0.843349 0.84201 0.840948 0.84159 0.842233 0.840506 0.838981 0.839825 0.84067 0.838682 0.836817 0.837783 0.838749 0.836623 0.834543 0.835557 0.83657 0.834408 0.832232 0.833231 0.83423 0.832112 0.829935 0.830875 0.831815 0.829797 0.827691 0.828542 0.829394 0.82751 0.825523 0.826272 0.82702 0.825287 0.823447 0.824089 0.824731 0.823153 0.821472 0.822012 0.822552 0.821124
0.84151 0.841284 0.841428 0.841455 0.841483 0.84072 0.840293 0.840658 0.841023 0.839797 0.838849 0.839492 0.840135 0.838549 0.837166 0.838011 0.838855 0.837022 0.835311 0.836277 0.837243 0.835269 0.833343 0.834356 0.83537 0.833349 0.831313 0.832313 0.833312 0.831317 0.829262 0.830202 0.831142 0.829225 0.82722 0.828072 0.828924 0.827119 0.825212 0.825961 0.82671 0.825037 0.823258 0.8239 0.824543 0.823008 0.821371 0.821911 0.822451 0.821054
0.838998 0.838792 0.838956 0.838984 0.839012 0.83832 0.837966 0.838331 0.838696 0.837585 0.836751 0.837394 0.838036 0.836593 0.835352 0.836196 0.837041 0.835362 0.833805 0.834771 0.835737 0.833916 0.832143 0.833156 0.83417 0.832289 0.830395 0.831394 0.832394 0.830521 0.828589 0.829529 0.830469 0.828653 0.82675 0.827601 0.828453 0.826729 0.824902 0.825651 0.8264 0.824788 0.823069 0.823711 0.824354 0.822863 0.821271 0.821811 0.822351 0.820985
0.837554 0.837374 0.837526 0.837523 0.837519 0.836868 0.836523 0.836825 0.837127 0.836067 0.835262 0.835818 0.836375 0.834988 0.833791 0.834537 0.835284 0.833661 0.832159 0.833026 0.833893 0.832125 0.830412 0.831334 0.832255 0.830424 0.828591 0.829512 0.830432 0.828603 0.826731 0.827608 0.828485 0.826709 0.824861 0.825667 0.826473 0.824783 0.823006 0.823725 0.824444 0.822863 0.821188 0.821814 0.82244 0.820978 0.819424 0.819959 0.820493 0.819153
0.836444 0.836283 0.836418 0.836383 0.836348 0.835718 0.835363 0.835601 0.83584 0.834802 0.833996 0.834466 0.834937 0.833572 0.832385 0.833033 0.833682 0.832082 0.8306 0.831368 0.832135 0.830391 0.828708 0.829537 0.830367 0.828559 0.826765 0.827606 0.828448 0.826644 0.824814 0.825629 0.826444 0.824695 0.822891 0.823652 0.824412 0.822751 0.821019 0.821708 0.822397 0.820846 0.819215 0.819824 0.820434 0.819001 0.817489 0.818018 0.818547 0.817236
0.834268 0.83412 0.834268 0.834233 0.834198 0.833621 0.833318 0.833557 0.833795 0.832842 0.832121 0.832592 0.833062 0.831805 0.830725 0.831374 0.832023 0.830543 0.829181 0.829948 0.830716 0.829094 0.827533 0.828363 0.829192 0.827501 0.825823 0.826664 0.827506 0.825808 0.824083 0.824898 0.825712 0.824054 0.822341 0.823101 0.823861 0.822275 0.820618 0.821307 0.821996 0.820504 0.818933 0.819543 0.820152 0.818766 0.8173 0.817829 0.818358 0.817082
0.832091 0.831957 0.832118 0.832083 0.832048 0.831524 0.831273 0.831512 0.831751 0.830882 0.830246 0.830717 0.831188 0.830038 0.829066 0.829715 0.830364 0.829003 0.827762 0.828529 0.829297 0.827797 0.826359 0.827188 0.828018 0.826443 0.824881 0.825723 0.826564 0.824971 0.823351 0.824166 0.82498 0.823412 0.82179 0.82255 0.82331 0.821799 0.820217 0.820906 0.821595 0.820163 0.818651 0.819261 0.819871 0.818531 0.817111 0.81764 0.818169 0.816928
0.830791 0.830676 0.830829 0.830771 0.830714 0.83022 0.829975 0.830167 0.830359 0.829529 0.828913 0.829319 0.829725 0.828618 0.827678 0.828251 0.828824 0.827508 0.826307 0.826996 0.827684 0.826228 0.824836 0.825589 0.826343 0.824809 0.823295 0.824069 0.824843 0.823287 0.821715 0.822473 0.823231 0.821696 0.820119 0.820835 0.821551 0.82007 0.81853 0.819187 0.819843 0.818439 0.816966 0.817554 0.818143 0.816828 0.815443 0.81596 0.816477 0.815259
0.829761 0.82966 0.8298 0.82972 0.82964 0.829162 0.82891 0.829055 0.8292 0.828388 0.827771 0.828112 0.828453 0.827364 0.826432 0.826929 0.827426 0.826129 0.824943 0.825552 0.826162 0.824724 0.823355 0.824032 0.82471 0.823196 0.821711 0.822417 0.823122 0.821588 0.820049 0.82075 0.821451 0.819939 0.818397 0.819068 0.81974 0.818283 0.816779 0.817403 0.818028 0.816648 0.815211 0.815778 0.816345 0.815055 0.813704 0.814209 0.814715 0.813522
0.827854 0.827762 0.827911 0.827831 0.827751 0.827312 0.827098 0.827244 0.827389 0.82664 0.826088 0.826429 0.82677 0.825764 0.824914 0.825411 0.825909 0.824705 0.823614 0.824223 0.824832 0.823493 0.822222 0.822899 0.823577 0.82216 0.820771 0.821476 0.822182 0.820737 0.819287 0.819988 0.820689 0.819257 0.817795 0.818466 0.819137 0.817749 0.816314 0.816938 0.817562 0.816239 0.814859 0.815426 0.815993 0.81475 0.813445 0.81395 0.814456 0.813299
0.825947 0.825864 0.826022 0.825942 0.825862 0.825462 0.825287 0.825432 0.825578 0.824893 0.824404 0.824745 0.825086 0.824163 0.823396 0.823894 0.824391 0.823282 0.822285 0.822894 0.823503 0.822262 0.821089 0.821767 0.822444 0.821123 0.81983 0.820536 0.821242 0.819886 0.818526 0.819227 0.819928 0.818575 0.817193 0.817864 0.818535 0.817215 0.815848 0.816472 0.817096 0.81583 0.814507 0.815074 0.815641 0.814444 0.813185 0.813691 0.814196 0.813077
0.82476 0.824691 0.824842 0.824746 0.82465 0.824273 0.824102 0.824212 0.824323 0.823668 0.823193 0.823485 0.823777 0.822887 0.822144 0.822582 0.82302 0.821946 0.82098 0.821526 0.822072 0.820866 0.819729 0.820344 0.820959 0.819671 0.818417 0.819065 0.819713 0.818388 0.817067 0.817717 0.818368 0.817044 0.8157 0.81633 0.816959 0.815666 0.814335 0.814926 0.815518 0.814277 0.812987 0.81353 0.814074 0.812899 0.811671 0.81216 0.81265 0.811551
0.823793 0.823735 0.823876 0.823764 0.823652 0.823288 0.823111 0.823187 0.823263 0.822622 0.822147 0.822389 0.822631 0.821756 0.821018 0.821397 0.821777 0.820718 0.819763 0.820246 0.820729 0.819539 0.818419 0.818971 0.819524 0.818253 0.817021 0.817611 0.818201 0.816894 0.815598 0.816198 0.816799 0.815494 0.814177 0.814765 0.815353 0.81408 0.812778 0.813337 0.813896 0.812676 0.811415 0.811935 0.812455 0.811301 0.810101 0.810575 0.811049 0.809971
0.822107 0.822055 0.822202 0.82209 0.821978 0.821642 0.821495 0.82157 0.821646 0.821054 0.820628 0.82087 0.821112 0.820302 0.819628 0.820007 0.820387 0.819403 0.818522 0.819005 0.819488 0.818377 0.817337 0.817889 0.818442 0.817251 0.816097 0.816688 0.817278 0.816047 0.814827 0.815427 0.816027 0.814792 0.813545 0.814133 0.814721 0.813509 0.812268 0.812828 0.813387 0.812219 0.811012 0.811531 0.812051 0.810942 0.809787 0.810261 0.810735 0.809694
0.820421 0.820374 0.820527 0.820415 0.820303 0.819997 0.819878 0.819954 0.82003 0.819486 0.819109 0.819352 0.819594 0.818847 0.818238 0.818617 0.818996 0.818087 0.817281 0.817764 0.818247 0.817216 0.816255 0.816807 0.81736 0.816248 0.815175 0.815765 0.816355 0.8152 0.814056 0.814656 0.815256 0.81409 0.812913 0.8135 0.814088 0.812938 0.811759 0.812318 0.812878 0.811763 0.810608 0.811128 0.811648 0.810584 0.809473 0.809947 0.810421 0.809417
0.819322 0.819287 0.819434 0.819311 0.819188 0.818899 0.818783 0.818832 0.818882 0.818362 0.817995 0.818199 0.818403 0.817683 0.817092 0.817425 0.817758 0.816876 0.816094 0.816526 0.816958 0.815956 0.815023 0.815524 0.816025 0.814942 0.813899 0.81444 0.814981 0.813853 0.81274 0.813296 0.813852 0.812712 0.811565 0.812115 0.812665 0.811538 0.81039 0.810918 0.811446 0.810353 0.809227 0.809723 0.810218 0.809174 0.80809 0.808546 0.809002 0.808017
0.818407 0.81838 0.81852 0.818385 0.818251 0.817972 0.817851 0.817875 0.817899 0.81739 0.817023 0.817189 0.817355 0.816648 0.816061 0.816347 0.816633 0.815765 0.814992 0.815373 0.815754 0.814766 0.813846 0.814295 0.814745 0.813676 0.81265 0.813142 0.813634 0.812521 0.811429 0.81194 0.812452 0.811328 0.810204 0.810716 0.811228 0.810117 0.808993 0.80949 0.809987 0.808911 0.80781 0.808281 0.808752 0.807726 0.806666 0.807104 0.807542 0.806575
