109.389360741
109.389337906
109.389315071
109.389292236
109.3892694
109.389246565
109.38922373
109.389200895
109.38917806
109.389155225
109.389132389
109.389109554
109.389086719
109.389063884
109.389041049
109.389018214
109.388995378
109.388972543
109.388949708
109.388926873
109.388904038
109.388881202
109.388858367
109.388835532
109.388812697
109.388789862
109.388767027
109.388744191
109.388721356
109.388698521
109.388675686
109.388652851
109.388630016
109.38860718
109.388584345
109.38856151
109.388538675
109.38851584
109.388493004
109.388470169
109.388447334
109.388424499
109.388401664
109.388378829
109.388355993
109.388333158
109.388310323
109.388287488
109.388264653
109.388241818
