23
21
16
18
25
26
30
26
20
17
17
18
19
21
16
14
12
9
9
10
16
17
9
15
21
19
16
12
10
9
13
10
14
16
11
8
11
13
13
17
22
21
17
20
22
20
27
24
24
22
21
18
17
17
15
17
14
10
8
10
13
10
9
13
16
13
6
5
7
9
12
9
13
16
12
9
13
17
18
18
25
23
18
17
20
14
23
22
20
14
7
11
15
12
5
6
10
13
14
10
7
5
4
7
9
6
0
9
4
7
12
10
13
15
14
11
13
18
15
17
17
19
15
16
17
15
20
18
17
11
5
8
11
10
0
5
11
16
13
8
5
6
0
1
7
4
3
11
6
6
3
8
17
21
19
14
17
23
15
14
17
19
17
14
16
14
13
12
9
6
3
7
13
11
1
6
14
16
11
4
3
5
2
2
10
5
10
12
6
2
0
7
16
18
12
6
9
16
21
16
17
21
18
16
16
14
15
11
8
5
4
11
15
13
8
12
16
17
13
5
3
7
12
11
18
10
16
14
10
4
7
12
17
14
6
1
6
14
26
19
18
21
16
15
15
13
21
13
8
6
7
14
19
17
14
13
15
17
17
12
12
16
17
16
22
12
16
14
13
11
9
10
10
8
4
3
9
16
20
17
20
19
14
15
18
16
15
8
3
5
8
17
24
22
20
17
18
23
24
22
20
22
20
20
22
12
8
7
6
8
7
6
5
6
7
7
12
11
10
11
22
18
12
17
22
21
12
4
0
3
8
16
20
17
20
18
20
28
29
25
19
19
19
21
19
13
7
10
4
7
14
11
10
9
14
15
15
12
5
9
20
14
10
17
25
23
21
9
6
7
10
15
15
10
11
11
17
25
27
21
14
12
16
19
17
18
12
18
12
16
13
7
5
6
12
15
13
10
4
8
15
11
9
12
12
10
6
8
17
19
15
12
15
15
15
14
12
15
18
15
8
9
15
19
21
22
20
20
21
21
16
12
8
7
10
9
7
6
4
7
10
6
8
10
9
5
8
12
23
23
18
16
18
20
25
22
14
12
16
16
13
14
14
18
22
24
25
21
18
15
10
14
17
16
9
6
8
13
7
10
3
4
10
14
12
6
3
10
21
19
13
14
19
20
24
29
25
20
19
19
20
20
21
21
22
22
22
17
13
8
9
17
24
22
11
6
9
16
11
16
1
6
14
21
18
12
11
17
25
22
15
17
22
21
16
29
34
26
22
24
29
34
34
29
22
18
17
15
11
8
13
15
17
15
10
5
5
6
9
15
6
9
17
21
21
17
17
21
23
21
16
18
20
16
14
27
29
19
19
27
39
48
48
39
28
18
17
17
16
13
17
13
8
5
4
3
2
1
3
9
12
12
14
15
15
16
8
6
8
12
12
15
16
10
12
20
20
18
25
37
49
56
61
49
35
25
22
20
19
17
16
13
9
4
3
4
7
8
8
9
17
15
10
5
6
8
4
0
4
10
13
15
15
13
9
17
20
22
35
49
66
77
81
68
50
33
26
24
23
20
14
13
12
9
8
9
14
15
15
15
19
15
6
0
0
5
7
0
4
12
12
8
8
8
10
20
26
27
37
55
82
103
99
83
61
44
32
28
28
26
13
10
7
6
8
9
12
12
16
16
11
12
8
1
3
7
4
6
9
9
8
9
8
8
11
20
29
26
36
59
87
114
105
96
78
58
40
30
26
26
17
11
8
3
1
1
3
5
11
11
7
12
15
11
7
7
10
8
10
9
11
11
7
4
10
16
25
28
39
61
84
112
106
102
93
70
45
29
24
26
21
12
4
1
0
4
8
13
19
17
6
12
16
14
10
8
9
9
10
13
17
20
15
11
9
9
17
23
36
55
79
108
118
114
104
80
51
28
19
21
19
12
6
5
8
12
18
20
19
13
7
9
9
8
9
12
8
8
11
14
18
22
19
17
11
10
14
16
26
45
68
95
117
111
101
80
57
35
24
22
17
12
10
10
12
16
19
17
11
6
7
6
4
4
6
8
10
11
13
13
15
16
17
17
16
20
22
18
24
39
55
75
94
94
92
80
61
40
30
28
15
11
9
11
12
15
17
16
8
1
6
5
7
7
5
2
8
11
14
12
11
12
15
17
17
22
26
22
26
37
41
50
64
75
81
75
56
34
25
26
17
13
11
12
11
14
19
20
14
6
8
6
8
9
8
6
7
9
12
10
8
8
12
14
16
17
20
22
29
33
29
35
45
57
66
66
51
30
21
21
19
16
14
10
7
9
16
19
21
12
11
8
5
7
12
15
9
12
13
9
6
6
6
8
17
11
13
19
30
33
24
31
32
38
47
51
45
32
25
23
20
18
18
13
8
8
12
15
21
15
22
20
12
6
8
11
11
9
9
9
13
11
6
7
13
12
13
16
23
28
25
19
27
25
34
43
41
34
24
17
22
28
31
24
15
14
16
12
15
8
24
25
18
9
5
3
1
3
1
1
7
11
8
8
8
9
14
16
17
21
23
24
16
16
24
34
35
32
26
21
20
23
26
20
16
15
13
8
8
4
19
17
15
10
6
1
3
8
6
2
6
12
10
8
0
4
12
19
21
17
17
18
7
10
19
27
32
33
34
29
23
22
19
15
14
15
12
6
6
5
11
9
11
11
11
6
8
9
11
8
12
16
15
13
4
1
6
15
21
18
13
11
6
10
18
22
24
30
32
30
26
21
15
12
13
14
11
8
6
7
10
10
14
16
16
11
1
0
4
8
15
15
14
19
12
3
0
3
10
12
12
16
13
19
23
21
16
18
22
20
22
15
11
10
12
11
7
6
6
5
10
9
13
18
22
19
2
0
3
9
12
7
4
11
7
2
2
3
7
8
12
17
19
22
23
19
11
12
18
21
19
14
13
16
17
14
9
6
8
6
12
8
7
15
22
20
9
9
10
10
10
4
0
4
4
4
9
12
14
14
14
13
16
16
18
15
8
9
20
30
19
13
15
20
23
19
12
6
13
9
17
14
11
13
16
14
9
12
11
9
12
11
11
11
13
12
13
14
18
20
17
13
12
11
13
12
9
10
21
35
24
16
13
18
21
17
10
4
13
10
10
7
10
17
19
9
7
9
11
10
10
14
24
28
22
13
12
14
16
17
13
6
4
13
11
12
12
16
30
28
20
13
12
14
16
19
19
14
13
8
10
5
9
17
19
8
9
12
12
11
13
14
22
27
18
9
9
16
19
15
9
4
9
14
13
18
21
19
24
19
19
14
12
11
14
21
21
13
8
7
8
3
7
12
14
6
4
8
12
14
15
13
17
19
12
2
5
15
17
10
5
6
10
12
11
17
21
19
18
11
15
13
11
10
16
22
17
5
1
4
9
4
4
8
11
5
3
6
11
17
17
11
8
7
6
1
3
11
11
8
8
9
9
13
12
13
17
18
16
9
11
11
10
15
23
23
12
0
0
3
10
4
3
6
7
4
4
9
12
18
20
12
3
0
6
5
6
7
3
7
10
9
7
15
18
12
12
20
15
6
9
6
7
17
27
18
5
0
0
5
7
3
5
8
8
3
2
7
13
19
20
16
8
5
10
12
11
6
1
6
9
5
0
8
17
13
13
21
15
8
5
2
0
9
19
9
0
2
2
7
