109.398790095
109.398793743
109.398797392
109.39880104
109.398804688
109.398808336
109.398811984
109.398815632
109.398819281
109.398822929
109.398826577
109.398830225
109.398833873
109.398837521
109.39884117
109.398844818
109.398848466
109.398852114
109.398855762
109.39885941
109.398863059
109.398866707
109.398870355
109.398874003
109.398877651
109.3988813
109.398884948
109.398888596
109.398892244
109.398895892
109.39889954
109.398903189
109.398906837
109.398910485
109.398914133
109.398917781
109.398921429
109.398925078
109.398928726
109.398932374
109.398772913
109.398776561
109.398780209
109.398783857
109.398787505
109.398791154
109.398794802
109.39879845
109.398802098
109.398805746
109.398809395
109.398813043
109.398816691
109.398820339
109.398823987
109.398827635
109.398831284
109.398834932
109.39883858
109.398842228
109.398845876
109.398849524
109.398853173
109.398856821
109.398860469
109.398864117
109.398867765
109.398871413
109.398875062
109.39887871
109.398882358
109.398886006
109.398889654
109.398893302
109.398896951
109.398900599
109.398904247
109.398907895
109.398911543
109.398915191
109.39875573
109.398759379
109.398763027
109.398766675
109.398770323
109.398773971
109.398777619
109.398781268
109.398784916
109.398788564
109.398792212
109.39879586
109.398799508
109.398803157
109.398806805
109.398810453
109.398814101
109.398817749
109.398821397
109.398825046
109.398828694
109.398832342
109.39883599
109.398839638
109.398843286
109.398846935
109.398850583
109.398854231
109.398857879
109.398861527
109.398865175
109.398868824
109.398872472
109.39887612
109.398879768
109.398883416
109.398887065
109.398890713
109.398894361
109.398898009
109.398738548
109.398742196
109.398745844
109.398749492
109.398753141
109.398756789
109.398760437
109.398764085
109.398767733
109.398771381
109.39877503
109.398778678
109.398782326
109.398785974
109.398789622
109.39879327
109.398796919
109.398800567
109.398804215
109.398807863
109.398811511
109.39881516
109.398818808
109.398822456
109.398826104
109.398829752
109.3988334
109.398837049
109.398840697
109.398844345
109.398847993
109.398851641
109.398855289
109.398858938
109.398862586
109.398866234
109.398869882
109.39887353
109.398877178
109.398880827
109.398721365
109.398725014
109.398728662
109.39873231
109.398735958
109.398739606
109.398743255
109.398746903
109.398750551
109.398754199
109.398757847
109.398761495
109.398765144
109.398768792
109.39877244
109.398776088
109.398779736
109.398783384
109.398787033
109.398790681
109.398794329
109.398797977
109.398801625
109.398805273
109.398808922
109.39881257
109.398816218
109.398819866
109.398823514
109.398827162
109.398830811
109.398834459
109.398838107
109.398841755
109.398845403
109.398849051
109.3988527
109.398856348
109.398859996
109.398863644
109.398704183
109.398707831
109.398711479
109.398715128
109.398718776
109.398722424
109.398726072
109.39872972
109.398733368
109.398737017
109.398740665
109.398744313
109.398747961
109.398751609
109.398755257
109.398758906
109.398762554
109.398766202
109.39876985
109.398773498
109.398777146
109.398780795
109.398784443
109.398788091
109.398791739
109.398795387
109.398799035
109.398802684
109.398806332
109.39880998
109.398813628
109.398817276
109.398820925
109.398824573
109.398828221
109.398831869
109.398835517
109.398839165
109.398842814
109.398846462
109.398687001
109.398690649
109.398694297
109.398697945
109.398701593
109.398705241
109.39870889
109.398712538
109.398716186
109.398719834
109.398723482
109.39872713
109.398730779
109.398734427
109.398738075
109.398741723
109.398745371
109.39874902
109.398752668
109.398756316
109.398759964
109.398763612
109.39876726
109.398770909
109.398774557
109.398778205
109.398781853
109.398785501
109.398789149
109.398792798
109.398796446
109.398800094
109.398803742
109.39880739
109.398811038
109.398814687
109.398818335
109.398821983
109.398825631
109.398829279
109.398669818
109.398673466
109.398677115
109.398680763
109.398684411
109.398688059
109.398691707
109.398695355
109.398699004
109.398702652
109.3987063
109.398709948
109.398713596
109.398717244
109.398720893
109.398724541
109.398728189
109.398731837
109.398735485
109.398739133
109.398742782
109.39874643
109.398750078
109.398753726
109.398757374
109.398761022
109.398764671
109.398768319
109.398771967
109.398775615
109.398779263
109.398782911
109.39878656
109.398790208
109.398793856
109.398797504
109.398801152
109.3988048
109.398808449
109.398812097
109.398652636
109.398656284
109.398659932
109.39866358
109.398667228
109.398670877
109.398674525
109.398678173
109.398681821
109.398685469
109.398689117
109.398692766
109.398696414
109.398700062
109.39870371
109.398707358
109.398711006
109.398714655
109.398718303
109.398721951
109.398725599
109.398729247
109.398732895
109.398736544
109.398740192
109.39874384
109.398747488
109.398751136
109.398754785
109.398758433
109.398762081
109.398765729
109.398769377
109.398773025
109.398776674
109.398780322
109.39878397
109.398787618
109.398791266
109.398794914
109.398635453
109.398639101
109.39864275
109.398646398
109.398650046
109.398653694
109.398657342
109.39866099
109.398664639
109.398668287
109.398671935
109.398675583
109.398679231
109.39868288
109.398686528
109.398690176
109.398693824
109.398697472
109.39870112
109.398704769
109.398708417
109.398712065
109.398715713
109.398719361
109.398723009
109.398726658
109.398730306
109.398733954
109.398737602
109.39874125
109.398744898
109.398748547
109.398752195
109.398755843
109.398759491
109.398763139
109.398766787
109.398770436
109.398774084
109.398777732
109.398618271
109.398621919
109.398625567
109.398629215
109.398632864
109.398636512
109.39864016
109.398643808
109.398647456
109.398651104
109.398654753
109.398658401
109.398662049
109.398665697
109.398669345
109.398672993
109.398676642
109.39868029
109.398683938
109.398687586
109.398691234
109.398694882
109.398698531
109.398702179
109.398705827
109.398709475
109.398713123
109.398716771
109.39872042
109.398724068
109.398727716
109.398731364
109.398735012
109.39873866
109.398742309
109.398745957
109.398749605
109.398753253
109.398756901
109.39876055
109.398601088
109.398604737
109.398608385
109.398612033
109.398615681
109.398619329
109.398622977
109.398626626
109.398630274
109.398633922
109.39863757
109.398641218
109.398644866
109.398648515
109.398652163
109.398655811
109.398659459
109.398663107
109.398666755
109.398670404
109.398674052
109.3986777
109.398681348
109.398684996
109.398688645
109.398692293
109.398695941
109.398699589
109.398703237
109.398706885
109.398710534
109.398714182
109.39871783
109.398721478
109.398725126
109.398728774
109.398732423
109.398736071
109.398739719
109.398743367
109.398583906
109.398587554
109.398591202
109.39859485
109.398598499
109.398602147
109.398605795
109.398609443
109.398613091
109.39861674
109.398620388
109.398624036
109.398627684
109.398631332
109.39863498
109.398638629
109.398642277
109.398645925
109.398649573
109.398653221
109.398656869
109.398660518
109.398664166
109.398667814
109.398671462
109.39867511
109.398678758
109.398682407
109.398686055
109.398689703
109.398693351
109.398696999
109.398700647
109.398704296
109.398707944
109.398711592
109.39871524
109.398718888
109.398722536
109.398726185
109.398566724
109.398570372
109.39857402
109.398577668
109.398581316
109.398584964
109.398588613
109.398592261
109.398595909
109.398599557
109.398603205
109.398606853
109.398610502
109.39861415
109.398617798
109.398621446
109.398625094
109.398628742
109.398632391
109.398636039
109.398639687
109.398643335
109.398646983
109.398650631
109.39865428
109.398657928
109.398661576
109.398665224
109.398668872
109.39867252
109.398676169
109.398679817
109.398683465
109.398687113
109.398690761
109.39869441
109.398698058
109.398701706
109.398705354
109.398709002
109.398549541
109.398553189
109.398556837
109.398560486
109.398564134
109.398567782
109.39857143
109.398575078
109.398578726
109.398582375
109.398586023
109.398589671
109.398593319
109.398596967
109.398600615
109.398604264
109.398607912
109.39861156
109.398615208
109.398618856
109.398622505
109.398626153
109.398629801
109.398633449
109.398637097
109.398640745
109.398644394
109.398648042
109.39865169
109.398655338
109.398658986
109.398662634
109.398666283
109.398669931
109.398673579
109.398677227
109.398680875
109.398684523
109.398688172
109.39869182
109.398532359
109.398536007
109.398539655
109.398543303
109.398546951
109.3985506
109.398554248
109.398557896
109.398561544
109.398565192
109.39856884
109.398572489
109.398576137
109.398579785
109.398583433
109.398587081
109.398590729
109.398594378
109.398598026
109.398601674
109.398605322
109.39860897
109.398612618
109.398616267
109.398619915
109.398623563
109.398627211
109.398630859
109.398634507
109.398638156
109.398641804
109.398645452
109.3986491
109.398652748
109.398656396
109.398660045
109.398663693
109.398667341
109.398670989
109.398674637
109.398515176
109.398518824
109.398522473
109.398526121
109.398529769
109.398533417
109.398537065
109.398540713
109.398544362
109.39854801
109.398551658
109.398555306
109.398558954
109.398562602
109.398566251
109.398569899
109.398573547
109.398577195
109.398580843
109.398584491
109.39858814
109.398591788
109.398595436
109.398599084
109.398602732
109.39860638
109.398610029
109.398613677
109.398617325
109.398620973
109.398624621
109.39862827
109.398631918
109.398635566
109.398639214
109.398642862
109.39864651
109.398650159
109.398653807
109.398657455
109.398497994
109.398501642
109.39850529
109.398508938
109.398512586
109.398516235
109.398519883
109.398523531
109.398527179
109.398530827
109.398534475
109.398538124
109.398541772
109.39854542
109.398549068
109.398552716
109.398556365
109.398560013
109.398563661
109.398567309
109.398570957
109.398574605
109.398578254
109.398581902
109.39858555
109.398589198
109.398592846
109.398596494
109.398600143
109.398603791
109.398607439
109.398611087
109.398614735
109.398618383
109.398622032
109.39862568
109.398629328
109.398632976
109.398636624
109.398640272
109.398480811
109.39848446
109.398488108
109.398491756
109.398495404
109.398499052
109.3985027
109.398506349
109.398509997
109.398513645
109.398517293
109.398520941
109.398524589
109.398528238
109.398531886
109.398535534
109.398539182
109.39854283
109.398546478
109.398550127
109.398553775
109.398557423
109.398561071
109.398564719
109.398568367
109.398572016
109.398575664
109.398579312
109.39858296
109.398586608
109.398590256
109.398593905
109.398597553
109.398601201
109.398604849
109.398608497
109.398612145
109.398615794
109.398619442
109.39862309
109.398463629
109.398467277
109.398470925
109.398474573
109.398478222
109.39848187
109.398485518
109.398489166
109.398492814
109.398496462
109.398500111
109.398503759
109.398507407
109.398511055
109.398514703
109.398518351
109.398522
109.398525648
109.398529296
109.398532944
109.398536592
109.39854024
109.398543889
109.398547537
109.398551185
109.398554833
109.398558481
109.39856213
109.398565778
109.398569426
109.398573074
109.398576722
109.39858037
109.398584019
109.398587667
109.398591315
109.398594963
109.398598611
109.398602259
109.398605908
109.398446446
109.398450095
109.398453743
109.398457391
109.398461039
109.398464687
109.398468335
109.398471984
109.398475632
109.39847928
109.398482928
109.398486576
109.398490225
109.398493873
109.398497521
109.398501169
109.398504817
109.398508465
109.398512114
109.398515762
109.39851941
109.398523058
109.398526706
109.398530354
109.398534003
109.398537651
109.398541299
109.398544947
109.398548595
109.398552243
109.398555892
109.39855954
109.398563188
109.398566836
109.398570484
109.398574132
109.398577781
109.398581429
109.398585077
109.398588725
109.398429264
109.398432912
109.39843656
109.398440209
109.398443857
109.398447505
109.398451153
109.398454801
109.398458449
109.398462098
109.398465746
109.398469394
109.398473042
109.39847669
109.398480338
109.398483987
109.398487635
109.398491283
109.398494931
109.398498579
109.398502227
109.398505876
109.398509524
109.398513172
109.39851682
109.398520468
109.398524116
109.398527765
109.398531413
109.398535061
109.398538709
109.398542357
109.398546005
109.398549654
109.398553302
109.39855695
109.398560598
109.398564246
109.398567895
109.398571543
109.398412082
109.39841573
109.398419378
109.398423026
109.398426674
109.398430322
109.398433971
109.398437619
109.398441267
109.398444915
109.398448563
109.398452211
109.39845586
109.398459508
109.398463156
109.398466804
109.398470452
109.3984741
109.398477749
109.398481397
109.398485045
109.398488693
109.398492341
109.39849599
109.398499638
109.398503286
109.398506934
109.398510582
109.39851423
109.398517879
109.398521527
109.398525175
109.398528823
109.398532471
109.398536119
109.398539768
109.398543416
109.398547064
109.398550712
109.39855436
109.398394899
109.398398547
109.398402195
109.398405844
109.398409492
109.39841314
109.398416788
109.398420436
109.398424085
109.398427733
109.398431381
109.398435029
109.398438677
109.398442325
109.398445974
109.398449622
109.39845327
109.398456918
109.398460566
109.398464214
109.398467863
109.398471511
109.398475159
109.398478807
109.398482455
109.398486103
109.398489752
109.3984934
109.398497048
109.398500696
109.398504344
109.398507992
109.398511641
109.398515289
109.398518937
109.398522585
109.398526233
109.398529881
109.39853353
109.398537178
109.398377717
109.398381365
109.398385013
109.398388661
109.398392309
109.398395958
109.398399606
109.398403254
109.398406902
109.39841055
109.398414198
109.398417847
109.398421495
109.398425143
109.398428791
109.398432439
109.398436087
109.398439736
109.398443384
109.398447032
109.39845068
109.398454328
109.398457976
109.398461625
109.398465273
109.398468921
109.398472569
109.398476217
109.398479865
109.398483514
109.398487162
109.39849081
109.398494458
109.398498106
109.398501755
109.398505403
109.398509051
109.398512699
109.398516347
109.398519995
109.398360534
109.398364182
109.398367831
109.398371479
109.398375127
109.398378775
109.398382423
109.398386071
109.39838972
109.398393368
109.398397016
109.398400664
109.398404312
109.39840796
109.398411609
109.398415257
109.398418905
109.398422553
109.398426201
109.39842985
109.398433498
109.398437146
109.398440794
109.398444442
109.39844809
109.398451739
109.398455387
109.398459035
109.398462683
109.398466331
109.398469979
109.398473628
109.398477276
109.398480924
109.398484572
109.39848822
109.398491868
109.398495517
109.398499165
109.398502813
109.398343352
109.398347
109.398350648
109.398354296
109.398357945
109.398361593
109.398365241
109.398368889
109.398372537
109.398376185
109.398379834
109.398383482
109.39838713
109.398390778
109.398394426
109.398398074
109.398401723
109.398405371
109.398409019
109.398412667
109.398416315
109.398419963
109.398423612
109.39842726
109.398430908
109.398434556
109.398438204
109.398441852
109.398445501
109.398449149
109.398452797
109.398456445
109.398460093
109.398463741
109.39846739
109.398471038
109.398474686
109.398478334
109.398481982
109.39848563
109.398326169
109.398329818
109.398333466
109.398337114
109.398340762
109.39834441
109.398348058
109.398351707
109.398355355
109.398359003
109.398362651
109.398366299
109.398369947
109.398373596
109.398377244
109.398380892
109.39838454
109.398388188
109.398391836
109.398395485
109.398399133
109.398402781
109.398406429
109.398410077
109.398413725
109.398417374
109.398421022
109.39842467
109.398428318
109.398431966
109.398435615
109.398439263
109.398442911
109.398446559
109.398450207
109.398453855
109.398457504
109.398461152
109.3984648
109.398468448
109.398308987
109.398312635
109.398316283
109.398319931
109.39832358
109.398327228
109.398330876
109.398334524
109.398338172
109.39834182
109.398345469
109.398349117
109.398352765
109.398356413
109.398360061
109.39836371
109.398367358
109.398371006
109.398374654
109.398378302
109.39838195
109.398385599
109.398389247
109.398392895
109.398396543
109.398400191
109.398403839
109.398407488
109.398411136
109.398414784
109.398418432
109.39842208
109.398425728
109.398429377
109.398433025
109.398436673
109.398440321
109.398443969
109.398447617
109.398451266
109.398291805
109.398295453
109.398299101
109.398302749
109.398306397
109.398310045
109.398313694
109.398317342
109.39832099
109.398324638
109.398328286
109.398331934
109.398335583
109.398339231
109.398342879
109.398346527
109.398350175
109.398353823
109.398357472
109.39836112
109.398364768
109.398368416
109.398372064
109.398375712
109.398379361
109.398383009
109.398386657
109.398390305
109.398393953
109.398397601
109.39840125
109.398404898
109.398408546
109.398412194
109.398415842
109.39841949
109.398423139
109.398426787
109.398430435
109.398434083
109.398274622
109.39827827
109.398281918
109.398285567
109.398289215
109.398292863
109.398296511
109.398300159
109.398303807
109.398307456
109.398311104
109.398314752
109.3983184
109.398322048
109.398325696
109.398329345
109.398332993
109.398336641
109.398340289
109.398343937
109.398347585
109.398351234
109.398354882
109.39835853
109.398362178
109.398365826
109.398369475
109.398373123
109.398376771
109.398380419
109.398384067
109.398387715
109.398391364
109.398395012
109.39839866
109.398402308
109.398405956
109.398409604
109.398413253
109.398416901
109.39825744
109.398261088
109.398264736
109.398268384
109.398272032
109.39827568
109.398279329
109.398282977
109.398286625
109.398290273
109.398293921
109.39829757
109.398301218
109.398304866
109.398308514
109.398312162
109.39831581
109.398319459
109.398323107
109.398326755
109.398330403
109.398334051
109.398337699
109.398341348
109.398344996
109.398348644
109.398352292
109.39835594
109.398359588
109.398363237
109.398366885
109.398370533
109.398374181
109.398377829
109.398381477
109.398385126
109.398388774
109.398392422
109.39839607
109.398399718
109.398240257
109.398243905
109.398247554
109.398251202
109.39825485
109.398258498
109.398262146
109.398265794
109.398269443
109.398273091
109.398276739
109.398280387
109.398284035
109.398287683
109.398291332
109.39829498
109.398298628
109.398302276
109.398305924
109.398309572
109.398313221
109.398316869
109.398320517
109.398324165
109.398327813
109.398331461
109.39833511
109.398338758
109.398342406
109.398346054
109.398349702
109.39835335
109.398356999
109.398360647
109.398364295
109.398367943
109.398371591
109.39837524
109.398378888
109.398382536
109.398223075
109.398226723
109.398230371
109.398234019
109.398237667
109.398241316
109.398244964
109.398248612
109.39825226
109.398255908
109.398259556
109.398263205
109.398266853
109.398270501
109.398274149
109.398277797
109.398281445
109.398285094
109.398288742
109.39829239
109.398296038
109.398299686
109.398303335
109.398306983
109.398310631
109.398314279
109.398317927
109.398321575
109.398325224
109.398328872
109.39833252
109.398336168
109.398339816
109.398343464
109.398347113
109.398350761
109.398354409
109.398358057
109.398361705
109.398365353
109.398205892
109.39820954
109.398213189
109.398216837
109.398220485
109.398224133
109.398227781
109.39823143
109.398235078
109.398238726
109.398242374
109.398246022
109.39824967
109.398253319
109.398256967
109.398260615
109.398264263
109.398267911
109.398271559
109.398275208
109.398278856
109.398282504
109.398286152
109.3982898
109.398293448
109.398297097
109.398300745
109.398304393
109.398308041
109.398311689
109.398315337
109.398318986
109.398322634
109.398326282
109.39832993
109.398333578
109.398337226
109.398340875
109.398344523
109.398348171
109.39818871
109.398192358
109.398196006
109.398199654
109.398203303
109.398206951
109.398210599
109.398214247
109.398217895
109.398221543
109.398225192
109.39822884
109.398232488
109.398236136
109.398239784
109.398243432
109.398247081
109.398250729
109.398254377
109.398258025
109.398261673
109.398265321
109.39826897
109.398272618
109.398276266
109.398279914
109.398283562
109.39828721
109.398290859
109.398294507
109.398298155
109.398301803
109.398305451
109.3983091
109.398312748
109.398316396
109.398320044
109.398323692
109.39832734
109.398330989
109.398171527
109.398175176
109.398178824
109.398182472
109.39818612
109.398189768
109.398193416
109.398197065
109.398200713
109.398204361
109.398208009
109.398211657
109.398215305
109.398218954
109.398222602
109.39822625
109.398229898
109.398233546
109.398237195
109.398240843
109.398244491
109.398248139
109.398251787
109.398255435
109.398259084
109.398262732
109.39826638
109.398270028
109.398273676
109.398277324
109.398280973
109.398284621
109.398288269
109.398291917
109.398295565
109.398299213
109.398302862
109.39830651
109.398310158
109.398313806
109.398154345
109.398157993
109.398161641
109.398165289
109.398168938
109.398172586
109.398176234
109.398179882
109.39818353
109.398187179
109.398190827
109.398194475
109.398198123
109.398201771
109.398205419
109.398209068
109.398212716
109.398216364
109.398220012
109.39822366
109.398227308
109.398230957
109.398234605
109.398238253
109.398241901
109.398245549
109.398249197
109.398252846
109.398256494
109.398260142
109.39826379
109.398267438
109.398271086
109.398274735
109.398278383
109.398282031
109.398285679
109.398289327
109.398292975
109.398296624
109.398137163
109.398140811
109.398144459
109.398148107
109.398151755
109.398155403
109.398159052
109.3981627
109.398166348
109.398169996
109.398173644
109.398177292
109.398180941
109.398184589
109.398188237
109.398191885
109.398195533
109.398199181
109.39820283
109.398206478
109.398210126
109.398213774
109.398217422
109.39822107
109.398224719
109.398228367
109.398232015
109.398235663
109.398239311
109.39824296
109.398246608
109.398250256
109.398253904
109.398257552
109.3982612
109.398264849
109.398268497
109.398272145
109.398275793
109.398279441
109.39811998
109.398123628
109.398127276
109.398130925
109.398134573
109.398138221
109.398141869
109.398145517
109.398149165
109.398152814
109.398156462
109.39816011
109.398163758
109.398167406
109.398171054
109.398174703
109.398178351
109.398181999
109.398185647
109.398189295
109.398192944
109.398196592
109.39820024
109.398203888
109.398207536
109.398211184
109.398214833
109.398218481
109.398222129
109.398225777
109.398229425
109.398233073
109.398236722
109.39824037
109.398244018
109.398247666
109.398251314
109.398254962
109.398258611
109.398262259
