37.7418156602
37.7418020741
37.7417884881
37.7417749021
37.741761316
37.74174773
37.741734144
37.7417205579
37.7417069719
37.7416933858
37.7416797998
37.7416662138
37.7416526277
37.7416390417
37.7416254557
37.7416118696
37.7415982836
37.7415846975
37.7415711115
37.7415575255
37.7415439394
37.7415303534
37.7415167674
37.7415031813
37.7414895953
37.7414760092
37.7414624232
37.7414488372
37.7414352511
37.7414216651
37.7414080791
37.741394493
37.741380907
37.7413673209
37.7413537349
37.7413401489
37.7413265628
37.7413129768
37.7412993908
37.7412858047
37.7418127756
37.7417991896
37.7417856035
37.7417720175
37.7417584314
37.7417448454
37.7417312594
37.7417176733
37.7417040873
37.7416905013
37.7416769152
37.7416633292
37.7416497431
37.7416361571
37.7416225711
37.741608985
37.741595399
37.741581813
37.7415682269
37.7415546409
37.7415410548
37.7415274688
37.7415138828
37.7415002967
37.7414867107
37.7414731247
37.7414595386
37.7414459526
37.7414323665
37.7414187805
37.7414051945
37.7413916084
37.7413780224
37.7413644364
37.7413508503
37.7413372643
37.7413236782
37.7413100922
37.7412965062
37.7412829201
37.741809891
37.741796305
37.7417827189
37.7417691329
37.7417555469
37.7417419608
37.7417283748
37.7417147887
37.7417012027
37.7416876167
37.7416740306
37.7416604446
37.7416468586
37.7416332725
37.7416196865
37.7416061004
37.7415925144
37.7415789284
37.7415653423
37.7415517563
37.7415381703
37.7415245842
37.7415109982
37.7414974121
37.7414838261
37.7414702401
37.741456654
37.741443068
37.741429482
37.7414158959
37.7414023099
37.7413887238
37.7413751378
37.7413615518
37.7413479657
37.7413343797
37.7413207937
37.7413072076
37.7412936216
37.7412800355
37.7418070064
37.7417934204
37.7417798343
37.7417662483
37.7417526623
37.7417390762
37.7417254902
37.7417119042
37.7416983181
37.7416847321
37.741671146
37.74165756
37.741643974
37.7416303879
37.7416168019
37.7416032159
37.7415896298
37.7415760438
37.7415624577
37.7415488717
37.7415352857
37.7415216996
37.7415081136
37.7414945276
37.7414809415
37.7414673555
37.7414537694
37.7414401834
37.7414265974
37.7414130113
37.7413994253
37.7413858393
37.7413722532
37.7413586672
37.7413450811
37.7413314951
37.7413179091
37.741304323
37.741290737
37.741277151
37.7418041218
37.7417905358
37.7417769498
37.7417633637
37.7417497777
37.7417361916
37.7417226056
37.7417090196
37.7416954335
37.7416818475
37.7416682615
37.7416546754
37.7416410894
37.7416275033
37.7416139173
37.7416003313
37.7415867452
37.7415731592
37.7415595732
37.7415459871
37.7415324011
37.741518815
37.741505229
37.741491643
37.7414780569
37.7414644709
37.7414508849
37.7414372988
37.7414237128
37.7414101268
37.7413965407
37.7413829547
37.7413693686
37.7413557826
37.7413421966
37.7413286105
37.7413150245
37.7413014385
37.7412878524
37.7412742664
37.7418012372
37.7417876512
37.7417740652
37.7417604791
37.7417468931
37.7417333071
37.741719721
37.741706135
37.7416925489
37.7416789629
37.7416653769
37.7416517908
37.7416382048
37.7416246188
37.7416110327
37.7415974467
37.7415838607
37.7415702746
37.7415566886
37.7415431025
37.7415295165
37.7415159305
37.7415023444
37.7414887584
37.7414751724
37.7414615863
37.7414480003
37.7414344142
37.7414208282
37.7414072422
37.7413936561
37.7413800701
37.7413664841
37.741352898
37.741339312
37.7413257259
37.7413121399
37.7412985539
37.7412849678
37.7412713818
37.7417983527
37.7417847666
37.7417711806
37.7417575946
37.7417440085
37.7417304225
37.7417168364
37.7417032504
37.7416896644
37.7416760783
37.7416624923
37.7416489063
37.7416353202
37.7416217342
37.7416081481
37.7415945621
37.7415809761
37.74156739
37.741553804
37.741540218
37.7415266319
37.7415130459
37.7414994598
37.7414858738
37.7414722878
37.7414587017
37.7414451157
37.7414315297
37.7414179436
37.7414043576
37.7413907715
37.7413771855
37.7413635995
37.7413500134
37.7413364274
37.7413228414
37.7413092553
37.7412956693
37.7412820832
37.7412684972
37.7417954681
37.741781882
37.741768296
37.74175471
37.7417411239
37.7417275379
37.7417139519
37.7417003658
37.7416867798
37.7416731937
37.7416596077
37.7416460217
37.7416324356
37.7416188496
37.7416052636
37.7415916775
37.7415780915
37.7415645054
37.7415509194
37.7415373334
37.7415237473
37.7415101613
37.7414965753
37.7414829892
37.7414694032
37.7414558171
37.7414422311
37.7414286451
37.741415059
37.741401473
37.741387887
37.7413743009
37.7413607149
37.7413471288
37.7413335428
37.7413199568
37.7413063707
37.7412927847
37.7412791987
37.7412656126
37.7417925835
37.7417789975
37.7417654114
37.7417518254
37.7417382393
37.7417246533
37.7417110673
37.7416974812
37.7416838952
37.7416703092
37.7416567231
37.7416431371
37.741629551
37.741615965
37.741602379
37.7415887929
37.7415752069
37.7415616209
37.7415480348
37.7415344488
37.7415208627
37.7415072767
37.7414936907
37.7414801046
37.7414665186
37.7414529326
37.7414393465
37.7414257605
37.7414121744
37.7413985884
37.7413850024
37.7413714163
37.7413578303
37.7413442443
37.7413306582
37.7413170722
37.7413034861
37.7412899001
37.7412763141
37.741262728
37.7417896989
37.7417761129
37.7417625268
37.7417489408
37.7417353548
37.7417217687
37.7417081827
37.7416945966
37.7416810106
37.7416674246
37.7416538385
37.7416402525
37.7416266665
37.7416130804
37.7415994944
37.7415859083
37.7415723223
37.7415587363
37.7415451502
37.7415315642
37.7415179782
37.7415043921
37.7414908061
37.74147722
37.741463634
37.741450048
37.7414364619
37.7414228759
37.7414092899
37.7413957038
37.7413821178
37.7413685317
37.7413549457
37.7413413597
37.7413277736
37.7413141876
37.7413006016
37.7412870155
37.7412734295
37.7412598434
37.7417868143
37.7417732283
37.7417596422
37.7417460562
37.7417324702
37.7417188841
37.7417052981
37.7416917121
37.741678126
37.74166454
37.7416509539
37.7416373679
37.7416237819
37.7416101958
37.7415966098
37.7415830238
37.7415694377
37.7415558517
37.7415422656
37.7415286796
37.7415150936
37.7415015075
37.7414879215
37.7414743355
37.7414607494
37.7414471634
37.7414335774
37.7414199913
37.7414064053
37.7413928192
37.7413792332
37.7413656472
37.7413520611
37.7413384751
37.7413248891
37.741311303
37.741297717
37.7412841309
37.7412705449
37.7412569589
37.7417839297
37.7417703437
37.7417567577
37.7417431716
37.7417295856
37.7417159995
37.7417024135
37.7416888275
37.7416752414
37.7416616554
37.7416480694
37.7416344833
37.7416208973
37.7416073113
37.7415937252
37.7415801392
37.7415665531
37.7415529671
37.7415393811
37.741525795
37.741512209
37.741498623
37.7414850369
37.7414714509
37.7414578648
37.7414442788
37.7414306928
37.7414171067
37.7414035207
37.7413899347
37.7413763486
37.7413627626
37.7413491765
37.7413355905
37.7413220045
37.7413084184
37.7412948324
37.7412812464
37.7412676603
37.7412540743
37.7417810452
37.7417674591
37.7417538731
37.741740287
37.741726701
37.741713115
37.7416995289
37.7416859429
37.7416723569
37.7416587708
37.7416451848
37.7416315987
37.7416180127
37.7416044267
37.7415908406
37.7415772546
37.7415636686
37.7415500825
37.7415364965
37.7415229104
37.7415093244
37.7414957384
37.7414821523
37.7414685663
37.7414549803
37.7414413942
37.7414278082
37.7414142221
37.7414006361
37.7413870501
37.741373464
37.741359878
37.741346292
37.7413327059
37.7413191199
37.7413055338
37.7412919478
37.7412783618
37.7412647757
37.7412511897
37.7417781606
37.7417645745
37.7417509885
37.7417374025
37.7417238164
37.7417102304
37.7416966443
37.7416830583
37.7416694723
37.7416558862
37.7416423002
37.7416287142
37.7416151281
37.7416015421
37.741587956
37.74157437
37.741560784
37.7415471979
37.7415336119
37.7415200259
37.7415064398
37.7414928538
37.7414792677
37.7414656817
37.7414520957
37.7414385096
37.7414249236
37.7414113376
37.7413977515
37.7413841655
37.7413705794
37.7413569934
37.7413434074
37.7413298213
37.7413162353
37.7413026493
37.7412890632
37.7412754772
37.7412618911
37.7412483051
37.741775276
37.7417616899
37.7417481039
37.7417345179
37.7417209318
37.7417073458
37.7416937598
37.7416801737
37.7416665877
37.7416530016
37.7416394156
37.7416258296
37.7416122435
37.7415986575
37.7415850715
37.7415714854
37.7415578994
37.7415443133
37.7415307273
37.7415171413
37.7415035552
37.7414899692
37.7414763832
37.7414627971
37.7414492111
37.741435625
37.741422039
37.741408453
37.7413948669
37.7413812809
37.7413676949
37.7413541088
37.7413405228
37.7413269367
37.7413133507
37.7412997647
37.7412861786
37.7412725926
37.7412590066
37.7412454205
37.7417723914
37.7417588054
37.7417452193
37.7417316333
37.7417180472
37.7417044612
37.7416908752
37.7416772891
37.7416637031
37.7416501171
37.741636531
37.741622945
37.7416093589
37.7415957729
37.7415821869
37.7415686008
37.7415550148
37.7415414288
37.7415278427
37.7415142567
37.7415006706
37.7414870846
37.7414734986
37.7414599125
37.7414463265
37.7414327405
37.7414191544
37.7414055684
37.7413919823
37.7413783963
37.7413648103
37.7413512242
37.7413376382
37.7413240522
37.7413104661
37.7412968801
37.741283294
37.741269708
37.741256122
37.7412425359
37.7417695068
37.7417559208
37.7417423347
37.7417287487
37.7417151627
37.7417015766
37.7416879906
37.7416744045
37.7416608185
37.7416472325
37.7416336464
37.7416200604
37.7416064744
37.7415928883
37.7415793023
37.7415657162
37.7415521302
37.7415385442
37.7415249581
37.7415113721
37.7414977861
37.7414842
37.741470614
37.741457028
37.7414434419
37.7414298559
37.7414162698
37.7414026838
37.7413890978
37.7413755117
37.7413619257
37.7413483397
37.7413347536
37.7413211676
37.7413075815
37.7412939955
37.7412804095
37.7412668234
37.7412532374
37.7412396514
37.7417666222
37.7417530362
37.7417394501
37.7417258641
37.7417122781
37.741698692
37.741685106
37.74167152
37.7416579339
37.7416443479
37.7416307619
37.7416171758
37.7416035898
37.7415900037
37.7415764177
37.7415628317
37.7415492456
37.7415356596
37.7415220736
37.7415084875
37.7414949015
37.7414813154
37.7414677294
37.7414541434
37.7414405573
37.7414269713
37.7414133853
37.7413997992
37.7413862132
37.7413726271
37.7413590411
37.7413454551
37.741331869
37.741318283
37.741304697
37.7412911109
37.7412775249
37.7412639388
37.7412503528
37.7412367668
37.7417637376
37.7417501516
37.7417365656
37.7417229795
37.7417093935
37.7416958075
37.7416822214
37.7416686354
37.7416550493
37.7416414633
37.7416278773
37.7416142912
37.7416007052
37.7415871192
37.7415735331
37.7415599471
37.741546361
37.741532775
37.741519189
37.7415056029
37.7414920169
37.7414784309
37.7414648448
37.7414512588
37.7414376727
37.7414240867
37.7414105007
37.7413969146
37.7413833286
37.7413697426
37.7413561565
37.7413425705
37.7413289844
37.7413153984
37.7413018124
37.7412882263
37.7412746403
37.7412610543
37.7412474682
37.7412338822
37.7417608531
37.741747267
37.741733681
37.7417200949
37.7417065089
37.7416929229
37.7416793368
37.7416657508
37.7416521648
37.7416385787
37.7416249927
37.7416114066
37.7415978206
37.7415842346
37.7415706485
37.7415570625
37.7415434765
37.7415298904
37.7415163044
37.7415027183
37.7414891323
37.7414755463
37.7414619602
37.7414483742
37.7414347882
37.7414212021
37.7414076161
37.74139403
37.741380444
37.741366858
37.7413532719
37.7413396859
37.7413260999
37.7413125138
37.7412989278
37.7412853417
37.7412717557
37.7412581697
37.7412445836
37.7412309976
37.7417579685
37.7417443824
37.7417307964
37.7417172104
37.7417036243
37.7416900383
37.7416764522
37.7416628662
37.7416492802
37.7416356941
37.7416221081
37.7416085221
37.741594936
37.74158135
37.7415677639
37.7415541779
37.7415405919
37.7415270058
37.7415134198
37.7414998338
37.7414862477
37.7414726617
37.7414590756
37.7414454896
37.7414319036
37.7414183175
37.7414047315
37.7413911455
37.7413775594
37.7413639734
37.7413503873
37.7413368013
37.7413232153
37.7413096292
37.7412960432
37.7412824572
37.7412688711
37.7412552851
37.741241699
37.741228113
37.7417550839
37.7417414978
37.7417279118
37.7417143258
37.7417007397
37.7416871537
37.7416735677
37.7416599816
37.7416463956
37.7416328095
37.7416192235
37.7416056375
37.7415920514
37.7415784654
37.7415648794
37.7415512933
37.7415377073
37.7415241212
37.7415105352
37.7414969492
37.7414833631
37.7414697771
37.7414561911
37.741442605
37.741429019
37.7414154329
37.7414018469
37.7413882609
37.7413746748
37.7413610888
37.7413475028
37.7413339167
37.7413203307
37.7413067446
37.7412931586
37.7412795726
37.7412659865
37.7412524005
37.7412388145
37.7412252284
37.7417521993
37.7417386133
37.7417250272
37.7417114412
37.7416978551
37.7416842691
37.7416706831
37.741657097
37.741643511
37.741629925
37.7416163389
37.7416027529
37.7415891668
37.7415755808
37.7415619948
37.7415484087
37.7415348227
37.7415212367
37.7415076506
37.7414940646
37.7414804786
37.7414668925
37.7414533065
37.7414397204
37.7414261344
37.7414125484
37.7413989623
37.7413853763
37.7413717903
37.7413582042
37.7413446182
37.7413310321
37.7413174461
37.7413038601
37.741290274
37.741276688
37.741263102
37.7412495159
37.7412359299
37.7412223438
37.7417493147
37.7417357287
37.7417221426
37.7417085566
37.7416949706
37.7416813845
37.7416677985
37.7416542125
37.7416406264
37.7416270404
37.7416134543
37.7415998683
37.7415862823
37.7415726962
37.7415591102
37.7415455242
37.7415319381
37.7415183521
37.741504766
37.74149118
37.741477594
37.7414640079
37.7414504219
37.7414368359
37.7414232498
37.7414096638
37.7413960777
37.7413824917
37.7413689057
37.7413553196
37.7413417336
37.7413281476
37.7413145615
37.7413009755
37.7412873894
37.7412738034
37.7412602174
37.7412466313
37.7412330453
37.7412194593
37.7417464301
37.7417328441
37.7417192581
37.741705672
37.741692086
37.7416784999
37.7416649139
37.7416513279
37.7416377418
37.7416241558
37.7416105698
37.7415969837
37.7415833977
37.7415698116
37.7415562256
37.7415426396
37.7415290535
37.7415154675
37.7415018815
37.7414882954
37.7414747094
37.7414611233
37.7414475373
37.7414339513
37.7414203652
37.7414067792
37.7413931932
37.7413796071
37.7413660211
37.741352435
37.741338849
37.741325263
37.7413116769
37.7412980909
37.7412845049
37.7412709188
37.7412573328
37.7412437467
37.7412301607
37.7412165747
37.7417435455
37.7417299595
37.7417163735
37.7417027874
37.7416892014
37.7416756154
37.7416620293
37.7416484433
37.7416348572
37.7416212712
37.7416076852
37.7415940991
37.7415805131
37.7415669271
37.741553341
37.741539755
37.7415261689
37.7415125829
37.7414989969
37.7414854108
37.7414718248
37.7414582388
37.7414446527
37.7414310667
37.7414174806
37.7414038946
37.7413903086
37.7413767225
37.7413631365
37.7413495505
37.7413359644
37.7413223784
37.7413087923
37.7412952063
37.7412816203
37.7412680342
37.7412544482
37.7412408622
37.7412272761
37.7412136901
37.741740661
37.7417270749
37.7417134889
37.7416999028
37.7416863168
37.7416727308
37.7416591447
37.7416455587
37.7416319727
37.7416183866
37.7416048006
37.7415912145
37.7415776285
37.7415640425
37.7415504564
37.7415368704
37.7415232844
37.7415096983
37.7414961123
37.7414825262
37.7414689402
37.7414553542
37.7414417681
37.7414281821
37.7414145961
37.74140101
37.741387424
37.7413738379
37.7413602519
37.7413466659
37.7413330798
37.7413194938
37.7413059078
37.7412923217
37.7412787357
37.7412651496
37.7412515636
37.7412379776
37.7412243915
37.7412108055
37.7417377764
37.7417241903
37.7417106043
37.7416970183
37.7416834322
37.7416698462
37.7416562601
37.7416426741
37.7416290881
37.741615502
37.741601916
37.74158833
37.7415747439
37.7415611579
37.7415475718
37.7415339858
37.7415203998
37.7415068137
37.7414932277
37.7414796417
37.7414660556
37.7414524696
37.7414388835
37.7414252975
37.7414117115
37.7413981254
37.7413845394
37.7413709534
37.7413573673
37.7413437813
37.7413301952
37.7413166092
37.7413030232
37.7412894371
37.7412758511
37.7412622651
37.741248679
37.741235093
37.741221507
37.7412079209
37.7417348918
37.7417213057
37.7417077197
37.7416941337
37.7416805476
37.7416669616
37.7416533756
37.7416397895
37.7416262035
37.7416126174
37.7415990314
37.7415854454
37.7415718593
37.7415582733
37.7415446873
37.7415311012
37.7415175152
37.7415039292
37.7414903431
37.7414767571
37.741463171
37.741449585
37.741435999
37.7414224129
37.7414088269
37.7413952409
37.7413816548
37.7413680688
37.7413544827
37.7413408967
37.7413273107
37.7413137246
37.7413001386
37.7412865526
37.7412729665
37.7412593805
37.7412457944
37.7412322084
37.7412186224
37.7412050363
37.7417320072
37.7417184212
37.7417048351
37.7416912491
37.7416776631
37.741664077
37.741650491
37.7416369049
37.7416233189
37.7416097329
37.7415961468
37.7415825608
37.7415689748
37.7415553887
37.7415418027
37.7415282166
37.7415146306
37.7415010446
37.7414874585
37.7414738725
37.7414602865
37.7414467004
37.7414331144
37.7414195283
37.7414059423
37.7413923563
37.7413787702
37.7413651842
37.7413515982
37.7413380121
37.7413244261
37.74131084
37.741297254
37.741283668
37.7412700819
37.7412564959
37.7412429099
37.7412293238
37.7412157378
37.7412021517
37.7417291226
37.7417155366
37.7417019505
37.7416883645
37.7416747785
37.7416611924
37.7416476064
37.7416340204
37.7416204343
37.7416068483
37.7415932622
37.7415796762
37.7415660902
37.7415525041
37.7415389181
37.7415253321
37.741511746
37.74149816
37.7414845739
37.7414709879
37.7414574019
37.7414438158
37.7414302298
37.7414166438
37.7414030577
37.7413894717
37.7413758856
37.7413622996
37.7413487136
37.7413351275
37.7413215415
37.7413079555
37.7412943694
37.7412807834
37.7412671973
37.7412536113
37.7412400253
37.7412264392
37.7412128532
37.7411992672
37.741726238
37.741712652
37.741699066
37.7416854799
37.7416718939
37.7416583078
37.7416447218
37.7416311358
37.7416175497
37.7416039637
37.7415903777
37.7415767916
37.7415632056
37.7415496195
37.7415360335
37.7415224475
37.7415088614
37.7414952754
37.7414816894
37.7414681033
37.7414545173
37.7414409312
37.7414273452
37.7414137592
37.7414001731
37.7413865871
37.7413730011
37.741359415
37.741345829
37.7413322429
37.7413186569
37.7413050709
37.7412914848
37.7412778988
37.7412643128
37.7412507267
37.7412371407
37.7412235546
37.7412099686
37.7411963826
37.7417233534
37.7417097674
37.7416961814
37.7416825953
37.7416690093
37.7416554233
37.7416418372
37.7416282512
37.7416146651
37.7416010791
37.7415874931
37.741573907
37.741560321
37.741546735
37.7415331489
37.7415195629
37.7415059768
37.7414923908
37.7414788048
37.7414652187
37.7414516327
37.7414380467
37.7414244606
37.7414108746
37.7413972885
37.7413837025
37.7413701165
37.7413565304
37.7413429444
37.7413293584
37.7413157723
37.7413021863
37.7412886002
37.7412750142
37.7412614282
37.7412478421
37.7412342561
37.7412206701
37.741207084
37.741193498
37.7417204689
37.7417068828
37.7416932968
37.7416797107
37.7416661247
37.7416525387
37.7416389526
37.7416253666
37.7416117806
37.7415981945
37.7415846085
37.7415710224
37.7415574364
37.7415438504
37.7415302643
37.7415166783
37.7415030923
37.7414895062
37.7414759202
37.7414623341
37.7414487481
37.7414351621
37.741421576
37.74140799
37.741394404
37.7413808179
37.7413672319
37.7413536458
37.7413400598
37.7413264738
37.7413128877
37.7412993017
37.7412857157
37.7412721296
37.7412585436
37.7412449576
37.7412313715
37.7412177855
37.7412041994
37.7411906134
37.7417175843
37.7417039982
37.7416904122
37.7416768262
37.7416632401
37.7416496541
37.741636068
37.741622482
37.741608896
37.7415953099
37.7415817239
37.7415681379
37.7415545518
37.7415409658
37.7415273798
37.7415137937
37.7415002077
37.7414866216
37.7414730356
37.7414594496
37.7414458635
37.7414322775
37.7414186915
37.7414051054
37.7413915194
37.7413779333
37.7413643473
37.7413507613
37.7413371752
37.7413235892
37.7413100032
37.7412964171
37.7412828311
37.741269245
37.741255659
37.741242073
37.7412284869
37.7412149009
37.7412013149
37.7411877288
37.7417146997
37.7417011137
37.7416875276
37.7416739416
37.7416603555
37.7416467695
37.7416331835
37.7416195974
37.7416060114
37.7415924254
37.7415788393
37.7415652533
37.7415516672
37.7415380812
37.7415244952
37.7415109091
37.7414973231
37.7414837371
37.741470151
37.741456565
37.7414429789
37.7414293929
37.7414158069
37.7414022208
37.7413886348
37.7413750488
37.7413614627
37.7413478767
37.7413342906
37.7413207046
37.7413071186
37.7412935325
37.7412799465
37.7412663605
37.7412527744
37.7412391884
37.7412256023
37.7412120163
37.7411984303
37.7411848442
37.7417118151
37.7416982291
37.741684643
37.741671057
37.741657471
37.7416438849
37.7416302989
37.7416167128
37.7416031268
37.7415895408
37.7415759547
37.7415623687
37.7415487827
37.7415351966
37.7415216106
37.7415080245
37.7414944385
37.7414808525
37.7414672664
37.7414536804
37.7414400944
37.7414265083
37.7414129223
37.7413993362
37.7413857502
37.7413721642
37.7413585781
37.7413449921
37.7413314061
37.74131782
37.741304234
37.7412906479
37.7412770619
37.7412634759
37.7412498898
37.7412363038
37.7412227178
37.7412091317
37.7411955457
37.7411819596
37.7417089305
37.7416953445
37.7416817584
37.7416681724
37.7416545864
37.7416410003
37.7416274143
37.7416138283
37.7416002422
37.7415866562
37.7415730701
37.7415594841
37.7415458981
37.741532312
37.741518726
37.74150514
37.7414915539
37.7414779679
37.7414643818
37.7414507958
37.7414372098
37.7414236237
37.7414100377
37.7413964517
37.7413828656
37.7413692796
37.7413556935
37.7413421075
37.7413285215
37.7413149354
37.7413013494
37.7412877634
37.7412741773
37.7412605913
37.7412470052
37.7412334192
37.7412198332
37.7412062471
37.7411926611
37.7411790751
37.7417060459
37.7416924599
37.7416788739
37.7416652878
37.7416517018
37.7416381157
37.7416245297
37.7416109437
37.7415973576
37.7415837716
37.7415701856
37.7415565995
37.7415430135
37.7415294274
37.7415158414
37.7415022554
37.7414886693
37.7414750833
37.7414614973
37.7414479112
37.7414343252
37.7414207391
37.7414071531
37.7413935671
37.741379981
37.741366395
37.741352809
37.7413392229
37.7413256369
37.7413120508
37.7412984648
37.7412848788
37.7412712927
37.7412577067
37.7412441207
37.7412305346
37.7412169486
37.7412033625
37.7411897765
37.7411761905
37.7417031613
37.7416895753
37.7416759893
37.7416624032
37.7416488172
37.7416352312
37.7416216451
37.7416080591
37.741594473
37.741580887
37.741567301
37.7415537149
37.7415401289
37.7415265429
37.7415129568
37.7414993708
37.7414857847
37.7414721987
37.7414586127
37.7414450266
37.7414314406
37.7414178546
37.7414042685
37.7413906825
37.7413770964
37.7413635104
37.7413499244
37.7413363383
37.7413227523
37.7413091663
37.7412955802
37.7412819942
37.7412684082
37.7412548221
37.7412412361
37.74122765
37.741214064
37.741200478
37.7411868919
37.7411733059
