109.400501178
109.400398307
109.400295436
109.400192565
109.400089694
109.399986823
109.399883952
109.399781081
109.39967821
109.39957534
109.399472469
109.399369598
109.399266727
109.399163856
109.399060985
109.398958114
109.398855243
109.398752372
109.398649501
109.398546631
109.39844376
109.398340889
109.398238018
109.398135147
109.398032276
109.397929405
109.397826534
109.397723663
109.397620793
109.397517922
109.397415051
109.39731218
109.397209309
109.397106438
109.397003567
109.396900696
109.396797825
109.396694954
109.396592084
109.396489213
