206.878028466
206.87802743
206.878026393
206.878025357
206.87802432
206.878023284
206.878022248
206.878021211
206.878020175
206.878019138
206.878018102
206.878017066
206.878016029
206.878014993
206.878013956
206.87801292
206.878011884
206.878010847
206.878009811
206.878008774
206.878007738
206.878006702
206.878005665
206.878004629
206.878003593
206.878002556
206.87800152
206.878000483
206.877999447
206.877998411
206.877997374
206.877996338
206.877995301
206.877994265
206.877993229
206.877992192
206.877991156
206.877990119
206.877989083
206.877988047
206.87798701
206.877985974
206.877984937
206.877983901
206.877982865
206.877981828
206.877980792
206.877979755
206.877978719
206.877977683
206.877976646
206.87797561
206.877974573
206.877973537
206.877972501
206.877971464
206.877970428
206.877969391
206.877968355
206.877967319
206.877966282
206.877965246
206.87796421
206.877963173
206.877962137
206.8779611
206.877960064
206.877959028
206.877957991
206.877956955
206.877955918
206.877954882
206.877953846
206.877952809
206.877951773
206.877950736
206.8779497
206.877948664
206.877947627
206.877946591
206.878020017
206.878018981
206.878017945
206.878016908
206.878015872
206.878014835
206.878013799
206.878012763
206.878011726
206.87801069
206.878009653
206.878008617
206.878007581
206.878006544
206.878005508
206.878004472
206.878003435
206.878002399
206.878001362
206.878000326
206.87799929
206.877998253
206.877997217
206.87799618
206.877995144
206.877994108
206.877993071
206.877992035
206.877990998
206.877989962
206.877988926
206.877987889
206.877986853
206.877985816
206.87798478
206.877983744
206.877982707
206.877981671
206.877980634
206.877979598
206.877978562
206.877977525
206.877976489
206.877975452
206.877974416
206.87797338
206.877972343
206.877971307
206.87797027
206.877969234
206.877968198
206.877967161
206.877966125
206.877965089
206.877964052
206.877963016
206.877961979
206.877960943
206.877959907
206.87795887
206.877957834
206.877956797
206.877955761
206.877954725
206.877953688
206.877952652
206.877951615
206.877950579
206.877949543
206.877948506
206.87794747
206.877946433
206.877945397
206.877944361
206.877943324
206.877942288
206.877941251
206.877940215
206.877939179
206.877938142
206.878011569
206.878010532
206.878009496
206.87800846
206.878007423
206.878006387
206.878005351
206.878004314
206.878003278
206.878002241
206.878001205
206.878000169
206.877999132
206.877998096
206.877997059
206.877996023
206.877994987
206.87799395
206.877992914
206.877991877
206.877990841
206.877989805
206.877988768
206.877987732
206.877986695
206.877985659
206.877984623
206.877983586
206.87798255
206.877981513
206.877980477
206.877979441
206.877978404
206.877977368
206.877976331
206.877975295
206.877974259
206.877973222
206.877972186
206.877971149
206.877970113
206.877969077
206.87796804
206.877967004
206.877965968
206.877964931
206.877963895
206.877962858
206.877961822
206.877960786
206.877959749
206.877958713
206.877957676
206.87795664
206.877955604
206.877954567
206.877953531
206.877952494
206.877951458
206.877950422
206.877949385
206.877948349
206.877947312
206.877946276
206.87794524
206.877944203
206.877943167
206.87794213
206.877941094
206.877940058
206.877939021
206.877937985
206.877936948
206.877935912
206.877934876
206.877933839
206.877932803
206.877931766
206.87793073
206.877929694
206.87800312
206.878002084
206.878001048
206.878000011
206.877998975
206.877997938
206.877996902
206.877995866
206.877994829
206.877993793
206.877992756
206.87799172
206.877990684
206.877989647
206.877988611
206.877987574
206.877986538
206.877985502
206.877984465
206.877983429
206.877982392
206.877981356
206.87798032
206.877979283
206.877978247
206.87797721
206.877976174
206.877975138
206.877974101
206.877973065
206.877972028
206.877970992
206.877969956
206.877968919
206.877967883
206.877966847
206.87796581
206.877964774
206.877963737
206.877962701
206.877961665
206.877960628
206.877959592
206.877958555
206.877957519
206.877956483
206.877955446
206.87795441
206.877953373
206.877952337
206.877951301
206.877950264
206.877949228
206.877948191
206.877947155
206.877946119
206.877945082
206.877944046
206.877943009
206.877941973
206.877940937
206.8779399
206.877938864
206.877937827
206.877936791
206.877935755
206.877934718
206.877933682
206.877932645
206.877931609
206.877930573
206.877929536
206.8779285
206.877927463
206.877926427
206.877925391
206.877924354
206.877923318
206.877922282
206.877921245
206.877994672
206.877993635
206.877992599
206.877991563
206.877990526
206.87798949
206.877988453
206.877987417
206.877986381
206.877985344
206.877984308
206.877983271
206.877982235
206.877981199
206.877980162
206.877979126
206.877978089
206.877977053
206.877976017
206.87797498
206.877973944
206.877972907
206.877971871
206.877970835
206.877969798
206.877968762
206.877967726
206.877966689
206.877965653
206.877964616
206.87796358
206.877962544
206.877961507
206.877960471
206.877959434
206.877958398
206.877957362
206.877956325
206.877955289
206.877954252
206.877953216
206.87795218
206.877951143
206.877950107
206.87794907
206.877948034
206.877946998
206.877945961
206.877944925
206.877943888
206.877942852
206.877941816
206.877940779
206.877939743
206.877938706
206.87793767
206.877936634
206.877935597
206.877934561
206.877933524
206.877932488
206.877931452
206.877930415
206.877929379
206.877928342
206.877927306
206.87792627
206.877925233
206.877924197
206.877923161
206.877922124
206.877921088
206.877920051
206.877919015
206.877917979
206.877916942
206.877915906
206.877914869
206.877913833
206.877912797
206.877986223
206.877985187
206.87798415
206.877983114
206.877982078
206.877981041
206.877980005
206.877978968
206.877977932
206.877976896
206.877975859
206.877974823
206.877973786
206.87797275
206.877971714
206.877970677
206.877969641
206.877968605
206.877967568
206.877966532
206.877965495
206.877964459
206.877963423
206.877962386
206.87796135
206.877960313
206.877959277
206.877958241
206.877957204
206.877956168
206.877955131
206.877954095
206.877953059
206.877952022
206.877950986
206.877949949
206.877948913
206.877947877
206.87794684
206.877945804
206.877944767
206.877943731
206.877942695
206.877941658
206.877940622
206.877939585
206.877938549
206.877937513
206.877936476
206.87793544
206.877934403
206.877933367
206.877932331
206.877931294
206.877930258
206.877929221
206.877928185
206.877927149
206.877926112
206.877925076
206.87792404
206.877923003
206.877921967
206.87792093
206.877919894
206.877918858
206.877917821
206.877916785
206.877915748
206.877914712
206.877913676
206.877912639
206.877911603
206.877910566
206.87790953
206.877908494
206.877907457
206.877906421
206.877905384
206.877904348
206.877977775
206.877976738
206.877975702
206.877974665
206.877973629
206.877972593
206.877971556
206.87797052
206.877969484
206.877968447
206.877967411
206.877966374
206.877965338
206.877964302
206.877963265
206.877962229
206.877961192
206.877960156
206.87795912
206.877958083
206.877957047
206.87795601
206.877954974
206.877953938
206.877952901
206.877951865
206.877950828
206.877949792
206.877948756
206.877947719
206.877946683
206.877945646
206.87794461
206.877943574
206.877942537
206.877941501
206.877940464
206.877939428
206.877938392
206.877937355
206.877936319
206.877935282
206.877934246
206.87793321
206.877932173
206.877931137
206.8779301
206.877929064
206.877928028
206.877926991
206.877925955
206.877924919
206.877923882
206.877922846
206.877921809
206.877920773
206.877919737
206.8779187
206.877917664
206.877916627
206.877915591
206.877914555
206.877913518
206.877912482
206.877911445
206.877910409
206.877909373
206.877908336
206.8779073
206.877906263
206.877905227
206.877904191
206.877903154
206.877902118
206.877901081
206.877900045
206.877899009
206.877897972
206.877896936
206.877895899
206.877969326
206.87796829
206.877967253
206.877966217
206.877965181
206.877964144
206.877963108
206.877962071
206.877961035
206.877959999
206.877958962
206.877957926
206.877956889
206.877955853
206.877954817
206.87795378
206.877952744
206.877951707
206.877950671
206.877949635
206.877948598
206.877947562
206.877946525
206.877945489
206.877944453
206.877943416
206.87794238
206.877941343
206.877940307
206.877939271
206.877938234
206.877937198
206.877936161
206.877935125
206.877934089
206.877933052
206.877932016
206.877930979
206.877929943
206.877928907
206.87792787
206.877926834
206.877925798
206.877924761
206.877923725
206.877922688
206.877921652
206.877920616
206.877919579
206.877918543
206.877917506
206.87791647
206.877915434
206.877914397
206.877913361
206.877912324
206.877911288
206.877910252
206.877909215
206.877908179
206.877907142
206.877906106
206.87790507
206.877904033
206.877902997
206.87790196
206.877900924
206.877899888
206.877898851
206.877897815
206.877896778
206.877895742
206.877894706
206.877893669
206.877892633
206.877891596
206.87789056
206.877889524
206.877888487
206.877887451
206.877960878
206.877959841
206.877958805
206.877957768
206.877956732
206.877955696
206.877954659
206.877953623
206.877952586
206.87795155
206.877950514
206.877949477
206.877948441
206.877947404
206.877946368
206.877945332
206.877944295
206.877943259
206.877942222
206.877941186
206.87794015
206.877939113
206.877938077
206.87793704
206.877936004
206.877934968
206.877933931
206.877932895
206.877931858
206.877930822
206.877929786
206.877928749
206.877927713
206.877926677
206.87792564
206.877924604
206.877923567
206.877922531
206.877921495
206.877920458
206.877919422
206.877918385
206.877917349
206.877916313
206.877915276
206.87791424
206.877913203
206.877912167
206.877911131
206.877910094
206.877909058
206.877908021
206.877906985
206.877905949
206.877904912
206.877903876
206.877902839
206.877901803
206.877900767
206.87789973
206.877898694
206.877897657
206.877896621
206.877895585
206.877894548
206.877893512
206.877892475
206.877891439
206.877890403
206.877889366
206.87788833
206.877887293
206.877886257
206.877885221
206.877884184
206.877883148
206.877882112
206.877881075
206.877880039
206.877879002
206.877952429
206.877951393
206.877950356
206.87794932
206.877948283
206.877947247
206.877946211
206.877945174
206.877944138
206.877943101
206.877942065
206.877941029
206.877939992
206.877938956
206.877937919
206.877936883
206.877935847
206.87793481
206.877933774
206.877932737
206.877931701
206.877930665
206.877929628
206.877928592
206.877927556
206.877926519
206.877925483
206.877924446
206.87792341
206.877922374
206.877921337
206.877920301
206.877919264
206.877918228
206.877917192
206.877916155
206.877915119
206.877914082
206.877913046
206.87791201
206.877910973
206.877909937
206.8779089
206.877907864
206.877906828
206.877905791
206.877904755
206.877903718
206.877902682
206.877901646
206.877900609
206.877899573
206.877898536
206.8778975
206.877896464
206.877895427
206.877894391
206.877893354
206.877892318
206.877891282
206.877890245
206.877889209
206.877888172
206.877887136
206.8778861
206.877885063
206.877884027
206.877882991
206.877881954
206.877880918
206.877879881
206.877878845
206.877877809
206.877876772
206.877875736
206.877874699
206.877873663
206.877872627
206.87787159
206.877870554
206.87794398
206.877942944
206.877941908
206.877940871
206.877939835
206.877938798
206.877937762
206.877936726
206.877935689
206.877934653
206.877933616
206.87793258
206.877931544
206.877930507
206.877929471
206.877928435
206.877927398
206.877926362
206.877925325
206.877924289
206.877923253
206.877922216
206.87792118
206.877920143
206.877919107
206.877918071
206.877917034
206.877915998
206.877914961
206.877913925
206.877912889
206.877911852
206.877910816
206.877909779
206.877908743
206.877907707
206.87790667
206.877905634
206.877904597
206.877903561
206.877902525
206.877901488
206.877900452
206.877899415
206.877898379
206.877897343
206.877896306
206.87789527
206.877894233
206.877893197
206.877892161
206.877891124
206.877890088
206.877889051
206.877888015
206.877886979
206.877885942
206.877884906
206.87788387
206.877882833
206.877881797
206.87788076
206.877879724
206.877878688
206.877877651
206.877876615
206.877875578
206.877874542
206.877873506
206.877872469
206.877871433
206.877870396
206.87786936
206.877868324
206.877867287
206.877866251
206.877865214
206.877864178
206.877863142
206.877862105
206.877935532
206.877934495
206.877933459
206.877932423
206.877931386
206.87793035
206.877929314
206.877928277
206.877927241
206.877926204
206.877925168
206.877924132
206.877923095
206.877922059
206.877921022
206.877919986
206.87791895
206.877917913
206.877916877
206.87791584
206.877914804
206.877913768
206.877912731
206.877911695
206.877910658
206.877909622
206.877908586
206.877907549
206.877906513
206.877905476
206.87790444
206.877903404
206.877902367
206.877901331
206.877900294
206.877899258
206.877898222
206.877897185
206.877896149
206.877895112
206.877894076
206.87789304
206.877892003
206.877890967
206.87788993
206.877888894
206.877887858
206.877886821
206.877885785
206.877884749
206.877883712
206.877882676
206.877881639
206.877880603
206.877879567
206.87787853
206.877877494
206.877876457
206.877875421
206.877874385
206.877873348
206.877872312
206.877871275
206.877870239
206.877869203
206.877868166
206.87786713
206.877866093
206.877865057
206.877864021
206.877862984
206.877861948
206.877860911
206.877859875
206.877858839
206.877857802
206.877856766
206.877855729
206.877854693
206.877853657
206.877927083
206.877926047
206.877925011
206.877923974
206.877922938
206.877921901
206.877920865
206.877919829
206.877918792
206.877917756
206.877916719
206.877915683
206.877914647
206.87791361
206.877912574
206.877911537
206.877910501
206.877909465
206.877908428
206.877907392
206.877906355
206.877905319
206.877904283
206.877903246
206.87790221
206.877901173
206.877900137
206.877899101
206.877898064
206.877897028
206.877895991
206.877894955
206.877893919
206.877892882
206.877891846
206.877890809
206.877889773
206.877888737
206.8778877
206.877886664
206.877885628
206.877884591
206.877883555
206.877882518
206.877881482
206.877880446
206.877879409
206.877878373
206.877877336
206.8778763
206.877875264
206.877874227
206.877873191
206.877872154
206.877871118
206.877870082
206.877869045
206.877868009
206.877866972
206.877865936
206.8778649
206.877863863
206.877862827
206.87786179
206.877860754
206.877859718
206.877858681
206.877857645
206.877856608
206.877855572
206.877854536
206.877853499
206.877852463
206.877851426
206.87785039
206.877849354
206.877848317
206.877847281
206.877846244
206.877845208
206.877918635
206.877917598
206.877916562
206.877915526
206.877914489
206.877913453
206.877912416
206.87791138
206.877910344
206.877909307
206.877908271
206.877907234
206.877906198
206.877905162
206.877904125
206.877903089
206.877902052
206.877901016
206.87789998
206.877898943
206.877897907
206.87789687
206.877895834
206.877894798
206.877893761
206.877892725
206.877891688
206.877890652
206.877889616
206.877888579
206.877887543
206.877886507
206.87788547
206.877884434
206.877883397
206.877882361
206.877881325
206.877880288
206.877879252
206.877878215
206.877877179
206.877876143
206.877875106
206.87787407
206.877873033
206.877871997
206.877870961
206.877869924
206.877868888
206.877867851
206.877866815
206.877865779
206.877864742
206.877863706
206.877862669
206.877861633
206.877860597
206.87785956
206.877858524
206.877857487
206.877856451
206.877855415
206.877854378
206.877853342
206.877852305
206.877851269
206.877850233
206.877849196
206.87784816
206.877847123
206.877846087
206.877845051
206.877844014
206.877842978
206.877841942
206.877840905
206.877839869
206.877838832
206.877837796
206.87783676
206.877910186
206.87790915
206.877908113
206.877907077
206.877906041
206.877905004
206.877903968
206.877902931
206.877901895
206.877900859
206.877899822
206.877898786
206.877897749
206.877896713
206.877895677
206.87789464
206.877893604
206.877892567
206.877891531
206.877890495
206.877889458
206.877888422
206.877887386
206.877886349
206.877885313
206.877884276
206.87788324
206.877882204
206.877881167
206.877880131
206.877879094
206.877878058
206.877877022
206.877875985
206.877874949
206.877873912
206.877872876
206.87787184
206.877870803
206.877869767
206.87786873
206.877867694
206.877866658
206.877865621
206.877864585
206.877863548
206.877862512
206.877861476
206.877860439
206.877859403
206.877858366
206.87785733
206.877856294
206.877855257
206.877854221
206.877853184
206.877852148
206.877851112
206.877850075
206.877849039
206.877848002
206.877846966
206.87784593
206.877844893
206.877843857
206.877842821
206.877841784
206.877840748
206.877839711
206.877838675
206.877837639
206.877836602
206.877835566
206.877834529
206.877833493
206.877832457
206.87783142
206.877830384
206.877829347
206.877828311
206.877901738
206.877900701
206.877899665
206.877898628
206.877897592
206.877896556
206.877895519
206.877894483
206.877893446
206.87789241
206.877891374
206.877890337
206.877889301
206.877888265
206.877887228
206.877886192
206.877885155
206.877884119
206.877883083
206.877882046
206.87788101
206.877879973
206.877878937
206.877877901
206.877876864
206.877875828
206.877874791
206.877873755
206.877872719
206.877871682
206.877870646
206.877869609
206.877868573
206.877867537
206.8778665
206.877865464
206.877864427
206.877863391
206.877862355
206.877861318
206.877860282
206.877859245
206.877858209
206.877857173
206.877856136
206.8778551
206.877854063
206.877853027
206.877851991
206.877850954
206.877849918
206.877848881
206.877847845
206.877846809
206.877845772
206.877844736
206.8778437
206.877842663
206.877841627
206.87784059
206.877839554
206.877838518
206.877837481
206.877836445
206.877835408
206.877834372
206.877833336
206.877832299
206.877831263
206.877830226
206.87782919
206.877828154
206.877827117
206.877826081
206.877825044
206.877824008
206.877822972
206.877821935
206.877820899
206.877819862
206.877893289
206.877892253
206.877891216
206.87789018
206.877889144
206.877888107
206.877887071
206.877886034
206.877884998
206.877883962
206.877882925
206.877881889
206.877880852
206.877879816
206.87787878
206.877877743
206.877876707
206.87787567
206.877874634
206.877873598
206.877872561
206.877871525
206.877870488
206.877869452
206.877868416
206.877867379
206.877866343
206.877865306
206.87786427
206.877863234
206.877862197
206.877861161
206.877860124
206.877859088
206.877858052
206.877857015
206.877855979
206.877854942
206.877853906
206.87785287
206.877851833
206.877850797
206.87784976
206.877848724
206.877847688
206.877846651
206.877845615
206.877844579
206.877843542
206.877842506
206.877841469
206.877840433
206.877839397
206.87783836
206.877837324
206.877836287
206.877835251
206.877834215
206.877833178
206.877832142
206.877831105
206.877830069
206.877829033
206.877827996
206.87782696
206.877825923
206.877824887
206.877823851
206.877822814
206.877821778
206.877820741
206.877819705
206.877818669
206.877817632
206.877816596
206.877815559
206.877814523
206.877813487
206.87781245
206.877811414
206.877884841
206.877883804
206.877882768
206.877881731
206.877880695
206.877879659
206.877878622
206.877877586
206.877876549
206.877875513
206.877874477
206.87787344
206.877872404
206.877871367
206.877870331
206.877869295
206.877868258
206.877867222
206.877866185
206.877865149
206.877864113
206.877863076
206.87786204
206.877861003
206.877859967
206.877858931
206.877857894
206.877856858
206.877855821
206.877854785
206.877853749
206.877852712
206.877851676
206.877850639
206.877849603
206.877848567
206.87784753
206.877846494
206.877845458
206.877844421
206.877843385
206.877842348
206.877841312
206.877840276
206.877839239
206.877838203
206.877837166
206.87783613
206.877835094
206.877834057
206.877833021
206.877831984
206.877830948
206.877829912
206.877828875
206.877827839
206.877826802
206.877825766
206.87782473
206.877823693
206.877822657
206.87782162
206.877820584
206.877819548
206.877818511
206.877817475
206.877816438
206.877815402
206.877814366
206.877813329
206.877812293
206.877811256
206.87781022
206.877809184
206.877808147
206.877807111
206.877806074
206.877805038
206.877804002
206.877802965
206.877876392
206.877875356
206.877874319
206.877873283
206.877872246
206.87787121
206.877870174
206.877869137
206.877868101
206.877867064
206.877866028
206.877864992
206.877863955
206.877862919
206.877861882
206.877860846
206.87785981
206.877858773
206.877857737
206.8778567
206.877855664
206.877854628
206.877853591
206.877852555
206.877851518
206.877850482
206.877849446
206.877848409
206.877847373
206.877846337
206.8778453
206.877844264
206.877843227
206.877842191
206.877841155
206.877840118
206.877839082
206.877838045
206.877837009
206.877835973
206.877834936
206.8778339
206.877832863
206.877831827
206.877830791
206.877829754
206.877828718
206.877827681
206.877826645
206.877825609
206.877824572
206.877823536
206.877822499
206.877821463
206.877820427
206.87781939
206.877818354
206.877817317
206.877816281
206.877815245
206.877814208
206.877813172
206.877812135
206.877811099
206.877810063
206.877809026
206.87780799
206.877806953
206.877805917
206.877804881
206.877803844
206.877802808
206.877801772
206.877800735
206.877799699
206.877798662
206.877797626
206.87779659
206.877795553
206.877794517
206.877867943
206.877866907
206.877865871
206.877864834
206.877863798
206.877862761
206.877861725
206.877860689
206.877859652
206.877858616
206.877857579
206.877856543
206.877855507
206.87785447
206.877853434
206.877852397
206.877851361
206.877850325
206.877849288
206.877848252
206.877847216
206.877846179
206.877845143
206.877844106
206.87784307
206.877842034
206.877840997
206.877839961
206.877838924
206.877837888
206.877836852
206.877835815
206.877834779
206.877833742
206.877832706
206.87783167
206.877830633
206.877829597
206.87782856
206.877827524
206.877826488
206.877825451
206.877824415
206.877823378
206.877822342
206.877821306
206.877820269
206.877819233
206.877818196
206.87781716
206.877816124
206.877815087
206.877814051
206.877813014
206.877811978
206.877810942
206.877809905
206.877808869
206.877807832
206.877806796
206.87780576
206.877804723
206.877803687
206.877802651
206.877801614
206.877800578
206.877799541
206.877798505
206.877797469
206.877796432
206.877795396
206.877794359
206.877793323
206.877792287
206.87779125
206.877790214
206.877789177
206.877788141
206.877787105
206.877786068
206.877859495
206.877858458
206.877857422
206.877856386
206.877855349
206.877854313
206.877853276
206.87785224
206.877851204
206.877850167
206.877849131
206.877848095
206.877847058
206.877846022
206.877844985
206.877843949
206.877842913
206.877841876
206.87784084
206.877839803
206.877838767
206.877837731
206.877836694
206.877835658
206.877834621
206.877833585
206.877832549
206.877831512
206.877830476
206.877829439
206.877828403
206.877827367
206.87782633
206.877825294
206.877824257
206.877823221
206.877822185
206.877821148
206.877820112
206.877819075
206.877818039
206.877817003
206.877815966
206.87781493
206.877813893
206.877812857
206.877811821
206.877810784
206.877809748
206.877808711
206.877807675
206.877806639
206.877805602
206.877804566
206.87780353
206.877802493
206.877801457
206.87780042
206.877799384
206.877798348
206.877797311
206.877796275
206.877795238
206.877794202
206.877793166
206.877792129
206.877791093
206.877790056
206.87778902
206.877787984
206.877786947
206.877785911
206.877784874
206.877783838
206.877782802
206.877781765
206.877780729
206.877779692
206.877778656
206.87777762
206.877851046
206.87785001
206.877848974
206.877847937
206.877846901
206.877845864
206.877844828
206.877843792
206.877842755
206.877841719
206.877840682
206.877839646
206.87783861
206.877837573
206.877836537
206.8778355
206.877834464
206.877833428
206.877832391
206.877831355
206.877830318
206.877829282
206.877828246
206.877827209
206.877826173
206.877825136
206.8778241
206.877823064
206.877822027
206.877820991
206.877819954
206.877818918
206.877817882
206.877816845
206.877815809
206.877814772
206.877813736
206.8778127
206.877811663
206.877810627
206.87780959
206.877808554
206.877807518
206.877806481
206.877805445
206.877804409
206.877803372
206.877802336
206.877801299
206.877800263
206.877799227
206.87779819
206.877797154
206.877796117
206.877795081
206.877794045
206.877793008
206.877791972
206.877790935
206.877789899
206.877788863
206.877787826
206.87778679
206.877785753
206.877784717
206.877783681
206.877782644
206.877781608
206.877780571
206.877779535
206.877778499
206.877777462
206.877776426
206.877775389
206.877774353
206.877773317
206.87777228
206.877771244
206.877770207
206.877769171
206.877842598
206.877841561
206.877840525
206.877839489
206.877838452
206.877837416
206.877836379
206.877835343
206.877834307
206.87783327
206.877832234
206.877831197
206.877830161
206.877829125
206.877828088
206.877827052
206.877826015
206.877824979
206.877823943
206.877822906
206.87782187
206.877820833
206.877819797
206.877818761
206.877817724
206.877816688
206.877815651
206.877814615
206.877813579
206.877812542
206.877811506
206.877810469
206.877809433
206.877808397
206.87780736
206.877806324
206.877805288
206.877804251
206.877803215
206.877802178
206.877801142
206.877800106
206.877799069
206.877798033
206.877796996
206.87779596
206.877794924
206.877793887
206.877792851
206.877791814
206.877790778
206.877789742
206.877788705
206.877787669
206.877786632
206.877785596
206.87778456
206.877783523
206.877782487
206.87778145
206.877780414
206.877779378
206.877778341
206.877777305
206.877776268
206.877775232
206.877774196
206.877773159
206.877772123
206.877771086
206.87777005
206.877769014
206.877767977
206.877766941
206.877765904
206.877764868
206.877763832
206.877762795
206.877761759
206.877760723
206.877834149
206.877833113
206.877832076
206.87783104
206.877830004
206.877828967
206.877827931
206.877826894
206.877825858
206.877824822
206.877823785
206.877822749
206.877821712
206.877820676
206.87781964
206.877818603
206.877817567
206.87781653
206.877815494
206.877814458
206.877813421
206.877812385
206.877811348
206.877810312
206.877809276
206.877808239
206.877807203
206.877806167
206.87780513
206.877804094
206.877803057
206.877802021
206.877800985
206.877799948
206.877798912
206.877797875
206.877796839
206.877795803
206.877794766
206.87779373
206.877792693
206.877791657
206.877790621
206.877789584
206.877788548
206.877787511
206.877786475
206.877785439
206.877784402
206.877783366
206.877782329
206.877781293
206.877780257
206.87777922
206.877778184
206.877777147
206.877776111
206.877775075
206.877774038
206.877773002
206.877771965
206.877770929
206.877769893
206.877768856
206.87776782
206.877766783
206.877765747
206.877764711
206.877763674
206.877762638
206.877761602
206.877760565
206.877759529
206.877758492
206.877757456
206.87775642
206.877755383
206.877754347
206.87775331
206.877752274
206.877825701
206.877824664
206.877823628
206.877822591
206.877821555
206.877820519
206.877819482
206.877818446
206.877817409
206.877816373
206.877815337
206.8778143
206.877813264
206.877812227
206.877811191
206.877810155
206.877809118
206.877808082
206.877807046
206.877806009
206.877804973
206.877803936
206.8778029
206.877801864
206.877800827
206.877799791
206.877798754
206.877797718
206.877796682
206.877795645
206.877794609
206.877793572
206.877792536
206.8777915
206.877790463
206.877789427
206.87778839
206.877787354
206.877786318
206.877785281
206.877784245
206.877783208
206.877782172
206.877781136
206.877780099
206.877779063
206.877778026
206.87777699
206.877775954
206.877774917
206.877773881
206.877772844
206.877771808
206.877770772
206.877769735
206.877768699
206.877767662
206.877766626
206.87776559
206.877764553
206.877763517
206.877762481
206.877761444
206.877760408
206.877759371
206.877758335
206.877757299
206.877756262
206.877755226
206.877754189
206.877753153
206.877752117
206.87775108
206.877750044
206.877749007
206.877747971
206.877746935
206.877745898
206.877744862
206.877743825
206.877817252
206.877816216
206.877815179
206.877814143
206.877813106
206.87781207
206.877811034
206.877809997
206.877808961
206.877807925
206.877806888
206.877805852
206.877804815
206.877803779
206.877802743
206.877801706
206.87780067
206.877799633
206.877798597
206.877797561
206.877796524
206.877795488
206.877794451
206.877793415
206.877792379
206.877791342
206.877790306
206.877789269
206.877788233
206.877787197
206.87778616
206.877785124
206.877784087
206.877783051
206.877782015
206.877780978
206.877779942
206.877778905
206.877777869
206.877776833
206.877775796
206.87777476
206.877773723
206.877772687
206.877771651
206.877770614
206.877769578
206.877768541
206.877767505
206.877766469
206.877765432
206.877764396
206.87776336
206.877762323
206.877761287
206.87776025
206.877759214
206.877758178
206.877757141
206.877756105
206.877755068
206.877754032
206.877752996
206.877751959
206.877750923
206.877749886
206.87774885
206.877747814
206.877746777
206.877745741
206.877744704
206.877743668
206.877742632
206.877741595
206.877740559
206.877739522
206.877738486
206.87773745
206.877736413
206.877735377
206.877808804
206.877807767
206.877806731
206.877805694
206.877804658
206.877803622
206.877802585
206.877801549
206.877800512
206.877799476
206.87779844
206.877797403
206.877796367
206.87779533
206.877794294
206.877793258
206.877792221
206.877791185
206.877790148
206.877789112
206.877788076
206.877787039
206.877786003
206.877784966
206.87778393
206.877782894
206.877781857
206.877780821
206.877779784
206.877778748
206.877777712
206.877776675
206.877775639
206.877774602
206.877773566
206.87777253
206.877771493
206.877770457
206.87776942
206.877768384
206.877767348
206.877766311
206.877765275
206.877764239
206.877763202
206.877762166
206.877761129
206.877760093
206.877759057
206.87775802
206.877756984
206.877755947
206.877754911
206.877753875
206.877752838
206.877751802
206.877750765
206.877749729
206.877748693
206.877747656
206.87774662
206.877745583
206.877744547
206.877743511
206.877742474
206.877741438
206.877740401
206.877739365
206.877738329
206.877737292
206.877736256
206.877735219
206.877734183
206.877733147
206.87773211
206.877731074
206.877730037
206.877729001
206.877727965
206.877726928
206.877800355
206.877799319
206.877798282
206.877797246
206.877796209
206.877795173
206.877794137
206.8777931
206.877792064
206.877791027
206.877789991
206.877788955
206.877787918
206.877786882
206.877785845
206.877784809
206.877783773
206.877782736
206.8777817
206.877780663
206.877779627
206.877778591
206.877777554
206.877776518
206.877775481
206.877774445
206.877773409
206.877772372
206.877771336
206.877770299
206.877769263
206.877768227
206.87776719
206.877766154
206.877765118
206.877764081
206.877763045
206.877762008
206.877760972
206.877759936
206.877758899
206.877757863
206.877756826
206.87775579
206.877754754
206.877753717
206.877752681
206.877751644
206.877750608
206.877749572
206.877748535
206.877747499
206.877746462
206.877745426
206.87774439
206.877743353
206.877742317
206.87774128
206.877740244
206.877739208
206.877738171
206.877737135
206.877736098
206.877735062
206.877734026
206.877732989
206.877731953
206.877730916
206.87772988
206.877728844
206.877727807
206.877726771
206.877725734
206.877724698
206.877723662
206.877722625
206.877721589
206.877720553
206.877719516
206.87771848
206.877791906
206.87779087
206.877789834
206.877788797
206.877787761
206.877786724
206.877785688
206.877784652
206.877783615
206.877782579
206.877781542
206.877780506
206.87777947
206.877778433
206.877777397
206.87777636
206.877775324
206.877774288
206.877773251
206.877772215
206.877771178
206.877770142
206.877769106
206.877768069
206.877767033
206.877765997
206.87776496
206.877763924
206.877762887
206.877761851
206.877760815
206.877759778
206.877758742
206.877757705
206.877756669
206.877755633
206.877754596
206.87775356
206.877752523
206.877751487
206.877750451
206.877749414
206.877748378
206.877747341
206.877746305
206.877745269
206.877744232
206.877743196
206.877742159
206.877741123
206.877740087
206.87773905
206.877738014
206.877736977
206.877735941
206.877734905
206.877733868
206.877732832
206.877731795
206.877730759
206.877729723
206.877728686
206.87772765
206.877726613
206.877725577
206.877724541
206.877723504
206.877722468
206.877721432
206.877720395
206.877719359
206.877718322
206.877717286
206.87771625
206.877715213
206.877714177
206.87771314
206.877712104
206.877711068
206.877710031
206.877783458
206.877782421
206.877781385
206.877780349
206.877779312
206.877778276
206.877777239
206.877776203
206.877775167
206.87777413
206.877773094
206.877772057
206.877771021
206.877769985
206.877768948
206.877767912
206.877766876
206.877765839
206.877764803
206.877763766
206.87776273
206.877761694
206.877760657
206.877759621
206.877758584
206.877757548
206.877756512
206.877755475
206.877754439
206.877753402
206.877752366
206.87775133
206.877750293
206.877749257
206.87774822
206.877747184
206.877746148
206.877745111
206.877744075
206.877743038
206.877742002
206.877740966
206.877739929
206.877738893
206.877737856
206.87773682
206.877735784
206.877734747
206.877733711
206.877732674
206.877731638
206.877730602
206.877729565
206.877728529
206.877727492
206.877726456
206.87772542
206.877724383
206.877723347
206.877722311
206.877721274
206.877720238
206.877719201
206.877718165
206.877717129
206.877716092
206.877715056
206.877714019
206.877712983
206.877711947
206.87771091
206.877709874
206.877708837
206.877707801
206.877706765
206.877705728
206.877704692
206.877703655
206.877702619
206.877701583
206.877775009
206.877773973
206.877772936
206.8777719
206.877770864
206.877769827
206.877768791
206.877767755
206.877766718
206.877765682
206.877764645
206.877763609
206.877762573
206.877761536
206.8777605
206.877759463
206.877758427
206.877757391
206.877756354
206.877755318
206.877754281
206.877753245
206.877752209
206.877751172
206.877750136
206.877749099
206.877748063
206.877747027
206.87774599
206.877744954
206.877743917
206.877742881
206.877741845
206.877740808
206.877739772
206.877738735
206.877737699
206.877736663
206.877735626
206.87773459
206.877733553
206.877732517
206.877731481
206.877730444
206.877729408
206.877728371
206.877727335
206.877726299
206.877725262
206.877724226
206.87772319
206.877722153
206.877721117
206.87772008
206.877719044
206.877718008
206.877716971
206.877715935
206.877714898
206.877713862
206.877712826
206.877711789
206.877710753
206.877709716
206.87770868
206.877707644
206.877706607
206.877705571
206.877704534
206.877703498
206.877702462
206.877701425
206.877700389
206.877699352
206.877698316
206.87769728
206.877696243
206.877695207
206.87769417
206.877693134
206.877766561
206.877765524
206.877764488
206.877763452
206.877762415
206.877761379
206.877760342
206.877759306
206.87775827
206.877757233
206.877756197
206.87775516
206.877754124
206.877753088
206.877752051
206.877751015
206.877749978
206.877748942
206.877747906
206.877746869
206.877745833
206.877744796
206.87774376
206.877742724
206.877741687
206.877740651
206.877739614
206.877738578
206.877737542
206.877736505
206.877735469
206.877734432
206.877733396
206.87773236
206.877731323
206.877730287
206.87772925
206.877728214
206.877727178
206.877726141
206.877725105
206.877724069
206.877723032
206.877721996
206.877720959
206.877719923
206.877718887
206.87771785
206.877716814
206.877715777
206.877714741
206.877713705
206.877712668
206.877711632
206.877710595
206.877709559
206.877708523
206.877707486
206.87770645
206.877705413
206.877704377
206.877703341
206.877702304
206.877701268
206.877700231
206.877699195
206.877698159
206.877697122
206.877696086
206.877695049
206.877694013
206.877692977
206.87769194
206.877690904
206.877689867
206.877688831
206.877687795
206.877686758
206.877685722
206.877684686
206.877758112
206.877757076
206.877756039
206.877755003
206.877753967
206.87775293
206.877751894
206.877750857
206.877749821
206.877748785
206.877747748
206.877746712
206.877745675
206.877744639
206.877743603
206.877742566
206.87774153
206.877740493
206.877739457
206.877738421
206.877737384
206.877736348
206.877735311
206.877734275
206.877733239
206.877732202
206.877731166
206.877730129
206.877729093
206.877728057
206.87772702
206.877725984
206.877724948
206.877723911
206.877722875
206.877721838
206.877720802
206.877719766
206.877718729
206.877717693
206.877716656
206.87771562
206.877714584
206.877713547
206.877712511
206.877711474
206.877710438
206.877709402
206.877708365
206.877707329
206.877706292
206.877705256
206.87770422
206.877703183
206.877702147
206.87770111
206.877700074
206.877699038
206.877698001
206.877696965
206.877695928
206.877694892
206.877693856
206.877692819
206.877691783
206.877690746
206.87768971
206.877688674
206.877687637
206.877686601
206.877685565
206.877684528
206.877683492
206.877682455
206.877681419
206.877680383
206.877679346
206.87767831
206.877677273
206.877676237
206.877749664
206.877748627
206.877747591
206.877746554
206.877745518
206.877744482
206.877743445
206.877742409
206.877741372
206.877740336
206.8777393
206.877738263
206.877737227
206.87773619
206.877735154
206.877734118
206.877733081
206.877732045
206.877731008
206.877729972
206.877728936
206.877727899
206.877726863
206.877725827
206.87772479
206.877723754
206.877722717
206.877721681
206.877720645
206.877719608
206.877718572
206.877717535
206.877716499
206.877715463
206.877714426
206.87771339
206.877712353
206.877711317
206.877710281
206.877709244
206.877708208
206.877707171
206.877706135
206.877705099
206.877704062
206.877703026
206.877701989
206.877700953
206.877699917
206.87769888
206.877697844
206.877696807
206.877695771
206.877694735
206.877693698
206.877692662
206.877691625
206.877690589
206.877689553
206.877688516
206.87768748
206.877686444
206.877685407
206.877684371
206.877683334
206.877682298
206.877681262
206.877680225
206.877679189
206.877678152
206.877677116
206.87767608
206.877675043
206.877674007
206.87767297
206.877671934
206.877670898
206.877669861
206.877668825
206.877667788
206.877741215
206.877740179
206.877739142
206.877738106
206.877737069
206.877736033
206.877734997
206.87773396
206.877732924
206.877731888
206.877730851
206.877729815
206.877728778
206.877727742
206.877726706
206.877725669
206.877724633
206.877723596
206.87772256
206.877721524
206.877720487
206.877719451
206.877718414
206.877717378
206.877716342
206.877715305
206.877714269
206.877713232
206.877712196
206.87771116
206.877710123
206.877709087
206.87770805
206.877707014
206.877705978
206.877704941
206.877703905
206.877702868
206.877701832
206.877700796
206.877699759
206.877698723
206.877697686
206.87769665
206.877695614
206.877694577
206.877693541
206.877692504
206.877691468
206.877690432
206.877689395
206.877688359
206.877687323
206.877686286
206.87768525
206.877684213
206.877683177
206.877682141
206.877681104
206.877680068
206.877679031
206.877677995
206.877676959
206.877675922
206.877674886
206.877673849
206.877672813
206.877671777
206.87767074
206.877669704
206.877668667
206.877667631
206.877666595
206.877665558
206.877664522
206.877663485
206.877662449
206.877661413
206.877660376
206.87765934
206.877732767
206.87773173
206.877730694
206.877729657
206.877728621
206.877727585
206.877726548
206.877725512
206.877724475
206.877723439
206.877722403
206.877721366
206.87772033
206.877719293
206.877718257
206.877717221
206.877716184
206.877715148
206.877714111
206.877713075
206.877712039
206.877711002
206.877709966
206.877708929
206.877707893
206.877706857
206.87770582
206.877704784
206.877703747
206.877702711
206.877701675
206.877700638
206.877699602
206.877698565
206.877697529
206.877696493
206.877695456
206.87769442
206.877693383
206.877692347
206.877691311
206.877690274
206.877689238
206.877688202
206.877687165
206.877686129
206.877685092
206.877684056
206.87768302
206.877681983
206.877680947
206.87767991
206.877678874
206.877677838
206.877676801
206.877675765
206.877674728
206.877673692
206.877672656
206.877671619
206.877670583
206.877669546
206.87766851
206.877667474
206.877666437
206.877665401
206.877664364
206.877663328
206.877662292
206.877661255
206.877660219
206.877659182
206.877658146
206.87765711
206.877656073
206.877655037
206.877654
206.877652964
206.877651928
206.877650891
206.877724318
206.877723282
206.877722245
206.877721209
206.877720172
206.877719136
206.8777181
206.877717063
206.877716027
206.87771499
206.877713954
206.877712918
206.877711881
206.877710845
206.877709808
206.877708772
206.877707736
206.877706699
206.877705663
206.877704626
206.87770359
206.877702554
206.877701517
206.877700481
206.877699444
206.877698408
206.877697372
206.877696335
206.877695299
206.877694262
206.877693226
206.87769219
206.877691153
206.877690117
206.877689081
206.877688044
206.877687008
206.877685971
206.877684935
206.877683899
206.877682862
206.877681826
206.877680789
206.877679753
206.877678717
206.87767768
206.877676644
206.877675607
206.877674571
206.877673535
206.877672498
206.877671462
206.877670425
206.877669389
206.877668353
206.877667316
206.87766628
206.877665243
206.877664207
206.877663171
206.877662134
206.877661098
206.877660061
206.877659025
206.877657989
206.877656952
206.877655916
206.877654879
206.877653843
206.877652807
206.87765177
206.877650734
206.877649697
206.877648661
206.877647625
206.877646588
206.877645552
206.877644516
206.877643479
206.877642443
206.877715869
206.877714833
206.877713797
206.87771276
206.877711724
206.877710687
206.877709651
206.877708615
206.877707578
206.877706542
206.877705505
206.877704469
206.877703433
206.877702396
206.87770136
206.877700323
206.877699287
206.877698251
206.877697214
206.877696178
206.877695141
206.877694105
206.877693069
206.877692032
206.877690996
206.87768996
206.877688923
206.877687887
206.87768685
206.877685814
206.877684778
206.877683741
206.877682705
206.877681668
206.877680632
206.877679596
206.877678559
206.877677523
206.877676486
206.87767545
206.877674414
206.877673377
206.877672341
206.877671304
206.877670268
206.877669232
206.877668195
206.877667159
206.877666122
206.877665086
206.87766405
206.877663013
206.877661977
206.87766094
206.877659904
206.877658868
206.877657831
206.877656795
206.877655758
206.877654722
206.877653686
206.877652649
206.877651613
206.877650576
206.87764954
206.877648504
206.877647467
206.877646431
206.877645395
206.877644358
206.877643322
206.877642285
206.877641249
206.877640213
206.877639176
206.87763814
206.877637103
206.877636067
206.877635031
206.877633994
206.877707421
206.877706384
206.877705348
206.877704312
206.877703275
206.877702239
206.877701202
206.877700166
206.87769913
206.877698093
206.877697057
206.87769602
206.877694984
206.877693948
206.877692911
206.877691875
206.877690839
206.877689802
206.877688766
206.877687729
206.877686693
206.877685657
206.87768462
206.877683584
206.877682547
206.877681511
206.877680475
206.877679438
206.877678402
206.877677365
206.877676329
206.877675293
206.877674256
206.87767322
206.877672183
206.877671147
206.877670111
206.877669074
206.877668038
206.877667001
206.877665965
206.877664929
206.877663892
206.877662856
206.877661819
206.877660783
206.877659747
206.87765871
206.877657674
206.877656637
206.877655601
206.877654565
206.877653528
206.877652492
206.877651455
206.877650419
206.877649383
206.877648346
206.87764731
206.877646274
206.877645237
206.877644201
206.877643164
206.877642128
206.877641092
206.877640055
206.877639019
206.877637982
206.877636946
206.87763591
206.877634873
206.877633837
206.8776328
206.877631764
206.877630728
206.877629691
206.877628655
206.877627618
206.877626582
206.877625546
206.877698972
206.877697936
206.877696899
206.877695863
206.877694827
206.87769379
206.877692754
206.877691718
206.877690681
206.877689645
206.877688608
206.877687572
206.877686536
206.877685499
206.877684463
206.877683426
206.87768239
206.877681354
206.877680317
206.877679281
206.877678244
206.877677208
206.877676172
206.877675135
206.877674099
206.877673062
206.877672026
206.87767099
206.877669953
206.877668917
206.87766788
206.877666844
206.877665808
206.877664771
206.877663735
206.877662698
206.877661662
206.877660626
206.877659589
206.877658553
206.877657516
206.87765648
206.877655444
206.877654407
206.877653371
206.877652334
206.877651298
206.877650262
206.877649225
206.877648189
206.877647153
206.877646116
206.87764508
206.877644043
206.877643007
206.877641971
206.877640934
206.877639898
206.877638861
206.877637825
206.877636789
206.877635752
206.877634716
206.877633679
206.877632643
206.877631607
206.87763057
206.877629534
206.877628497
206.877627461
206.877626425
206.877625388
206.877624352
206.877623315
206.877622279
206.877621243
206.877620206
206.87761917
206.877618133
206.877617097
206.877690524
206.877689487
206.877688451
206.877687415
206.877686378
206.877685342
206.877684305
206.877683269
206.877682233
206.877681196
206.87768016
206.877679123
206.877678087
206.877677051
206.877676014
206.877674978
206.877673941
206.877672905
206.877671869
206.877670832
206.877669796
206.877668759
206.877667723
206.877666687
206.87766565
206.877664614
206.877663577
206.877662541
206.877661505
206.877660468
206.877659432
206.877658395
206.877657359
206.877656323
206.877655286
206.87765425
206.877653213
206.877652177
206.877651141
206.877650104
206.877649068
206.877648032
206.877646995
206.877645959
206.877644922
206.877643886
206.87764285
206.877641813
206.877640777
206.87763974
206.877638704
206.877637668
206.877636631
206.877635595
206.877634558
206.877633522
206.877632486
206.877631449
206.877630413
206.877629376
206.87762834
206.877627304
206.877626267
206.877625231
206.877624194
206.877623158
206.877622122
206.877621085
206.877620049
206.877619012
206.877617976
206.87761694
206.877615903
206.877614867
206.87761383
206.877612794
206.877611758
206.877610721
206.877609685
206.877608648
206.877682075
206.877681039
206.877680002
206.877678966
206.87767793
206.877676893
206.877675857
206.87767482
206.877673784
206.877672748
206.877671711
206.877670675
206.877669638
206.877668602
206.877667566
206.877666529
206.877665493
206.877664456
206.87766342
206.877662384
206.877661347
206.877660311
206.877659274
206.877658238
206.877657202
206.877656165
206.877655129
206.877654092
206.877653056
206.87765202
206.877650983
206.877649947
206.877648911
206.877647874
206.877646838
206.877645801
206.877644765
206.877643729
206.877642692
206.877641656
206.877640619
206.877639583
206.877638547
206.87763751
206.877636474
206.877635437
206.877634401
206.877633365
206.877632328
206.877631292
206.877630255
206.877629219
206.877628183
206.877627146
206.87762611
206.877625073
206.877624037
206.877623001
206.877621964
206.877620928
206.877619891
206.877618855
206.877617819
206.877616782
206.877615746
206.877614709
206.877613673
206.877612637
206.8776116
206.877610564
206.877609527
206.877608491
206.877607455
206.877606418
206.877605382
206.877604346
206.877603309
206.877602273
206.877601236
206.8776002
206.877673627
206.87767259
206.877671554
206.877670517
206.877669481
206.877668445
206.877667408
206.877666372
206.877665335
206.877664299
206.877663263
206.877662226
206.87766119
206.877660153
206.877659117
206.877658081
206.877657044
206.877656008
206.877654971
206.877653935
206.877652899
206.877651862
206.877650826
206.87764979
206.877648753
206.877647717
206.87764668
206.877645644
206.877644608
206.877643571
206.877642535
206.877641498
206.877640462
206.877639426
206.877638389
206.877637353
206.877636316
206.87763528
206.877634244
206.877633207
206.877632171
206.877631134
206.877630098
206.877629062
206.877628025
206.877626989
206.877625952
206.877624916
206.87762388
206.877622843
206.877621807
206.87762077
206.877619734
206.877618698
206.877617661
206.877616625
206.877615588
206.877614552
206.877613516
206.877612479
206.877611443
206.877610406
206.87760937
206.877608334
206.877607297
206.877606261
206.877605225
206.877604188
206.877603152
206.877602115
206.877601079
206.877600043
206.877599006
206.87759797
206.877596933
206.877595897
206.877594861
206.877593824
206.877592788
206.877591751
206.877665178
206.877664142
206.877663105
206.877662069
206.877661032
206.877659996
206.87765896
206.877657923
206.877656887
206.87765585
206.877654814
206.877653778
206.877652741
206.877651705
206.877650669
206.877649632
206.877648596
206.877647559
206.877646523
206.877645487
206.87764445
206.877643414
206.877642377
206.877641341
206.877640305
206.877639268
206.877638232
206.877637195
206.877636159
206.877635123
206.877634086
206.87763305
206.877632013
206.877630977
206.877629941
206.877628904
206.877627868
206.877626831
206.877625795
206.877624759
206.877623722
206.877622686
206.877621649
206.877620613
206.877619577
206.87761854
206.877617504
206.877616467
206.877615431
206.877614395
206.877613358
206.877612322
206.877611285
206.877610249
206.877609213
206.877608176
206.87760714
206.877606104
206.877605067
206.877604031
206.877602994
206.877601958
206.877600922
206.877599885
206.877598849
206.877597812
206.877596776
206.87759574
206.877594703
206.877593667
206.87759263
206.877591594
206.877590558
206.877589521
206.877588485
206.877587448
206.877586412
206.877585376
206.877584339
206.877583303
206.877656729
206.877655693
206.877654657
206.87765362
206.877652584
206.877651548
206.877650511
206.877649475
206.877648438
206.877647402
206.877646366
206.877645329
206.877644293
206.877643256
206.87764222
206.877641184
206.877640147
206.877639111
206.877638074
206.877637038
206.877636002
206.877634965
206.877633929
206.877632892
206.877631856
206.87763082
206.877629783
206.877628747
206.87762771
206.877626674
206.877625638
206.877624601
206.877623565
206.877622528
206.877621492
206.877620456
206.877619419
206.877618383
206.877617346
206.87761631
206.877615274
206.877614237
206.877613201
206.877612164
206.877611128
206.877610092
206.877609055
206.877608019
206.877606983
206.877605946
206.87760491
206.877603873
206.877602837
206.877601801
206.877600764
206.877599728
206.877598691
206.877597655
206.877596619
206.877595582
206.877594546
206.877593509
206.877592473
206.877591437
206.8775904
206.877589364
206.877588327
206.877587291
206.877586255
206.877585218
206.877584182
206.877583145
206.877582109
206.877581073
206.877580036
206.877579
206.877577963
206.877576927
206.877575891
206.877574854
206.877648281
206.877647245
206.877646208
206.877645172
206.877644135
206.877643099
206.877642063
206.877641026
206.87763999
206.877638953
206.877637917
206.877636881
206.877635844
206.877634808
206.877633771
206.877632735
206.877631699
206.877630662
206.877629626
206.877628589
206.877627553
206.877626517
206.87762548
206.877624444
206.877623407
206.877622371
206.877621335
206.877620298
206.877619262
206.877618225
206.877617189
206.877616153
206.877615116
206.87761408
206.877613043
206.877612007
206.877610971
206.877609934
206.877608898
206.877607862
206.877606825
206.877605789
206.877604752
206.877603716
206.87760268
206.877601643
206.877600607
206.87759957
206.877598534
206.877597498
206.877596461
206.877595425
206.877594388
206.877593352
206.877592316
206.877591279
206.877590243
206.877589206
206.87758817
206.877587134
206.877586097
206.877585061
206.877584024
206.877582988
206.877581952
206.877580915
206.877579879
206.877578842
206.877577806
206.87757677
206.877575733
206.877574697
206.87757366
206.877572624
206.877571588
206.877570551
206.877569515
206.877568478
206.877567442
206.877566406
206.877639832
206.877638796
206.87763776
206.877636723
206.877635687
206.87763465
206.877633614
206.877632578
206.877631541
206.877630505
206.877629468
206.877628432
206.877627396
206.877626359
206.877625323
206.877624286
206.87762325
206.877622214
206.877621177
206.877620141
206.877619104
206.877618068
206.877617032
206.877615995
206.877614959
206.877613922
206.877612886
206.87761185
206.877610813
206.877609777
206.877608741
206.877607704
206.877606668
206.877605631
206.877604595
206.877603559
206.877602522
206.877601486
206.877600449
206.877599413
206.877598377
206.87759734
206.877596304
206.877595267
206.877594231
206.877593195
206.877592158
206.877591122
206.877590085
206.877589049
206.877588013
206.877586976
206.87758594
206.877584903
206.877583867
206.877582831
206.877581794
206.877580758
206.877579721
206.877578685
206.877577649
206.877576612
206.877575576
206.877574539
206.877573503
206.877572467
206.87757143
206.877570394
206.877569357
206.877568321
206.877567285
206.877566248
206.877565212
206.877564176
206.877563139
206.877562103
206.877561066
206.87756003
206.877558994
206.877557957
206.877631384
206.877630347
206.877629311
206.877628275
206.877627238
206.877626202
206.877625165
206.877624129
206.877623093
206.877622056
206.87762102
206.877619983
206.877618947
206.877617911
206.877616874
206.877615838
206.877614801
206.877613765
206.877612729
206.877611692
206.877610656
206.87760962
206.877608583
206.877607547
206.87760651
206.877605474
206.877604438
206.877603401
206.877602365
206.877601328
206.877600292
206.877599256
206.877598219
206.877597183
206.877596146
206.87759511
206.877594074
206.877593037
206.877592001
206.877590964
206.877589928
206.877588892
206.877587855
206.877586819
206.877585782
206.877584746
206.87758371
206.877582673
206.877581637
206.8775806
206.877579564
206.877578528
206.877577491
206.877576455
206.877575418
206.877574382
206.877573346
206.877572309
206.877571273
206.877570236
206.8775692
206.877568164
206.877567127
206.877566091
206.877565055
206.877564018
206.877562982
206.877561945
206.877560909
206.877559873
206.877558836
206.8775578
206.877556763
206.877555727
206.877554691
206.877553654
206.877552618
206.877551581
206.877550545
206.877549509
206.877622935
206.877621899
206.877620862
206.877619826
206.87761879
206.877617753
206.877616717
206.87761568
206.877614644
206.877613608
206.877612571
206.877611535
206.877610499
206.877609462
206.877608426
206.877607389
206.877606353
206.877605317
206.87760428
206.877603244
206.877602207
206.877601171
206.877600135
206.877599098
206.877598062
206.877597025
206.877595989
206.877594953
206.877593916
206.87759288
206.877591843
206.877590807
206.877589771
206.877588734
206.877587698
206.877586661
206.877585625
206.877584589
206.877583552
206.877582516
206.877581479
206.877580443
206.877579407
206.87757837
206.877577334
206.877576297
206.877575261
206.877574225
206.877573188
206.877572152
206.877571115
206.877570079
206.877569043
206.877568006
206.87756697
206.877565934
206.877564897
206.877563861
206.877562824
206.877561788
206.877560752
206.877559715
206.877558679
206.877557642
206.877556606
206.87755557
206.877554533
206.877553497
206.87755246
206.877551424
206.877550388
206.877549351
206.877548315
206.877547278
206.877546242
206.877545206
206.877544169
206.877543133
206.877542096
206.87754106
206.877614487
206.87761345
206.877612414
206.877611378
206.877610341
206.877609305
206.877608268
206.877607232
206.877606196
206.877605159
206.877604123
206.877603086
206.87760205
206.877601014
206.877599977
206.877598941
206.877597904
206.877596868
206.877595832
206.877594795
206.877593759
206.877592722
206.877591686
206.87759065
206.877589613
206.877588577
206.87758754
206.877586504
206.877585468
206.877584431
206.877583395
206.877582358
206.877581322
206.877580286
206.877579249
206.877578213
206.877577176
206.87757614
206.877575104
206.877574067
206.877573031
206.877571994
206.877570958
206.877569922
206.877568885
206.877567849
206.877566813
206.877565776
206.87756474
206.877563703
206.877562667
206.877561631
206.877560594
206.877559558
206.877558521
206.877557485
206.877556449
206.877555412
206.877554376
206.877553339
206.877552303
206.877551267
206.87755023
206.877549194
206.877548157
206.877547121
206.877546085
206.877545048
206.877544012
206.877542975
206.877541939
206.877540903
206.877539866
206.87753883
206.877537793
206.877536757
206.877535721
206.877534684
206.877533648
206.877532611
206.877606038
206.877605002
206.877603965
206.877602929
206.877601893
206.877600856
206.87759982
206.877598783
206.877597747
206.877596711
206.877595674
206.877594638
206.877593601
206.877592565
206.877591529
206.877590492
206.877589456
206.877588419
206.877587383
206.877586347
206.87758531
206.877584274
206.877583237
206.877582201
206.877581165
206.877580128
206.877579092
206.877578055
206.877577019
206.877575983
206.877574946
206.87757391
206.877572873
206.877571837
206.877570801
206.877569764
206.877568728
206.877567692
206.877566655
206.877565619
206.877564582
206.877563546
206.87756251
206.877561473
206.877560437
206.8775594
206.877558364
206.877557328
206.877556291
206.877555255
206.877554218
206.877553182
206.877552146
206.877551109
206.877550073
206.877549036
206.877548
206.877546964
206.877545927
206.877544891
206.877543854
206.877542818
206.877541782
206.877540745
206.877539709
206.877538672
206.877537636
206.8775366
206.877535563
206.877534527
206.87753349
206.877532454
206.877531418
206.877530381
206.877529345
206.877528308
206.877527272
206.877526236
206.877525199
206.877524163
206.87759759
206.877596553
206.877595517
206.87759448
206.877593444
206.877592408
206.877591371
206.877590335
206.877589298
206.877588262
206.877587226
206.877586189
206.877585153
206.877584116
206.87758308
206.877582044
206.877581007
206.877579971
206.877578934
206.877577898
206.877576862
206.877575825
206.877574789
206.877573752
206.877572716
206.87757168
206.877570643
206.877569607
206.877568571
206.877567534
206.877566498
206.877565461
206.877564425
206.877563389
206.877562352
206.877561316
206.877560279
206.877559243
206.877558207
206.87755717
206.877556134
206.877555097
206.877554061
206.877553025
206.877551988
206.877550952
206.877549915
206.877548879
206.877547843
206.877546806
206.87754577
206.877544733
206.877543697
206.877542661
206.877541624
206.877540588
206.877539551
206.877538515
206.877537479
206.877536442
206.877535406
206.877534369
206.877533333
206.877532297
206.87753126
206.877530224
206.877529187
206.877528151
206.877527115
206.877526078
206.877525042
206.877524006
206.877522969
206.877521933
206.877520896
206.87751986
206.877518824
206.877517787
206.877516751
206.877515714
206.877589141
206.877588105
206.877587068
206.877586032
206.877584995
206.877583959
206.877582923
206.877581886
206.87758085
206.877579813
206.877578777
206.877577741
206.877576704
206.877575668
206.877574631
206.877573595
206.877572559
206.877571522
206.877570486
206.87756945
206.877568413
206.877567377
206.87756634
206.877565304
206.877564268
206.877563231
206.877562195
206.877561158
206.877560122
206.877559086
206.877558049
206.877557013
206.877555976
206.87755494
206.877553904
206.877552867
206.877551831
206.877550794
206.877549758
206.877548722
206.877547685
206.877546649
206.877545612
206.877544576
206.87754354
206.877542503
206.877541467
206.87754043
206.877539394
206.877538358
206.877537321
206.877536285
206.877535248
206.877534212
206.877533176
206.877532139
206.877531103
206.877530066
206.87752903
206.877527994
206.877526957
206.877525921
206.877524885
206.877523848
206.877522812
206.877521775
206.877520739
206.877519703
206.877518666
206.87751763
206.877516593
206.877515557
206.877514521
206.877513484
206.877512448
206.877511411
206.877510375
206.877509339
206.877508302
206.877507266
206.877580692
206.877579656
206.87757862
206.877577583
206.877576547
206.87757551
206.877574474
206.877573438
206.877572401
206.877571365
206.877570329
206.877569292
206.877568256
206.877567219
206.877566183
206.877565147
206.87756411
206.877563074
206.877562037
206.877561001
206.877559965
206.877558928
206.877557892
206.877556855
206.877555819
206.877554783
206.877553746
206.87755271
206.877551673
206.877550637
206.877549601
206.877548564
206.877547528
206.877546491
206.877545455
206.877544419
206.877543382
206.877542346
206.877541309
206.877540273
206.877539237
206.8775382
206.877537164
206.877536127
206.877535091
206.877534055
206.877533018
206.877531982
206.877530945
206.877529909
206.877528873
206.877527836
206.8775268
206.877525764
206.877524727
206.877523691
206.877522654
206.877521618
206.877520582
206.877519545
206.877518509
206.877517472
206.877516436
206.8775154
206.877514363
206.877513327
206.87751229
206.877511254
206.877510218
206.877509181
206.877508145
206.877507108
206.877506072
206.877505036
206.877503999
206.877502963
206.877501926
206.87750089
206.877499854
206.877498817
206.877572244
206.877571208
206.877570171
206.877569135
206.877568098
206.877567062
206.877566026
206.877564989
206.877563953
206.877562916
206.87756188
206.877560844
206.877559807
206.877558771
206.877557734
206.877556698
206.877555662
206.877554625
206.877553589
206.877552552
206.877551516
206.87755048
206.877549443
206.877548407
206.87754737
206.877546334
206.877545298
206.877544261
206.877543225
206.877542188
206.877541152
206.877540116
206.877539079
206.877538043
206.877537006
206.87753597
206.877534934
206.877533897
206.877532861
206.877531824
206.877530788
206.877529752
206.877528715
206.877527679
206.877526643
206.877525606
206.87752457
206.877523533
206.877522497
206.877521461
206.877520424
206.877519388
206.877518351
206.877517315
206.877516279
206.877515242
206.877514206
206.877513169
206.877512133
206.877511097
206.87751006
206.877509024
206.877507987
206.877506951
206.877505915
206.877504878
206.877503842
206.877502805
206.877501769
206.877500733
206.877499696
206.87749866
206.877497623
206.877496587
206.877495551
206.877494514
206.877493478
206.877492441
206.877491405
206.877490369
206.877563795
206.877562759
206.877561723
206.877560686
206.87755965
206.877558613
206.877557577
206.877556541
206.877555504
206.877554468
206.877553431
206.877552395
206.877551359
206.877550322
206.877549286
206.877548249
206.877547213
206.877546177
206.87754514
206.877544104
206.877543067
206.877542031
206.877540995
206.877539958
206.877538922
206.877537885
206.877536849
206.877535813
206.877534776
206.87753374
206.877532703
206.877531667
206.877530631
206.877529594
206.877528558
206.877527522
206.877526485
206.877525449
206.877524412
206.877523376
206.87752234
206.877521303
206.877520267
206.87751923
206.877518194
206.877517158
206.877516121
206.877515085
206.877514048
206.877513012
206.877511976
206.877510939
206.877509903
206.877508866
206.87750783
206.877506794
206.877505757
206.877504721
206.877503684
206.877502648
206.877501612
206.877500575
206.877499539
206.877498502
206.877497466
206.87749643
206.877495393
206.877494357
206.87749332
206.877492284
206.877491248
206.877490211
206.877489175
206.877488138
206.877487102
206.877486066
206.877485029
206.877483993
206.877482957
206.87748192
206.877555347
206.87755431
206.877553274
206.877552238
206.877551201
206.877550165
206.877549128
206.877548092
206.877547056
206.877546019
206.877544983
206.877543946
206.87754291
206.877541874
206.877540837
206.877539801
206.877538764
206.877537728
206.877536692
206.877535655
206.877534619
206.877533582
206.877532546
206.87753151
206.877530473
206.877529437
206.877528401
206.877527364
206.877526328
206.877525291
206.877524255
206.877523219
206.877522182
206.877521146
206.877520109
206.877519073
206.877518037
206.877517
206.877515964
206.877514927
206.877513891
206.877512855
206.877511818
206.877510782
206.877509745
206.877508709
206.877507673
206.877506636
206.8775056
206.877504563
206.877503527
206.877502491
206.877501454
206.877500418
206.877499381
206.877498345
206.877497309
206.877496272
206.877495236
206.877494199
206.877493163
206.877492127
206.87749109
206.877490054
206.877489017
206.877487981
206.877486945
206.877485908
206.877484872
206.877483836
206.877482799
206.877481763
206.877480726
206.87747969
206.877478654
206.877477617
206.877476581
206.877475544
206.877474508
206.877473472
206.877546898
206.877545862
206.877544825
206.877543789
206.877542753
206.877541716
206.87754068
206.877539643
206.877538607
206.877537571
206.877536534
206.877535498
206.877534461
206.877533425
206.877532389
206.877531352
206.877530316
206.87752928
206.877528243
206.877527207
206.87752617
206.877525134
206.877524098
206.877523061
206.877522025
206.877520988
206.877519952
206.877518916
206.877517879
206.877516843
206.877515806
206.87751477
206.877513734
206.877512697
206.877511661
206.877510624
206.877509588
206.877508552
206.877507515
206.877506479
206.877505442
206.877504406
206.87750337
206.877502333
206.877501297
206.87750026
206.877499224
206.877498188
206.877497151
206.877496115
206.877495078
206.877494042
206.877493006
206.877491969
206.877490933
206.877489896
206.87748886
206.877487824
206.877486787
206.877485751
206.877484715
206.877483678
206.877482642
206.877481605
206.877480569
206.877479533
206.877478496
206.87747746
206.877476423
206.877475387
206.877474351
206.877473314
206.877472278
206.877471241
206.877470205
206.877469169
206.877468132
206.877467096
206.877466059
206.877465023
206.87753845
206.877537413
206.877536377
206.87753534
206.877534304
206.877533268
206.877532231
206.877531195
206.877530159
206.877529122
206.877528086
206.877527049
206.877526013
206.877524977
206.87752394
206.877522904
206.877521867
206.877520831
206.877519795
206.877518758
206.877517722
206.877516685
206.877515649
206.877514613
206.877513576
206.87751254
206.877511503
206.877510467
206.877509431
206.877508394
206.877507358
206.877506321
206.877505285
206.877504249
206.877503212
206.877502176
206.877501139
206.877500103
206.877499067
206.87749803
206.877496994
206.877495957
206.877494921
206.877493885
206.877492848
206.877491812
206.877490775
206.877489739
206.877488703
206.877487666
206.87748663
206.877485594
206.877484557
206.877483521
206.877482484
206.877481448
206.877480412
206.877479375
206.877478339
206.877477302
206.877476266
206.87747523
206.877474193
206.877473157
206.87747212
206.877471084
206.877470048
206.877469011
206.877467975
206.877466938
206.877465902
206.877464866
206.877463829
206.877462793
206.877461756
206.87746072
206.877459684
206.877458647
206.877457611
206.877456574
206.877530001
206.877528965
206.877527928
206.877526892
206.877525856
206.877524819
206.877523783
206.877522746
206.87752171
206.877520674
206.877519637
206.877518601
206.877517564
206.877516528
206.877515492
206.877514455
206.877513419
206.877512382
206.877511346
206.87751031
206.877509273
206.877508237
206.8775072
206.877506164
206.877505128
206.877504091
206.877503055
206.877502018
206.877500982
206.877499946
206.877498909
206.877497873
206.877496836
206.8774958
206.877494764
206.877493727
206.877492691
206.877491654
206.877490618
206.877489582
206.877488545
206.877487509
206.877486473
206.877485436
206.8774844
206.877483363
206.877482327
206.877481291
206.877480254
206.877479218
206.877478181
206.877477145
206.877476109
206.877475072
206.877474036
206.877472999
206.877471963
206.877470927
206.87746989
206.877468854
206.877467817
206.877466781
206.877465745
206.877464708
206.877463672
206.877462635
206.877461599
206.877460563
206.877459526
206.87745849
206.877457453
206.877456417
206.877455381
206.877454344
206.877453308
206.877452271
206.877451235
206.877450199
206.877449162
206.877448126
206.877521553
206.877520516
206.87751948
206.877518443
206.877517407
206.877516371
206.877515334
206.877514298
206.877513261
206.877512225
206.877511189
206.877510152
206.877509116
206.877508079
206.877507043
206.877506007
206.87750497
206.877503934
206.877502897
206.877501861
206.877500825
206.877499788
206.877498752
206.877497715
206.877496679
206.877495643
206.877494606
206.87749357
206.877492533
206.877491497
206.877490461
206.877489424
206.877488388
206.877487352
206.877486315
206.877485279
206.877484242
206.877483206
206.87748217
206.877481133
206.877480097
206.87747906
206.877478024
206.877476988
206.877475951
206.877474915
206.877473878
206.877472842
206.877471806
206.877470769
206.877469733
206.877468696
206.87746766
206.877466624
206.877465587
206.877464551
206.877463514
206.877462478
206.877461442
206.877460405
206.877459369
206.877458332
206.877457296
206.87745626
206.877455223
206.877454187
206.87745315
206.877452114
206.877451078
206.877450041
206.877449005
206.877447969
206.877446932
206.877445896
206.877444859
206.877443823
206.877442787
206.87744175
206.877440714
206.877439677
206.877513104
206.877512068
206.877511031
206.877509995
206.877508958
206.877507922
206.877506886
206.877505849
206.877504813
206.877503776
206.87750274
206.877501704
206.877500667
206.877499631
206.877498594
206.877497558
206.877496522
206.877495485
206.877494449
206.877493412
206.877492376
206.87749134
206.877490303
206.877489267
206.877488231
206.877487194
206.877486158
206.877485121
206.877484085
206.877483049
206.877482012
206.877480976
206.877479939
206.877478903
206.877477867
206.87747683
206.877475794
206.877474757
206.877473721
206.877472685
206.877471648
206.877470612
206.877469575
206.877468539
206.877467503
206.877466466
206.87746543
206.877464393
206.877463357
206.877462321
206.877461284
206.877460248
206.877459211
206.877458175
206.877457139
206.877456102
206.877455066
206.877454029
206.877452993
206.877451957
206.87745092
206.877449884
206.877448848
206.877447811
206.877446775
206.877445738
206.877444702
206.877443666
206.877442629
206.877441593
206.877440556
206.87743952
206.877438484
206.877437447
206.877436411
206.877435374
206.877434338
206.877433302
206.877432265
206.877431229
206.877504655
206.877503619
206.877502583
206.877501546
206.87750051
206.877499473
206.877498437
206.877497401
206.877496364
206.877495328
206.877494291
206.877493255
206.877492219
206.877491182
206.877490146
206.87748911
206.877488073
206.877487037
206.877486
206.877484964
206.877483928
206.877482891
206.877481855
206.877480818
206.877479782
206.877478746
206.877477709
206.877476673
206.877475636
206.8774746
206.877473564
206.877472527
206.877471491
206.877470454
206.877469418
206.877468382
206.877467345
206.877466309
206.877465272
206.877464236
206.8774632
206.877462163
206.877461127
206.87746009
206.877459054
206.877458018
206.877456981
206.877455945
206.877454908
206.877453872
206.877452836
206.877451799
206.877450763
206.877449727
206.87744869
206.877447654
206.877446617
206.877445581
206.877444545
206.877443508
206.877442472
206.877441435
206.877440399
206.877439363
206.877438326
206.87743729
206.877436253
206.877435217
206.877434181
206.877433144
206.877432108
206.877431071
206.877430035
206.877428999
206.877427962
206.877426926
206.877425889
206.877424853
206.877423817
206.87742278
206.877496207
206.87749517
206.877494134
206.877493098
206.877492061
206.877491025
206.877489989
206.877488952
206.877487916
206.877486879
206.877485843
206.877484807
206.87748377
206.877482734
206.877481697
206.877480661
206.877479625
206.877478588
206.877477552
206.877476515
206.877475479
206.877474443
206.877473406
206.87747237
206.877471333
206.877470297
206.877469261
206.877468224
206.877467188
206.877466151
206.877465115
206.877464079
206.877463042
206.877462006
206.877460969
206.877459933
206.877458897
206.87745786
206.877456824
206.877455787
206.877454751
206.877453715
206.877452678
206.877451642
206.877450606
206.877449569
206.877448533
206.877447496
206.87744646
206.877445424
206.877444387
206.877443351
206.877442314
206.877441278
206.877440242
206.877439205
206.877438169
206.877437132
206.877436096
206.87743506
206.877434023
206.877432987
206.87743195
206.877430914
206.877429878
206.877428841
206.877427805
206.877426768
206.877425732
206.877424696
206.877423659
206.877422623
206.877421586
206.87742055
206.877419514
206.877418477
206.877417441
206.877416404
206.877415368
206.877414332
206.877487758
206.877486722
206.877485686
206.877484649
206.877483613
206.877482576
206.87748154
206.877480504
206.877479467
206.877478431
206.877477394
206.877476358
206.877475322
206.877474285
206.877473249
206.877472212
206.877471176
206.87747014
206.877469103
206.877468067
206.87746703
206.877465994
206.877464958
206.877463921
206.877462885
206.877461848
206.877460812
206.877459776
206.877458739
206.877457703
206.877456666
206.87745563
206.877454594
206.877453557
206.877452521
206.877451485
206.877450448
206.877449412
206.877448375
206.877447339
206.877446303
206.877445266
206.87744423
206.877443193
206.877442157
206.877441121
206.877440084
206.877439048
206.877438011
206.877436975
206.877435939
206.877434902
206.877433866
206.877432829
206.877431793
206.877430757
206.87742972
206.877428684
206.877427647
206.877426611
206.877425575
206.877424538
206.877423502
206.877422465
206.877421429
206.877420393
206.877419356
206.87741832
206.877417283
206.877416247
206.877415211
206.877414174
206.877413138
206.877412101
206.877411065
206.877410029
206.877408992
206.877407956
206.87740692
206.877405883
206.87747931
206.877478273
206.877477237
206.877476201
206.877475164
206.877474128
206.877473091
206.877472055
206.877471019
206.877469982
206.877468946
206.877467909
206.877466873
206.877465837
206.8774648
206.877463764
206.877462727
206.877461691
206.877460655
206.877459618
206.877458582
206.877457545
206.877456509
206.877455473
206.877454436
206.8774534
206.877452364
206.877451327
206.877450291
206.877449254
206.877448218
206.877447182
206.877446145
206.877445109
206.877444072
206.877443036
206.877442
206.877440963
206.877439927
206.87743889
206.877437854
206.877436818
206.877435781
206.877434745
206.877433708
206.877432672
206.877431636
206.877430599
206.877429563
206.877428526
206.87742749
206.877426454
206.877425417
206.877424381
206.877423344
206.877422308
206.877421272
206.877420235
206.877419199
206.877418162
206.877417126
206.87741609
206.877415053
206.877414017
206.87741298
206.877411944
206.877410908
206.877409871
206.877408835
206.877407799
206.877406762
206.877405726
206.877404689
206.877403653
206.877402617
206.87740158
206.877400544
206.877399507
206.877398471
206.877397435
206.877470861
206.877469825
206.877468788
206.877467752
206.877466716
206.877465679
206.877464643
206.877463606
206.87746257
206.877461534
206.877460497
206.877459461
206.877458424
206.877457388
206.877456352
206.877455315
206.877454279
206.877453243
206.877452206
206.87745117
206.877450133
206.877449097
206.877448061
206.877447024
206.877445988
206.877444951
206.877443915
206.877442879
206.877441842
206.877440806
206.877439769
206.877438733
206.877437697
206.87743666
206.877435624
206.877434587
206.877433551
206.877432515
206.877431478
206.877430442
206.877429405
206.877428369
206.877427333
206.877426296
206.87742526
206.877424223
206.877423187
206.877422151
206.877421114
206.877420078
206.877419041
206.877418005
206.877416969
206.877415932
206.877414896
206.877413859
206.877412823
206.877411787
206.87741075
206.877409714
206.877408678
206.877407641
206.877406605
206.877405568
206.877404532
206.877403496
206.877402459
206.877401423
206.877400386
206.87739935
206.877398314
206.877397277
206.877396241
206.877395204
206.877394168
206.877393132
206.877392095
206.877391059
206.877390022
206.877388986
206.877462413
206.877461376
206.87746034
206.877459303
206.877458267
206.877457231
206.877456194
206.877455158
206.877454122
206.877453085
206.877452049
206.877451012
206.877449976
206.87744894
206.877447903
206.877446867
206.87744583
206.877444794
206.877443758
206.877442721
206.877441685
206.877440648
206.877439612
206.877438576
206.877437539
206.877436503
206.877435466
206.87743443
206.877433394
206.877432357
206.877431321
206.877430284
206.877429248
206.877428212
206.877427175
206.877426139
206.877425102
206.877424066
206.87742303
206.877421993
206.877420957
206.87741992
206.877418884
206.877417848
206.877416811
206.877415775
206.877414738
206.877413702
206.877412666
206.877411629
206.877410593
206.877409557
206.87740852
206.877407484
206.877406447
206.877405411
206.877404375
206.877403338
206.877402302
206.877401265
206.877400229
206.877399193
206.877398156
206.87739712
206.877396083
206.877395047
206.877394011
206.877392974
206.877391938
206.877390901
206.877389865
206.877388829
206.877387792
206.877386756
206.877385719
206.877384683
206.877383647
206.87738261
206.877381574
206.877380537
206.877453964
206.877452928
206.877451891
206.877450855
206.877449819
206.877448782
206.877447746
206.877446709
206.877445673
206.877444637
206.8774436
206.877442564
206.877441527
206.877440491
206.877439455
206.877438418
206.877437382
206.877436345
206.877435309
206.877434273
206.877433236
206.8774322
206.877431163
206.877430127
206.877429091
206.877428054
206.877427018
206.877425981
206.877424945
206.877423909
206.877422872
206.877421836
206.877420799
206.877419763
206.877418727
206.87741769
206.877416654
206.877415617
206.877414581
206.877413545
206.877412508
206.877411472
206.877410436
206.877409399
206.877408363
206.877407326
206.87740629
206.877405254
206.877404217
206.877403181
206.877402144
206.877401108
206.877400072
206.877399035
206.877397999
206.877396962
206.877395926
206.87739489
206.877393853
206.877392817
206.87739178
206.877390744
206.877389708
206.877388671
206.877387635
206.877386598
206.877385562
206.877384526
206.877383489
206.877382453
206.877381416
206.87738038
206.877379344
206.877378307
206.877377271
206.877376234
206.877375198
206.877374162
206.877373125
206.877372089
206.877445516
206.877444479
206.877443443
206.877442406
206.87744137
206.877440334
206.877439297
206.877438261
206.877437224
206.877436188
206.877435152
206.877434115
206.877433079
206.877432042
206.877431006
206.87742997
206.877428933
206.877427897
206.87742686
206.877425824
206.877424788
206.877423751
206.877422715
206.877421678
206.877420642
206.877419606
206.877418569
206.877417533
206.877416496
206.87741546
206.877414424
206.877413387
206.877412351
206.877411315
206.877410278
206.877409242
206.877408205
206.877407169
206.877406133
206.877405096
206.87740406
206.877403023
206.877401987
206.877400951
206.877399914
206.877398878
206.877397841
206.877396805
206.877395769
206.877394732
206.877393696
206.877392659
206.877391623
206.877390587
206.87738955
206.877388514
206.877387477
206.877386441
206.877385405
206.877384368
206.877383332
206.877382295
206.877381259
206.877380223
206.877379186
206.87737815
206.877377113
206.877376077
206.877375041
206.877374004
206.877372968
206.877371931
206.877370895
206.877369859
206.877368822
206.877367786
206.87736675
206.877365713
206.877364677
206.87736364
206.877437067
206.877436031
206.877434994
206.877433958
206.877432921
206.877431885
206.877430849
206.877429812
206.877428776
206.877427739
206.877426703
206.877425667
206.87742463
206.877423594
206.877422557
206.877421521
206.877420485
206.877419448
206.877418412
206.877417375
206.877416339
206.877415303
206.877414266
206.87741323
206.877412194
206.877411157
206.877410121
206.877409084
206.877408048
206.877407012
206.877405975
206.877404939
206.877403902
206.877402866
206.87740183
206.877400793
206.877399757
206.87739872
206.877397684
206.877396648
206.877395611
206.877394575
206.877393538
206.877392502
206.877391466
206.877390429
206.877389393
206.877388356
206.87738732
206.877386284
206.877385247
206.877384211
206.877383174
206.877382138
206.877381102
206.877380065
206.877379029
206.877377992
206.877376956
206.87737592
206.877374883
206.877373847
206.87737281
206.877371774
206.877370738
206.877369701
206.877368665
206.877367629
206.877366592
206.877365556
206.877364519
206.877363483
206.877362447
206.87736141
206.877360374
206.877359337
206.877358301
206.877357265
206.877356228
206.877355192
206.877428618
206.877427582
206.877426546
206.877425509
206.877424473
206.877423436
206.8774224
206.877421364
206.877420327
206.877419291
206.877418254
206.877417218
206.877416182
206.877415145
206.877414109
206.877413073
206.877412036
206.877411
206.877409963
206.877408927
206.877407891
206.877406854
206.877405818
206.877404781
206.877403745
206.877402709
206.877401672
206.877400636
206.877399599
206.877398563
206.877397527
206.87739649
206.877395454
206.877394417
206.877393381
206.877392345
206.877391308
206.877390272
206.877389235
206.877388199
206.877387163
206.877386126
206.87738509
206.877384053
206.877383017
206.877381981
206.877380944
206.877379908
206.877378871
206.877377835
206.877376799
206.877375762
206.877374726
206.877373689
206.877372653
206.877371617
206.87737058
206.877369544
206.877368508
206.877367471
206.877366435
206.877365398
206.877364362
206.877363326
206.877362289
206.877361253
206.877360216
206.87735918
206.877358144
206.877357107
206.877356071
206.877355034
206.877353998
206.877352962
206.877351925
206.877350889
206.877349852
206.877348816
206.87734778
206.877346743
206.87742017
206.877419133
206.877418097
206.877417061
206.877416024
206.877414988
206.877413952
206.877412915
206.877411879
206.877410842
206.877409806
206.87740877
206.877407733
206.877406697
206.87740566
206.877404624
206.877403588
206.877402551
206.877401515
206.877400478
206.877399442
206.877398406
206.877397369
206.877396333
206.877395296
206.87739426
206.877393224
206.877392187
206.877391151
206.877390114
206.877389078
206.877388042
206.877387005
206.877385969
206.877384932
206.877383896
206.87738286
206.877381823
206.877380787
206.87737975
206.877378714
206.877377678
206.877376641
206.877375605
206.877374568
206.877373532
206.877372496
206.877371459
206.877370423
206.877369387
206.87736835
206.877367314
206.877366277
206.877365241
206.877364205
206.877363168
206.877362132
206.877361095
206.877360059
206.877359023
206.877357986
206.87735695
206.877355913
206.877354877
206.877353841
206.877352804
206.877351768
206.877350731
206.877349695
206.877348659
206.877347622
206.877346586
206.877345549
206.877344513
206.877343477
206.87734244
206.877341404
206.877340367
206.877339331
206.877338295
206.877411721
206.877410685
206.877409649
206.877408612
206.877407576
206.877406539
206.877405503
206.877404467
206.87740343
206.877402394
206.877401357
206.877400321
206.877399285
206.877398248
206.877397212
206.877396175
206.877395139
206.877394103
206.877393066
206.87739203
206.877390993
206.877389957
206.877388921
206.877387884
206.877386848
206.877385811
206.877384775
206.877383739
206.877382702
206.877381666
206.877380629
206.877379593
206.877378557
206.87737752
206.877376484
206.877375447
206.877374411
206.877373375
206.877372338
206.877371302
206.877370266
206.877369229
206.877368193
206.877367156
206.87736612
206.877365084
206.877364047
206.877363011
206.877361974
206.877360938
206.877359902
206.877358865
206.877357829
206.877356792
206.877355756
206.87735472
206.877353683
206.877352647
206.87735161
206.877350574
206.877349538
206.877348501
206.877347465
206.877346428
206.877345392
206.877344356
206.877343319
206.877342283
206.877341246
206.87734021
206.877339174
206.877338137
206.877337101
206.877336064
206.877335028
206.877333992
206.877332955
206.877331919
206.877330882
206.877329846
206.877403273
206.877402236
206.8774012
206.877400164
206.877399127
206.877398091
206.877397054
206.877396018
206.877394982
206.877393945
206.877392909
206.877391872
206.877390836
206.8773898
206.877388763
206.877387727
206.87738669
206.877385654
206.877384618
206.877383581
206.877382545
206.877381508
206.877380472
206.877379436
206.877378399
206.877377363
206.877376326
206.87737529
206.877374254
206.877373217
206.877372181
206.877371145
206.877370108
206.877369072
206.877368035
206.877366999
206.877365963
206.877364926
206.87736389
206.877362853
206.877361817
206.877360781
206.877359744
206.877358708
206.877357671
206.877356635
206.877355599
206.877354562
206.877353526
206.877352489
206.877351453
206.877350417
206.87734938
206.877348344
206.877347307
206.877346271
206.877345235
206.877344198
206.877343162
206.877342125
206.877341089
206.877340053
206.877339016
206.87733798
206.877336943
206.877335907
206.877334871
206.877333834
206.877332798
206.877331761
206.877330725
206.877329689
206.877328652
206.877327616
206.87732658
206.877325543
206.877324507
206.87732347
206.877322434
206.877321398
206.877394824
206.877393788
206.877392751
206.877391715
206.877390679
206.877389642
206.877388606
206.877387569
206.877386533
206.877385497
206.87738446
206.877383424
206.877382387
206.877381351
206.877380315
206.877379278
206.877378242
206.877377205
206.877376169
206.877375133
206.877374096
206.87737306
206.877372024
206.877370987
206.877369951
206.877368914
206.877367878
206.877366842
206.877365805
206.877364769
206.877363732
206.877362696
206.87736166
206.877360623
206.877359587
206.87735855
206.877357514
206.877356478
206.877355441
206.877354405
206.877353368
206.877352332
206.877351296
206.877350259
206.877349223
206.877348186
206.87734715
206.877346114
206.877345077
206.877344041
206.877343004
206.877341968
206.877340932
206.877339895
206.877338859
206.877337822
206.877336786
206.87733575
206.877334713
206.877333677
206.87733264
206.877331604
206.877330568
206.877329531
206.877328495
206.877327459
206.877326422
206.877325386
206.877324349
206.877323313
206.877322277
206.87732124
206.877320204
206.877319167
206.877318131
206.877317095
206.877316058
206.877315022
206.877313985
206.877312949
206.877386376
206.877385339
206.877384303
206.877383266
206.87738223
206.877381194
206.877380157
206.877379121
206.877378084
206.877377048
206.877376012
206.877374975
206.877373939
206.877372903
206.877371866
206.87737083
206.877369793
206.877368757
206.877367721
206.877366684
206.877365648
206.877364611
206.877363575
206.877362539
206.877361502
206.877360466
206.877359429
206.877358393
206.877357357
206.87735632
206.877355284
206.877354247
206.877353211
206.877352175
206.877351138
206.877350102
206.877349065
206.877348029
206.877346993
206.877345956
206.87734492
206.877343883
206.877342847
206.877341811
206.877340774
206.877339738
206.877338701
206.877337665
206.877336629
206.877335592
206.877334556
206.877333519
206.877332483
206.877331447
206.87733041
206.877329374
206.877328338
206.877327301
206.877326265
206.877325228
206.877324192
206.877323156
206.877322119
206.877321083
206.877320046
206.87731901
206.877317974
206.877316937
206.877315901
206.877314864
206.877313828
206.877312792
206.877311755
206.877310719
206.877309682
206.877308646
206.87730761
206.877306573
206.877305537
206.8773045
206.877377927
206.877376891
206.877375854
206.877374818
206.877373782
206.877372745
206.877371709
206.877370672
206.877369636
206.8773686
206.877367563
206.877366527
206.87736549
206.877364454
206.877363418
206.877362381
206.877361345
206.877360308
206.877359272
206.877358236
206.877357199
206.877356163
206.877355126
206.87735409
206.877353054
206.877352017
206.877350981
206.877349944
206.877348908
206.877347872
206.877346835
206.877345799
206.877344762
206.877343726
206.87734269
206.877341653
206.877340617
206.87733958
206.877338544
206.877337508
206.877336471
206.877335435
206.877334398
206.877333362
206.877332326
206.877331289
206.877330253
206.877329217
206.87732818
206.877327144
206.877326107
206.877325071
206.877324035
206.877322998
206.877321962
206.877320925
206.877319889
206.877318853
206.877317816
206.87731678
206.877315743
206.877314707
206.877313671
206.877312634
206.877311598
206.877310561
206.877309525
206.877308489
206.877307452
206.877306416
206.877305379
206.877304343
206.877303307
206.87730227
206.877301234
206.877300197
206.877299161
206.877298125
206.877297088
206.877296052
206.877369479
206.877368442
206.877367406
206.877366369
206.877365333
206.877364297
206.87736326
206.877362224
206.877361187
206.877360151
206.877359115
206.877358078
206.877357042
206.877356005
206.877354969
206.877353933
206.877352896
206.87735186
206.877350823
206.877349787
206.877348751
206.877347714
206.877346678
206.877345641
206.877344605
206.877343569
206.877342532
206.877341496
206.877340459
206.877339423
206.877338387
206.87733735
206.877336314
206.877335277
206.877334241
206.877333205
206.877332168
206.877331132
206.877330096
206.877329059
206.877328023
206.877326986
206.87732595
206.877324914
206.877323877
206.877322841
206.877321804
206.877320768
206.877319732
206.877318695
206.877317659
206.877316622
206.877315586
206.87731455
206.877313513
206.877312477
206.87731144
206.877310404
206.877309368
206.877308331
206.877307295
206.877306258
206.877305222
206.877304186
206.877303149
206.877302113
206.877301076
206.87730004
206.877299004
206.877297967
206.877296931
206.877295894
206.877294858
206.877293822
206.877292785
206.877291749
206.877290712
206.877289676
206.87728864
206.877287603
206.87736103
206.877359994
206.877358957
206.877357921
206.877356884
206.877355848
206.877354812
206.877353775
206.877352739
206.877351702
206.877350666
206.87734963
206.877348593
206.877347557
206.87734652
206.877345484
206.877344448
206.877343411
206.877342375
206.877341338
206.877340302
206.877339266
206.877338229
206.877337193
206.877336156
206.87733512
206.877334084
206.877333047
206.877332011
206.877330975
206.877329938
206.877328902
206.877327865
206.877326829
206.877325793
206.877324756
206.87732372
206.877322683
206.877321647
206.877320611
206.877319574
206.877318538
206.877317501
206.877316465
206.877315429
206.877314392
206.877313356
206.877312319
206.877311283
206.877310247
206.87730921
206.877308174
206.877307137
206.877306101
206.877305065
206.877304028
206.877302992
206.877301955
206.877300919
206.877299883
206.877298846
206.87729781
206.877296773
206.877295737
206.877294701
206.877293664
206.877292628
206.877291591
206.877290555
206.877289519
206.877288482
206.877287446
206.87728641
206.877285373
206.877284337
206.8772833
206.877282264
206.877281228
206.877280191
206.877279155
