109.379826109
109.379829757
109.379833406
109.379837054
109.379840702
109.37984435
109.379847998
109.379851646
109.379855295
109.379858943
109.379862591
109.379866239
109.379869887
109.379873536
109.379877184
109.379880832
109.37988448
109.379888128
109.379891776
109.379895425
109.379899073
109.379902721
109.379906369
109.379910017
109.379808927
109.379812575
109.379816223
109.379819871
109.37982352
109.379827168
109.379830816
109.379834464
109.379838112
109.37984176
109.379845409
109.379849057
109.379852705
109.379856353
109.379860001
109.379863649
109.379867298
109.379870946
109.379874594
109.379878242
109.37988189
109.379885538
109.379889187
109.379892835
109.379791744
109.379795393
109.379799041
109.379802689
109.379806337
109.379809985
109.379813633
109.379817282
109.37982093
109.379824578
109.379828226
109.379831874
109.379835522
109.379839171
109.379842819
109.379846467
109.379850115
109.379853763
109.379857411
109.37986106
109.379864708
109.379868356
109.379872004
109.379875652
109.379774562
109.37977821
109.379781858
109.379785506
109.379789155
109.379792803
109.379796451
109.379800099
109.379803747
109.379807396
109.379811044
109.379814692
109.37981834
109.379821988
109.379825636
109.379829285
109.379832933
109.379836581
109.379840229
109.379843877
109.379847525
109.379851174
109.379854822
109.37985847
109.37975738
109.379761028
109.379764676
109.379768324
109.379771972
109.37977562
109.379779269
109.379782917
109.379786565
109.379790213
109.379793861
109.379797509
109.379801158
109.379804806
109.379808454
109.379812102
109.37981575
109.379819398
109.379823047
109.379826695
109.379830343
109.379833991
109.379837639
109.379841287
109.379740197
109.379743845
109.379747493
109.379751142
109.37975479
109.379758438
109.379762086
109.379765734
109.379769382
109.379773031
109.379776679
109.379780327
109.379783975
109.379787623
109.379791271
109.37979492
109.379798568
109.379802216
109.379805864
109.379809512
109.379813161
109.379816809
109.379820457
109.379824105
109.379723015
109.379726663
109.379730311
109.379733959
109.379737607
109.379741256
109.379744904
109.379748552
109.3797522
109.379755848
109.379759496
109.379763145
109.379766793
109.379770441
109.379774089
109.379777737
109.379781385
109.379785034
109.379788682
109.37979233
109.379795978
109.379799626
109.379803274
109.379806923
109.379705832
109.37970948
109.379713129
109.379716777
109.379720425
109.379724073
109.379727721
109.379731369
109.379735018
109.379738666
109.379742314
109.379745962
109.37974961
109.379753258
109.379756907
109.379760555
109.379764203
109.379767851
109.379771499
109.379775147
109.379778796
109.379782444
109.379786092
109.37978974
109.37968865
109.379692298
109.379695946
109.379699594
109.379703242
109.379706891
109.379710539
109.379714187
109.379717835
109.379721483
109.379725131
109.37972878
109.379732428
109.379736076
109.379739724
109.379743372
109.379747021
109.379750669
109.379754317
109.379757965
109.379761613
109.379765261
109.37976891
109.379772558
109.379671467
109.379675116
109.379678764
109.379682412
109.37968606
109.379689708
109.379693356
109.379697005
109.379700653
109.379704301
109.379707949
109.379711597
109.379715245
109.379718894
109.379722542
109.37972619
109.379729838
109.379733486
109.379737134
109.379740783
109.379744431
109.379748079
109.379751727
109.379755375
109.379654285
109.379657933
109.379661581
109.379665229
109.379668878
109.379672526
109.379676174
109.379679822
109.37968347
109.379687118
109.379690767
109.379694415
109.379698063
109.379701711
109.379705359
109.379709007
109.379712656
109.379716304
109.379719952
109.3797236
109.379727248
109.379730896
109.379734545
109.379738193
109.379637102
109.379640751
109.379644399
109.379648047
109.379651695
109.379655343
109.379658991
109.37966264
109.379666288
109.379669936
109.379673584
109.379677232
109.379680881
109.379684529
109.379688177
109.379691825
109.379695473
109.379699121
109.37970277
109.379706418
109.379710066
109.379713714
109.379717362
109.37972101
109.37961992
109.379623568
109.379627216
109.379630865
109.379634513
109.379638161
109.379641809
109.379645457
109.379649105
109.379652754
109.379656402
109.37966005
109.379663698
109.379667346
109.379670994
109.379674643
109.379678291
109.379681939
109.379685587
109.379689235
109.379692883
109.379696532
109.37970018
109.379703828
109.379602738
109.379606386
109.379610034
109.379613682
109.37961733
109.379620978
109.379624627
109.379628275
109.379631923
109.379635571
109.379639219
109.379642867
109.379646516
109.379650164
109.379653812
109.37965746
109.379661108
109.379664756
109.379668405
109.379672053
109.379675701
109.379679349
109.379682997
109.379686646
109.379585555
109.379589203
109.379592851
109.3795965
109.379600148
109.379603796
109.379607444
109.379611092
109.379614741
109.379618389
109.379622037
109.379625685
109.379629333
109.379632981
109.37963663
109.379640278
109.379643926
109.379647574
109.379651222
109.37965487
109.379658519
109.379662167
109.379665815
109.379669463
109.379568373
109.379572021
109.379575669
109.379579317
109.379582965
109.379586614
109.379590262
109.37959391
109.379597558
109.379601206
109.379604854
109.379608503
109.379612151
109.379615799
109.379619447
109.379623095
109.379626743
109.379630392
109.37963404
109.379637688
109.379641336
109.379644984
109.379648632
109.379652281
109.37955119
109.379554838
109.379558487
109.379562135
109.379565783
109.379569431
109.379573079
109.379576727
109.379580376
109.379584024
109.379587672
109.37959132
109.379594968
109.379598616
109.379602265
109.379605913
109.379609561
109.379613209
109.379616857
109.379620506
109.379624154
109.379627802
109.37963145
109.379635098
109.379534008
109.379537656
109.379541304
109.379544952
109.379548601
109.379552249
109.379555897
109.379559545
109.379563193
109.379566841
109.37957049
109.379574138
109.379577786
109.379581434
109.379585082
109.37958873
109.379592379
109.379596027
109.379599675
109.379603323
109.379606971
109.379610619
109.379614268
109.379617916
109.379516825
109.379520474
109.379524122
109.37952777
109.379531418
109.379535066
109.379538714
109.379542363
109.379546011
109.379549659
109.379553307
109.379556955
109.379560603
109.379564252
109.3795679
109.379571548
109.379575196
109.379578844
109.379582492
109.379586141
109.379589789
109.379593437
109.379597085
109.379600733
109.379499643
109.379503291
109.379506939
109.379510587
109.379514236
109.379517884
109.379521532
109.37952518
109.379528828
109.379532476
109.379536125
109.379539773
109.379543421
109.379547069
109.379550717
109.379554366
109.379558014
109.379561662
109.37956531
109.379568958
109.379572606
109.379576255
109.379579903
109.379583551
109.379482461
109.379486109
109.379489757
109.379493405
109.379497053
109.379500701
109.37950435
109.379507998
109.379511646
109.379515294
109.379518942
109.37952259
109.379526239
109.379529887
109.379533535
109.379537183
109.379540831
109.379544479
109.379548128
109.379551776
109.379555424
109.379559072
109.37956272
109.379566368
109.379465278
109.379468926
109.379472574
109.379476223
109.379479871
109.379483519
109.379487167
109.379490815
109.379494463
109.379498112
109.37950176
109.379505408
109.379509056
109.379512704
109.379516352
109.379520001
109.379523649
109.379527297
109.379530945
109.379534593
109.379538241
109.37954189
109.379545538
109.379549186
109.379448096
109.379451744
109.379455392
109.37945904
109.379462688
109.379466336
109.379469985
109.379473633
109.379477281
109.379480929
109.379484577
109.379488226
109.379491874
109.379495522
109.37949917
109.379502818
109.379506466
109.379510115
109.379513763
109.379517411
109.379521059
109.379524707
109.379528355
109.379532004
109.379430913
109.379434561
109.37943821
109.379441858
109.379445506
109.379449154
109.379452802
109.37945645
109.379460099
109.379463747
109.379467395
109.379471043
109.379474691
109.379478339
109.379481988
109.379485636
109.379489284
109.379492932
109.37949658
109.379500228
109.379503877
109.379507525
109.379511173
109.379514821
