109.381776785
109.381756209
109.381735632
109.381715056
109.381694479
109.381673903
109.381653326
109.38163275
109.381612173
109.381591597
109.38157102
109.381550444
109.381529867
109.381509291
109.381488714
109.381468138
109.381447561
109.381426985
109.381406408
109.381385832
109.381365255
109.381344679
109.381324102
109.381303526
109.381282949
109.381262373
109.381241796
109.38122122
109.381200643
109.381180067
109.381159491
109.381138914
109.381118338
109.381097761
109.381077185
109.381056608
109.381036032
109.381015455
109.380994879
109.380974302
109.380953726
109.380933149
109.380912573
109.380891996
109.38087142
109.380850843
109.380830267
109.38080969
109.380789114
109.380768537
109.380747961
109.380727384
109.380706808
109.380686231
109.380665655
109.380645078
109.380624502
109.380603925
109.380583349
109.380562772
109.380542196
109.380521619
109.380501043
109.380480466
109.38045989
109.380439313
109.380418737
109.38039816
109.380377584
109.380357007
