37.7394868031
37.739473217
37.739459631
37.7394460449
37.7394324589
37.7394188729
37.7394052868
37.7393917008
37.7393781148
37.7393645287
37.7393509427
37.7393373566
37.7393237706
37.7393101846
37.7392965985
37.7392830125
37.7392694265
37.7392558404
37.7392422544
37.7392286683
37.7392150823
37.7392014963
37.7391879102
37.7391743242
37.7391607382
37.7391471521
37.7391335661
37.7391199801
37.739106394
37.739092808
37.7390792219
37.7390656359
37.7390520499
37.7390384638
37.7390248778
37.7390112918
37.7389977057
37.7389841197
37.7389705336
37.7389569476
37.7394839185
37.7394703324
37.7394567464
37.7394431604
37.7394295743
37.7394159883
37.7394024023
37.7393888162
37.7393752302
37.7393616441
37.7393480581
37.7393344721
37.739320886
37.7393073
37.739293714
37.7392801279
37.7392665419
37.7392529558
37.7392393698
37.7392257838
37.7392121977
37.7391986117
37.7391850257
37.7391714396
37.7391578536
37.7391442675
37.7391306815
37.7391170955
37.7391035094
37.7390899234
37.7390763374
37.7390627513
37.7390491653
37.7390355792
37.7390219932
37.7390084072
37.7389948211
37.7389812351
37.7389676491
37.738954063
37.7394810339
37.7394674479
37.7394538618
37.7394402758
37.7394266897
37.7394131037
37.7393995177
37.7393859316
37.7393723456
37.7393587596
37.7393451735
37.7393315875
37.7393180014
37.7393044154
37.7392908294
37.7392772433
37.7392636573
37.7392500713
37.7392364852
37.7392228992
37.7392093131
37.7391957271
37.7391821411
37.739168555
37.739154969
37.739141383
37.7391277969
37.7391142109
37.7391006248
37.7390870388
37.7390734528
37.7390598667
37.7390462807
37.7390326947
37.7390191086
37.7390055226
37.7389919365
37.7389783505
37.7389647645
37.7389511784
37.7394781493
37.7394645633
37.7394509772
37.7394373912
37.7394238052
37.7394102191
37.7393966331
37.739383047
37.739369461
37.739355875
37.7393422889
37.7393287029
37.7393151169
37.7393015308
37.7392879448
37.7392743587
37.7392607727
37.7392471867
37.7392336006
37.7392200146
37.7392064286
37.7391928425
37.7391792565
37.7391656704
37.7391520844
37.7391384984
37.7391249123
37.7391113263
37.7390977403
37.7390841542
37.7390705682
37.7390569821
37.7390433961
37.7390298101
37.739016224
37.739002638
37.738989052
37.7389754659
37.7389618799
37.7389482938
37.7394752647
37.7394616787
37.7394480926
37.7394345066
37.7394209206
37.7394073345
37.7393937485
37.7393801625
37.7393665764
37.7393529904
37.7393394043
37.7393258183
37.7393122323
37.7392986462
37.7392850602
37.7392714742
37.7392578881
37.7392443021
37.739230716
37.73921713
37.739203544
37.7391899579
37.7391763719
37.7391627859
37.7391491998
37.7391356138
37.7391220277
37.7391084417
37.7390948557
37.7390812696
37.7390676836
37.7390540976
37.7390405115
37.7390269255
37.7390133394
37.7389997534
37.7389861674
37.7389725813
37.7389589953
37.7389454093
37.7394723801
37.7394587941
37.7394452081
37.739431622
37.739418036
37.7394044499
37.7393908639
37.7393772779
37.7393636918
37.7393501058
37.7393365198
37.7393229337
37.7393093477
37.7392957616
37.7392821756
37.7392685896
37.7392550035
37.7392414175
37.7392278315
37.7392142454
37.7392006594
37.7391870733
37.7391734873
37.7391599013
37.7391463152
37.7391327292
37.7391191432
37.7391055571
37.7390919711
37.739078385
37.739064799
37.739051213
37.7390376269
37.7390240409
37.7390104549
37.7389968688
37.7389832828
37.7389696968
37.7389561107
37.7389425247
37.7394694955
37.7394559095
37.7394423235
37.7394287374
37.7394151514
37.7394015654
37.7393879793
37.7393743933
37.7393608072
37.7393472212
37.7393336352
37.7393200491
37.7393064631
37.7392928771
37.739279291
37.739265705
37.7392521189
37.7392385329
37.7392249469
37.7392113608
37.7391977748
37.7391841888
37.7391706027
37.7391570167
37.7391434307
37.7391298446
37.7391162586
37.7391026725
37.7390890865
37.7390755005
37.7390619144
37.7390483284
37.7390347424
37.7390211563
37.7390075703
37.7389939842
37.7389803982
37.7389668122
37.7389532261
37.7389396401
37.739466611
37.7394530249
37.7394394389
37.7394258529
37.7394122668
37.7393986808
37.7393850947
37.7393715087
37.7393579227
37.7393443366
37.7393307506
37.7393171646
37.7393035785
37.7392899925
37.7392764064
37.7392628204
37.7392492344
37.7392356483
37.7392220623
37.7392084763
37.7391948902
37.7391813042
37.7391677181
37.7391541321
37.7391405461
37.73912696
37.739113374
37.739099788
37.7390862019
37.7390726159
37.7390590298
37.7390454438
37.7390318578
37.7390182717
37.7390046857
37.7389910997
37.7389775136
37.7389639276
37.7389503415
37.7389367555
37.7394637264
37.7394501403
37.7394365543
37.7394229683
37.7394093822
37.7393957962
37.7393822102
37.7393686241
37.7393550381
37.739341452
37.739327866
37.73931428
37.7393006939
37.7392871079
37.7392735219
37.7392599358
37.7392463498
37.7392327637
37.7392191777
37.7392055917
37.7391920056
37.7391784196
37.7391648336
37.7391512475
37.7391376615
37.7391240754
37.7391104894
37.7390969034
37.7390833173
37.7390697313
37.7390561453
37.7390425592
37.7390289732
37.7390153871
37.7390018011
37.7389882151
37.738974629
37.738961043
37.738947457
37.7389338709
37.7394608418
37.7394472558
37.7394336697
37.7394200837
37.7394064976
37.7393929116
37.7393793256
37.7393657395
37.7393521535
37.7393385675
37.7393249814
37.7393113954
37.7392978093
37.7392842233
37.7392706373
37.7392570512
37.7392434652
37.7392298792
37.7392162931
37.7392027071
37.739189121
37.739175535
37.739161949
37.7391483629
37.7391347769
37.7391211909
37.7391076048
37.7390940188
37.7390804327
37.7390668467
37.7390532607
37.7390396746
37.7390260886
37.7390125026
37.7389989165
37.7389853305
37.7389717444
37.7389581584
37.7389445724
37.7389309863
37.7394579572
37.7394443712
37.7394307851
37.7394171991
37.7394036131
37.739390027
37.739376441
37.7393628549
37.7393492689
37.7393356829
37.7393220968
37.7393085108
37.7392949248
37.7392813387
37.7392677527
37.7392541666
37.7392405806
37.7392269946
37.7392134085
37.7391998225
37.7391862365
37.7391726504
37.7391590644
37.7391454783
37.7391318923
37.7391183063
37.7391047202
37.7390911342
37.7390775482
37.7390639621
37.7390503761
37.73903679
37.739023204
37.739009618
37.7389960319
37.7389824459
37.7389688599
37.7389552738
37.7389416878
37.7389281017
37.7394550726
37.7394414866
37.7394279005
37.7394143145
37.7394007285
37.7393871424
37.7393735564
37.7393599704
37.7393463843
37.7393327983
37.7393192122
37.7393056262
37.7392920402
37.7392784541
37.7392648681
37.7392512821
37.739237696
37.73922411
37.7392105239
37.7391969379
37.7391833519
37.7391697658
37.7391561798
37.7391425938
37.7391290077
37.7391154217
37.7391018356
37.7390882496
37.7390746636
37.7390610775
37.7390474915
37.7390339055
37.7390203194
37.7390067334
37.7389931474
37.7389795613
37.7389659753
37.7389523892
37.7389388032
37.7389252172
37.739452188
37.739438602
37.739425016
37.7394114299
37.7393978439
37.7393842578
37.7393706718
37.7393570858
37.7393434997
37.7393299137
37.7393163277
37.7393027416
37.7392891556
37.7392755695
37.7392619835
37.7392483975
37.7392348114
37.7392212254
37.7392076394
37.7391940533
37.7391804673
37.7391668813
37.7391532952
37.7391397092
37.7391261231
37.7391125371
37.7390989511
37.739085365
37.739071779
37.739058193
37.7390446069
37.7390310209
37.7390174348
37.7390038488
37.7389902628
37.7389766767
37.7389630907
37.7389495047
37.7389359186
37.7389223326
37.7394493035
37.7394357174
37.7394221314
37.7394085453
37.7393949593
37.7393813733
37.7393677872
37.7393542012
37.7393406152
37.7393270291
37.7393134431
37.739299857
37.739286271
37.739272685
37.7392590989
37.7392455129
37.7392319269
37.7392183408
37.7392047548
37.7391911687
37.7391775827
37.7391639967
37.7391504106
37.7391368246
37.7391232386
37.7391096525
37.7390960665
37.7390824804
37.7390688944
37.7390553084
37.7390417223
37.7390281363
37.7390145503
37.7390009642
37.7389873782
37.7389737921
37.7389602061
37.7389466201
37.738933034
37.738919448
37.7394464189
37.7394328328
37.7394192468
37.7394056608
37.7393920747
37.7393784887
37.7393649026
37.7393513166
37.7393377306
37.7393241445
37.7393105585
37.7392969725
37.7392833864
37.7392698004
37.7392562143
37.7392426283
37.7392290423
37.7392154562
37.7392018702
37.7391882842
37.7391746981
37.7391611121
37.739147526
37.73913394
37.739120354
37.7391067679
37.7390931819
37.7390795959
37.7390660098
37.7390524238
37.7390388377
37.7390252517
37.7390116657
37.7389980796
37.7389844936
37.7389709076
37.7389573215
37.7389437355
37.7389301494
37.7389165634
37.7394435343
37.7394299482
37.7394163622
37.7394027762
37.7393891901
37.7393756041
37.7393620181
37.739348432
37.739334846
37.7393212599
37.7393076739
37.7392940879
37.7392805018
37.7392669158
37.7392533298
37.7392397437
37.7392261577
37.7392125716
37.7391989856
37.7391853996
37.7391718135
37.7391582275
37.7391446415
37.7391310554
37.7391174694
37.7391038833
37.7390902973
37.7390767113
37.7390631252
37.7390495392
37.7390359532
37.7390223671
37.7390087811
37.738995195
37.738981609
37.738968023
37.7389544369
37.7389408509
37.7389272649
37.7389136788
37.7394406497
37.7394270637
37.7394134776
37.7393998916
37.7393863055
37.7393727195
37.7393591335
37.7393455474
37.7393319614
37.7393183754
37.7393047893
37.7392912033
37.7392776172
37.7392640312
37.7392504452
37.7392368591
37.7392232731
37.7392096871
37.739196101
37.739182515
37.7391689289
37.7391553429
37.7391417569
37.7391281708
37.7391145848
37.7391009988
37.7390874127
37.7390738267
37.7390602406
37.7390466546
37.7390330686
37.7390194825
37.7390058965
37.7389923105
37.7389787244
37.7389651384
37.7389515523
37.7389379663
37.7389243803
37.7389107942
37.7394377651
37.7394241791
37.739410593
37.739397007
37.739383421
37.7393698349
37.7393562489
37.7393426628
37.7393290768
37.7393154908
37.7393019047
37.7392883187
37.7392747327
37.7392611466
37.7392475606
37.7392339745
37.7392203885
37.7392068025
37.7391932164
37.7391796304
37.7391660444
37.7391524583
37.7391388723
37.7391252862
37.7391117002
37.7390981142
37.7390845281
37.7390709421
37.7390573561
37.73904377
37.739030184
37.739016598
37.7390030119
37.7389894259
37.7389758398
37.7389622538
37.7389486678
37.7389350817
37.7389214957
37.7389079097
37.7394348805
37.7394212945
37.7394077084
37.7393941224
37.7393805364
37.7393669503
37.7393533643
37.7393397783
37.7393261922
37.7393126062
37.7392990201
37.7392854341
37.7392718481
37.739258262
37.739244676
37.73923109
37.7392175039
37.7392039179
37.7391903319
37.7391767458
37.7391631598
37.7391495737
37.7391359877
37.7391224017
37.7391088156
37.7390952296
37.7390816436
37.7390680575
37.7390544715
37.7390408854
37.7390272994
37.7390137134
37.7390001273
37.7389865413
37.7389729553
37.7389593692
37.7389457832
37.7389321971
37.7389186111
37.7389050251
37.7394319959
37.7394184099
37.7394048239
37.7393912378
37.7393776518
37.7393640658
37.7393504797
37.7393368937
37.7393233076
37.7393097216
37.7392961356
37.7392825495
37.7392689635
37.7392553775
37.7392417914
37.7392282054
37.7392146193
37.7392010333
37.7391874473
37.7391738612
37.7391602752
37.7391466892
37.7391331031
37.7391195171
37.739105931
37.739092345
37.739078759
37.7390651729
37.7390515869
37.7390380009
37.7390244148
37.7390108288
37.7389972427
37.7389836567
37.7389700707
37.7389564846
37.7389428986
37.7389293126
37.7389157265
37.7389021405
37.7394291114
37.7394155253
37.7394019393
37.7393883532
37.7393747672
37.7393611812
37.7393475951
37.7393340091
37.7393204231
37.739306837
37.739293251
37.7392796649
37.7392660789
37.7392524929
37.7392389068
37.7392253208
37.7392117348
37.7391981487
37.7391845627
37.7391709766
37.7391573906
37.7391438046
37.7391302185
37.7391166325
37.7391030465
37.7390894604
37.7390758744
37.7390622883
37.7390487023
37.7390351163
37.7390215302
37.7390079442
37.7389943582
37.7389807721
37.7389671861
37.7389536
37.738940014
37.738926428
37.7389128419
37.7388992559
37.7394262268
37.7394126407
37.7393990547
37.7393854687
37.7393718826
37.7393582966
37.7393447105
37.7393311245
37.7393175385
37.7393039524
37.7392903664
37.7392767804
37.7392631943
37.7392496083
37.7392360222
37.7392224362
37.7392088502
37.7391952641
37.7391816781
37.7391680921
37.739154506
37.73914092
37.7391273339
37.7391137479
37.7391001619
37.7390865758
37.7390729898
37.7390594038
37.7390458177
37.7390322317
37.7390186456
37.7390050596
37.7389914736
37.7389778875
37.7389643015
37.7389507155
37.7389371294
37.7389235434
37.7389099573
37.7388963713
37.7394233422
37.7394097561
37.7393961701
37.7393825841
37.739368998
37.739355412
37.739341826
37.7393282399
37.7393146539
37.7393010678
37.7392874818
37.7392738958
37.7392603097
37.7392467237
37.7392331377
37.7392195516
37.7392059656
37.7391923795
37.7391787935
37.7391652075
37.7391516214
37.7391380354
37.7391244494
37.7391108633
37.7390972773
37.7390836912
37.7390701052
37.7390565192
37.7390429331
37.7390293471
37.7390157611
37.739002175
37.738988589
37.7389750029
37.7389614169
37.7389478309
37.7389342448
37.7389206588
37.7389070728
37.7388934867
37.7394204576
37.7394068716
37.7393932855
37.7393796995
37.7393661134
37.7393525274
37.7393389414
37.7393253553
37.7393117693
37.7392981833
37.7392845972
37.7392710112
37.7392574251
37.7392438391
37.7392302531
37.739216667
37.739203081
37.739189495
37.7391759089
37.7391623229
37.7391487368
37.7391351508
37.7391215648
37.7391079787
37.7390943927
37.7390808067
37.7390672206
37.7390536346
37.7390400486
37.7390264625
37.7390128765
37.7389992904
37.7389857044
37.7389721184
37.7389585323
37.7389449463
37.7389313603
37.7389177742
37.7389041882
37.7388906021
37.739417573
37.739403987
37.7393904009
37.7393768149
37.7393632289
37.7393496428
37.7393360568
37.7393224707
37.7393088847
37.7392952987
37.7392817126
37.7392681266
37.7392545406
37.7392409545
37.7392273685
37.7392137825
37.7392001964
37.7391866104
37.7391730243
37.7391594383
37.7391458523
37.7391322662
37.7391186802
37.7391050942
37.7390915081
37.7390779221
37.739064336
37.73905075
37.739037164
37.7390235779
37.7390099919
37.7389964059
37.7389828198
37.7389692338
37.7389556477
37.7389420617
37.7389284757
37.7389148896
37.7389013036
37.7388877176
37.7394146884
37.7394011024
37.7393875164
37.7393739303
37.7393603443
37.7393467582
37.7393331722
37.7393195862
37.7393060001
37.7392924141
37.7392788281
37.739265242
37.739251656
37.7392380699
37.7392244839
37.7392108979
37.7391973118
37.7391837258
37.7391701398
37.7391565537
37.7391429677
37.7391293816
37.7391157956
37.7391022096
37.7390886235
37.7390750375
37.7390614515
37.7390478654
37.7390342794
37.7390206933
37.7390071073
37.7389935213
37.7389799352
37.7389663492
37.7389527632
37.7389391771
37.7389255911
37.738912005
37.738898419
37.738884833
37.7394118038
37.7393982178
37.7393846318
37.7393710457
37.7393574597
37.7393438737
37.7393302876
37.7393167016
37.7393031155
37.7392895295
37.7392759435
37.7392623574
37.7392487714
37.7392351854
37.7392215993
37.7392080133
37.7391944272
37.7391808412
37.7391672552
37.7391536691
37.7391400831
37.7391264971
37.739112911
37.739099325
37.7390857389
37.7390721529
37.7390585669
37.7390449808
37.7390313948
37.7390178088
37.7390042227
37.7389906367
37.7389770506
37.7389634646
37.7389498786
37.7389362925
37.7389227065
37.7389091205
37.7388955344
37.7388819484
37.7394089193
37.7393953332
37.7393817472
37.7393681611
37.7393545751
37.7393409891
37.739327403
37.739313817
37.739300231
37.7392866449
37.7392730589
37.7392594728
37.7392458868
37.7392323008
37.7392187147
37.7392051287
37.7391915427
37.7391779566
37.7391643706
37.7391507845
37.7391371985
37.7391236125
37.7391100264
37.7390964404
37.7390828544
37.7390692683
37.7390556823
37.7390420962
37.7390285102
37.7390149242
37.7390013381
37.7389877521
37.7389741661
37.73896058
37.738946994
37.7389334079
37.7389198219
37.7389062359
37.7388926498
37.7388790638
37.7394060347
37.7393924486
37.7393788626
37.7393652766
37.7393516905
37.7393381045
37.7393245184
37.7393109324
37.7392973464
37.7392837603
37.7392701743
37.7392565883
37.7392430022
37.7392294162
37.7392158301
37.7392022441
37.7391886581
37.739175072
37.739161486
37.7391479
37.7391343139
37.7391207279
37.7391071418
37.7390935558
37.7390799698
37.7390663837
37.7390527977
37.7390392117
37.7390256256
37.7390120396
37.7389984535
37.7389848675
37.7389712815
37.7389576954
37.7389441094
37.7389305234
37.7389169373
37.7389033513
37.7388897652
37.7388761792
37.7394031501
37.739389564
37.739375978
37.739362392
37.7393488059
37.7393352199
37.7393216339
37.7393080478
37.7392944618
37.7392808757
37.7392672897
37.7392537037
37.7392401176
37.7392265316
37.7392129456
37.7391993595
37.7391857735
37.7391721874
37.7391586014
37.7391450154
37.7391314293
37.7391178433
37.7391042573
37.7390906712
37.7390770852
37.7390634992
37.7390499131
37.7390363271
37.739022741
37.739009155
37.738995569
37.7389819829
37.7389683969
37.7389548109
37.7389412248
37.7389276388
37.7389140527
37.7389004667
37.7388868807
37.7388732946
37.7394002655
37.7393866795
37.7393730934
37.7393595074
37.7393459213
37.7393323353
37.7393187493
37.7393051632
37.7392915772
37.7392779912
37.7392644051
37.7392508191
37.7392372331
37.739223647
37.739210061
37.7391964749
37.7391828889
37.7391693029
37.7391557168
37.7391421308
37.7391285448
37.7391149587
37.7391013727
37.7390877866
37.7390742006
37.7390606146
37.7390470285
37.7390334425
37.7390198565
37.7390062704
37.7389926844
37.7389790983
37.7389655123
37.7389519263
37.7389383402
37.7389247542
37.7389111682
37.7388975821
37.7388839961
37.73887041
37.7393973809
37.7393837949
37.7393702088
37.7393566228
37.7393430368
37.7393294507
37.7393158647
37.7393022787
37.7392886926
37.7392751066
37.7392615205
37.7392479345
37.7392343485
37.7392207624
37.7392071764
37.7391935904
37.7391800043
37.7391664183
37.7391528322
37.7391392462
37.7391256602
37.7391120741
37.7390984881
37.7390849021
37.739071316
37.73905773
37.7390441439
37.7390305579
37.7390169719
37.7390033858
37.7389897998
37.7389762138
37.7389626277
37.7389490417
37.7389354556
37.7389218696
37.7389082836
37.7388946975
37.7388811115
37.7388675255
37.7393944963
37.7393809103
37.7393673243
37.7393537382
37.7393401522
37.7393265661
37.7393129801
37.7392993941
37.739285808
37.739272222
37.739258636
37.7392450499
37.7392314639
37.7392178778
37.7392042918
37.7391907058
37.7391771197
37.7391635337
37.7391499477
37.7391363616
37.7391227756
37.7391091895
37.7390956035
37.7390820175
37.7390684314
37.7390548454
37.7390412594
37.7390276733
37.7390140873
37.7390005012
37.7389869152
37.7389733292
37.7389597431
37.7389461571
37.7389325711
37.738918985
37.738905399
37.7388918129
37.7388782269
37.7388646409
37.7393916117
37.7393780257
37.7393644397
37.7393508536
37.7393372676
37.7393236816
37.7393100955
37.7392965095
37.7392829234
37.7392693374
37.7392557514
37.7392421653
37.7392285793
37.7392149933
37.7392014072
37.7391878212
37.7391742351
37.7391606491
37.7391470631
37.739133477
37.739119891
37.739106305
37.7390927189
37.7390791329
37.7390655468
37.7390519608
37.7390383748
37.7390247887
37.7390112027
37.7389976167
37.7389840306
37.7389704446
37.7389568585
37.7389432725
37.7389296865
37.7389161004
37.7389025144
37.7388889284
37.7388753423
37.7388617563
37.7393887272
37.7393751411
37.7393615551
37.739347969
37.739334383
37.739320797
37.7393072109
37.7392936249
37.7392800389
37.7392664528
37.7392528668
37.7392392807
37.7392256947
37.7392121087
37.7391985226
37.7391849366
37.7391713506
37.7391577645
37.7391441785
37.7391305924
37.7391170064
37.7391034204
37.7390898343
37.7390762483
37.7390626623
37.7390490762
37.7390354902
37.7390219041
37.7390083181
37.7389947321
37.738981146
37.73896756
37.738953974
37.7389403879
37.7389268019
37.7389132158
37.7388996298
37.7388860438
37.7388724577
37.7388588717
37.7393858426
37.7393722565
37.7393586705
37.7393450845
37.7393314984
37.7393179124
37.7393043263
37.7392907403
37.7392771543
37.7392635682
37.7392499822
37.7392363962
37.7392228101
37.7392092241
37.739195638
37.739182052
37.739168466
37.7391548799
37.7391412939
37.7391277079
37.7391141218
37.7391005358
37.7390869498
37.7390733637
37.7390597777
37.7390461916
37.7390326056
37.7390190196
37.7390054335
37.7389918475
37.7389782615
37.7389646754
37.7389510894
37.7389375033
37.7389239173
37.7389103313
37.7388967452
37.7388831592
37.7388695732
37.7388559871
37.739382958
37.7393693719
37.7393557859
37.7393421999
37.7393286138
37.7393150278
37.7393014418
37.7392878557
37.7392742697
37.7392606837
37.7392470976
37.7392335116
37.7392199255
37.7392063395
37.7391927535
37.7391791674
37.7391655814
37.7391519954
37.7391384093
37.7391248233
37.7391112372
37.7390976512
37.7390840652
37.7390704791
37.7390568931
37.7390433071
37.739029721
37.739016135
37.7390025489
37.7389889629
37.7389753769
37.7389617908
37.7389482048
37.7389346188
37.7389210327
37.7389074467
37.7388938606
37.7388802746
37.7388666886
37.7388531025
37.7393800734
37.7393664874
37.7393529013
37.7393393153
37.7393257293
37.7393121432
37.7392985572
37.7392849711
37.7392713851
37.7392577991
37.739244213
37.739230627
37.739217041
37.7392034549
37.7391898689
37.7391762828
37.7391626968
37.7391491108
37.7391355247
37.7391219387
37.7391083527
37.7390947666
37.7390811806
37.7390675945
37.7390540085
37.7390404225
37.7390268364
37.7390132504
37.7389996644
37.7389860783
37.7389724923
37.7389589062
37.7389453202
37.7389317342
37.7389181481
37.7389045621
37.7388909761
37.73887739
37.738863804
37.7388502179
37.7393771888
37.7393636028
37.7393500167
37.7393364307
37.7393228447
37.7393092586
37.7392956726
37.7392820866
37.7392685005
37.7392549145
37.7392413284
37.7392277424
37.7392141564
37.7392005703
37.7391869843
37.7391733983
37.7391598122
37.7391462262
37.7391326401
37.7391190541
37.7391054681
37.739091882
37.739078296
37.73906471
37.7390511239
37.7390375379
37.7390239518
37.7390103658
37.7389967798
37.7389831937
37.7389696077
37.7389560217
37.7389424356
37.7389288496
37.7389152635
37.7389016775
37.7388880915
37.7388745054
37.7388609194
37.7388473334
37.7393743042
37.7393607182
37.7393471322
37.7393335461
37.7393199601
37.739306374
37.739292788
37.739279202
37.7392656159
37.7392520299
37.7392384439
37.7392248578
37.7392112718
37.7391976857
37.7391840997
37.7391705137
37.7391569276
37.7391433416
37.7391297556
37.7391161695
37.7391025835
37.7390889974
37.7390754114
37.7390618254
37.7390482393
37.7390346533
37.7390210673
37.7390074812
37.7389938952
37.7389803091
37.7389667231
37.7389531371
37.738939551
37.738925965
37.738912379
37.7388987929
37.7388852069
37.7388716208
37.7388580348
37.7388444488
