37.737591151
37.7376725313
37.7377539115
37.7378352917
37.7379166719
37.7379980521
37.7380794323
37.7381608125
37.7382421927
37.7383235729
37.7384049531
37.7384863333
37.7385677135
37.7386490938
37.738730474
37.7388118542
37.7388932344
37.7389746146
37.7390559948
37.739137375
37.7392187552
37.7393001354
37.7393815156
37.7394628958
37.739544276
37.7396256563
37.7397070365
37.7397884167
37.7398697969
37.7399511771
37.7400325573
37.7401139375
37.7401953177
37.7402766979
37.7403580781
37.7404394583
37.7405208385
37.7406022188
37.740683599
37.7407649792
