109.396489213
109.396386342
109.396283471
109.3961806
109.396077729
109.395974858
109.395871987
109.395769116
109.395666245
109.395563375
109.395460504
109.395357633
109.395254762
109.395151891
109.39504902
109.394946149
109.394843278
109.394740407
109.394637537
109.394534666
109.394431795
109.394328924
109.394226053
109.394123182
109.394020311
109.39391744
109.393814569
109.393711698
109.393608828
109.393505957
109.393403086
109.393300215
109.393197344
109.393094473
109.392991602
109.392888731
109.39278586
109.39268299
109.392580119
109.392477248
