37.7394044499
37.7393908639
37.7393772779
37.7393636918
37.7393501058
37.7393365198
37.7393229337
37.7393093477
37.7392957616
37.7392821756
37.7392685896
37.7392550035
37.7392414175
37.7392278315
37.7392142454
37.7392006594
37.7391870733
37.7391734873
37.7391599013
37.7391463152
37.7391327292
37.7391191432
37.7391055571
37.7390919711
37.739078385
37.739064799
37.739051213
37.7390376269
37.7390240409
37.7390104549
37.7394015654
37.7393879793
37.7393743933
37.7393608072
37.7393472212
37.7393336352
37.7393200491
37.7393064631
37.7392928771
37.739279291
37.739265705
37.7392521189
37.7392385329
37.7392249469
37.7392113608
37.7391977748
37.7391841888
37.7391706027
37.7391570167
37.7391434307
37.7391298446
37.7391162586
37.7391026725
37.7390890865
37.7390755005
37.7390619144
37.7390483284
37.7390347424
37.7390211563
37.7390075703
37.7393986808
37.7393850947
37.7393715087
37.7393579227
37.7393443366
37.7393307506
37.7393171646
37.7393035785
37.7392899925
37.7392764064
37.7392628204
37.7392492344
37.7392356483
37.7392220623
37.7392084763
37.7391948902
37.7391813042
37.7391677181
37.7391541321
37.7391405461
37.73912696
37.739113374
37.739099788
37.7390862019
37.7390726159
37.7390590298
37.7390454438
37.7390318578
37.7390182717
37.7390046857
37.7393957962
37.7393822102
37.7393686241
37.7393550381
37.739341452
37.739327866
37.73931428
37.7393006939
37.7392871079
37.7392735219
37.7392599358
37.7392463498
37.7392327637
37.7392191777
37.7392055917
37.7391920056
37.7391784196
37.7391648336
37.7391512475
37.7391376615
37.7391240754
37.7391104894
37.7390969034
37.7390833173
37.7390697313
37.7390561453
37.7390425592
37.7390289732
37.7390153871
37.7390018011
37.7393929116
37.7393793256
37.7393657395
37.7393521535
37.7393385675
37.7393249814
37.7393113954
37.7392978093
37.7392842233
37.7392706373
37.7392570512
37.7392434652
37.7392298792
37.7392162931
37.7392027071
37.739189121
37.739175535
37.739161949
37.7391483629
37.7391347769
37.7391211909
37.7391076048
37.7390940188
37.7390804327
37.7390668467
37.7390532607
37.7390396746
37.7390260886
37.7390125026
37.7389989165
37.739390027
37.739376441
37.7393628549
37.7393492689
37.7393356829
37.7393220968
37.7393085108
37.7392949248
37.7392813387
37.7392677527
37.7392541666
37.7392405806
37.7392269946
37.7392134085
37.7391998225
37.7391862365
37.7391726504
37.7391590644
37.7391454783
37.7391318923
37.7391183063
37.7391047202
37.7390911342
37.7390775482
37.7390639621
37.7390503761
37.73903679
37.739023204
37.739009618
37.7389960319
37.7393871424
37.7393735564
37.7393599704
37.7393463843
37.7393327983
37.7393192122
37.7393056262
37.7392920402
37.7392784541
37.7392648681
37.7392512821
37.739237696
37.73922411
37.7392105239
37.7391969379
37.7391833519
37.7391697658
37.7391561798
37.7391425938
37.7391290077
37.7391154217
37.7391018356
37.7390882496
37.7390746636
37.7390610775
37.7390474915
37.7390339055
37.7390203194
37.7390067334
37.7389931474
37.7393842578
37.7393706718
37.7393570858
37.7393434997
37.7393299137
37.7393163277
37.7393027416
37.7392891556
37.7392755695
37.7392619835
37.7392483975
37.7392348114
37.7392212254
37.7392076394
37.7391940533
37.7391804673
37.7391668813
37.7391532952
37.7391397092
37.7391261231
37.7391125371
37.7390989511
37.739085365
37.739071779
37.739058193
37.7390446069
37.7390310209
37.7390174348
37.7390038488
37.7389902628
37.7393813733
37.7393677872
37.7393542012
37.7393406152
37.7393270291
37.7393134431
37.739299857
37.739286271
37.739272685
37.7392590989
37.7392455129
37.7392319269
37.7392183408
37.7392047548
37.7391911687
37.7391775827
37.7391639967
37.7391504106
37.7391368246
37.7391232386
37.7391096525
37.7390960665
37.7390824804
37.7390688944
37.7390553084
37.7390417223
37.7390281363
37.7390145503
37.7390009642
37.7389873782
37.7393784887
37.7393649026
37.7393513166
37.7393377306
37.7393241445
37.7393105585
37.7392969725
37.7392833864
37.7392698004
37.7392562143
37.7392426283
37.7392290423
37.7392154562
37.7392018702
37.7391882842
37.7391746981
37.7391611121
37.739147526
37.73913394
37.739120354
37.7391067679
37.7390931819
37.7390795959
37.7390660098
37.7390524238
37.7390388377
37.7390252517
37.7390116657
37.7389980796
37.7389844936
37.7393756041
37.7393620181
37.739348432
37.739334846
37.7393212599
37.7393076739
37.7392940879
37.7392805018
37.7392669158
37.7392533298
37.7392397437
37.7392261577
37.7392125716
37.7391989856
37.7391853996
37.7391718135
37.7391582275
37.7391446415
37.7391310554
37.7391174694
37.7391038833
37.7390902973
37.7390767113
37.7390631252
37.7390495392
37.7390359532
37.7390223671
37.7390087811
37.738995195
37.738981609
37.7393727195
37.7393591335
37.7393455474
37.7393319614
37.7393183754
37.7393047893
37.7392912033
37.7392776172
37.7392640312
37.7392504452
37.7392368591
37.7392232731
37.7392096871
37.739196101
37.739182515
37.7391689289
37.7391553429
37.7391417569
37.7391281708
37.7391145848
37.7391009988
37.7390874127
37.7390738267
37.7390602406
37.7390466546
37.7390330686
37.7390194825
37.7390058965
37.7389923105
37.7389787244
37.7393698349
37.7393562489
37.7393426628
37.7393290768
37.7393154908
37.7393019047
37.7392883187
37.7392747327
37.7392611466
37.7392475606
37.7392339745
37.7392203885
37.7392068025
37.7391932164
37.7391796304
37.7391660444
37.7391524583
37.7391388723
37.7391252862
37.7391117002
37.7390981142
37.7390845281
37.7390709421
37.7390573561
37.73904377
37.739030184
37.739016598
37.7390030119
37.7389894259
37.7389758398
37.7393669503
37.7393533643
37.7393397783
37.7393261922
37.7393126062
37.7392990201
37.7392854341
37.7392718481
37.739258262
37.739244676
37.73923109
37.7392175039
37.7392039179
37.7391903319
37.7391767458
37.7391631598
37.7391495737
37.7391359877
37.7391224017
37.7391088156
37.7390952296
37.7390816436
37.7390680575
37.7390544715
37.7390408854
37.7390272994
37.7390137134
37.7390001273
37.7389865413
37.7389729553
37.7393640658
37.7393504797
37.7393368937
37.7393233076
37.7393097216
37.7392961356
37.7392825495
37.7392689635
37.7392553775
37.7392417914
37.7392282054
37.7392146193
37.7392010333
37.7391874473
37.7391738612
37.7391602752
37.7391466892
37.7391331031
37.7391195171
37.739105931
37.739092345
37.739078759
37.7390651729
37.7390515869
37.7390380009
37.7390244148
37.7390108288
37.7389972427
37.7389836567
37.7389700707
37.7393611812
37.7393475951
37.7393340091
37.7393204231
37.739306837
37.739293251
37.7392796649
37.7392660789
37.7392524929
37.7392389068
37.7392253208
37.7392117348
37.7391981487
37.7391845627
37.7391709766
37.7391573906
37.7391438046
37.7391302185
37.7391166325
37.7391030465
37.7390894604
37.7390758744
37.7390622883
37.7390487023
37.7390351163
37.7390215302
37.7390079442
37.7389943582
37.7389807721
37.7389671861
37.7393582966
37.7393447105
37.7393311245
37.7393175385
37.7393039524
37.7392903664
37.7392767804
37.7392631943
37.7392496083
37.7392360222
37.7392224362
37.7392088502
37.7391952641
37.7391816781
37.7391680921
37.739154506
37.73914092
37.7391273339
37.7391137479
37.7391001619
37.7390865758
37.7390729898
37.7390594038
37.7390458177
37.7390322317
37.7390186456
37.7390050596
37.7389914736
37.7389778875
37.7389643015
37.739355412
37.739341826
37.7393282399
37.7393146539
37.7393010678
37.7392874818
37.7392738958
37.7392603097
37.7392467237
37.7392331377
37.7392195516
37.7392059656
37.7391923795
37.7391787935
37.7391652075
37.7391516214
37.7391380354
37.7391244494
37.7391108633
37.7390972773
37.7390836912
37.7390701052
37.7390565192
37.7390429331
37.7390293471
37.7390157611
37.739002175
37.738988589
37.7389750029
37.7389614169
37.7393525274
37.7393389414
37.7393253553
37.7393117693
37.7392981833
37.7392845972
37.7392710112
37.7392574251
37.7392438391
37.7392302531
37.739216667
37.739203081
37.739189495
37.7391759089
37.7391623229
37.7391487368
37.7391351508
37.7391215648
37.7391079787
37.7390943927
37.7390808067
37.7390672206
37.7390536346
37.7390400486
37.7390264625
37.7390128765
37.7389992904
37.7389857044
37.7389721184
37.7389585323
37.7393496428
37.7393360568
37.7393224707
37.7393088847
37.7392952987
37.7392817126
37.7392681266
37.7392545406
37.7392409545
37.7392273685
37.7392137825
37.7392001964
37.7391866104
37.7391730243
37.7391594383
37.7391458523
37.7391322662
37.7391186802
37.7391050942
37.7390915081
37.7390779221
37.739064336
37.73905075
37.739037164
37.7390235779
37.7390099919
37.7389964059
37.7389828198
37.7389692338
37.7389556477
37.7393467582
37.7393331722
37.7393195862
37.7393060001
37.7392924141
37.7392788281
37.739265242
37.739251656
37.7392380699
37.7392244839
37.7392108979
37.7391973118
37.7391837258
37.7391701398
37.7391565537
37.7391429677
37.7391293816
37.7391157956
37.7391022096
37.7390886235
37.7390750375
37.7390614515
37.7390478654
37.7390342794
37.7390206933
37.7390071073
37.7389935213
37.7389799352
37.7389663492
37.7389527632
37.7393438737
37.7393302876
37.7393167016
37.7393031155
37.7392895295
37.7392759435
37.7392623574
37.7392487714
37.7392351854
37.7392215993
37.7392080133
37.7391944272
37.7391808412
37.7391672552
37.7391536691
37.7391400831
37.7391264971
37.739112911
37.739099325
37.7390857389
37.7390721529
37.7390585669
37.7390449808
37.7390313948
37.7390178088
37.7390042227
37.7389906367
37.7389770506
37.7389634646
37.7389498786
37.7393409891
37.739327403
37.739313817
37.739300231
37.7392866449
37.7392730589
37.7392594728
37.7392458868
37.7392323008
37.7392187147
37.7392051287
37.7391915427
37.7391779566
37.7391643706
37.7391507845
37.7391371985
37.7391236125
37.7391100264
37.7390964404
37.7390828544
37.7390692683
37.7390556823
37.7390420962
37.7390285102
37.7390149242
37.7390013381
37.7389877521
37.7389741661
37.73896058
37.738946994
37.7393381045
37.7393245184
37.7393109324
37.7392973464
37.7392837603
37.7392701743
37.7392565883
37.7392430022
37.7392294162
37.7392158301
37.7392022441
37.7391886581
37.739175072
37.739161486
37.7391479
37.7391343139
37.7391207279
37.7391071418
37.7390935558
37.7390799698
37.7390663837
37.7390527977
37.7390392117
37.7390256256
37.7390120396
37.7389984535
37.7389848675
37.7389712815
37.7389576954
37.7389441094
37.7393352199
37.7393216339
37.7393080478
37.7392944618
37.7392808757
37.7392672897
37.7392537037
37.7392401176
37.7392265316
37.7392129456
37.7391993595
37.7391857735
37.7391721874
37.7391586014
37.7391450154
37.7391314293
37.7391178433
37.7391042573
37.7390906712
37.7390770852
37.7390634992
37.7390499131
37.7390363271
37.739022741
37.739009155
37.738995569
37.7389819829
37.7389683969
37.7389548109
37.7389412248
37.7393323353
37.7393187493
37.7393051632
37.7392915772
37.7392779912
37.7392644051
37.7392508191
37.7392372331
37.739223647
37.739210061
37.7391964749
37.7391828889
37.7391693029
37.7391557168
37.7391421308
37.7391285448
37.7391149587
37.7391013727
37.7390877866
37.7390742006
37.7390606146
37.7390470285
37.7390334425
37.7390198565
37.7390062704
37.7389926844
37.7389790983
37.7389655123
37.7389519263
37.7389383402
37.7393294507
37.7393158647
37.7393022787
37.7392886926
37.7392751066
37.7392615205
37.7392479345
37.7392343485
37.7392207624
37.7392071764
37.7391935904
37.7391800043
37.7391664183
37.7391528322
37.7391392462
37.7391256602
37.7391120741
37.7390984881
37.7390849021
37.739071316
37.73905773
37.7390441439
37.7390305579
37.7390169719
37.7390033858
37.7389897998
37.7389762138
37.7389626277
37.7389490417
37.7389354556
37.7393265661
37.7393129801
37.7392993941
37.739285808
37.739272222
37.739258636
37.7392450499
37.7392314639
37.7392178778
37.7392042918
37.7391907058
37.7391771197
37.7391635337
37.7391499477
37.7391363616
37.7391227756
37.7391091895
37.7390956035
37.7390820175
37.7390684314
37.7390548454
37.7390412594
37.7390276733
37.7390140873
37.7390005012
37.7389869152
37.7389733292
37.7389597431
37.7389461571
37.7389325711
37.7393236816
37.7393100955
37.7392965095
37.7392829234
37.7392693374
37.7392557514
37.7392421653
37.7392285793
37.7392149933
37.7392014072
37.7391878212
37.7391742351
37.7391606491
37.7391470631
37.739133477
37.739119891
37.739106305
37.7390927189
37.7390791329
37.7390655468
37.7390519608
37.7390383748
37.7390247887
37.7390112027
37.7389976167
37.7389840306
37.7389704446
37.7389568585
37.7389432725
37.7389296865
37.739320797
37.7393072109
37.7392936249
37.7392800389
37.7392664528
37.7392528668
37.7392392807
37.7392256947
37.7392121087
37.7391985226
37.7391849366
37.7391713506
37.7391577645
37.7391441785
37.7391305924
37.7391170064
37.7391034204
37.7390898343
37.7390762483
37.7390626623
37.7390490762
37.7390354902
37.7390219041
37.7390083181
37.7389947321
37.738981146
37.73896756
37.738953974
37.7389403879
37.7389268019
