-11.7621616224
-11.7620916354
-11.7620216484
-11.7619516615
-11.7618816745
-11.7618116875
-11.7617417005
-11.7616717135
-11.7616017266
-11.7615317396
-11.7614617526
-11.7613917656
-11.7613217786
-11.7612517917
-11.7611818047
-11.7611118177
-11.7610418307
-11.7609718437
-11.7609018568
-11.7608318698
-11.7607618828
-11.7606918958
-11.7606219089
-11.7605519219
-11.7604819349
-11.7604119479
-11.7603419609
-11.760271974
-11.760201987
-11.760132
-11.760062013
-11.759992026
-11.7599220391
-11.7598520521
-11.7597820651
-11.7597120781
-11.7596420911
-11.7595721042
-11.7595021172
-11.7594321302
-11.7593621432
-11.7592921562
-11.7592221693
-11.7591521823
-11.7590821953
-11.7590122083
-11.7589422214
-11.7588722344
-11.7588022474
-11.7587322604
-11.7586622734
-11.7585922865
-11.7585222995
-11.7584523125
-11.7583823255
-11.7583123385
-11.7582423516
-11.7581723646
-11.7581023776
-11.7580323906
-11.7579624036
-11.7578924167
-11.7578224297
-11.7577524427
-11.7576824557
-11.7576124687
-11.7575424818
-11.7574724948
-11.7574025078
-11.7573325208
-11.7572625339
-11.7571925469
-11.7571225599
-11.7570525729
-11.7569825859
-11.756912599
-11.756842612
-11.756772625
-11.756702638
-11.756632651
