0.147375 0.147279 0.147183 0.147086 0.147019 0.146951 0.146884 0.146816 0.146743 0.146669 0.146595 0.146522 0.146406 0.14629 0.146174 0.146058 0.145865 0.145671 0.145478 0.145284 0.14498 0.144676 0.144372 0.144069 0.143625 0.143181 0.142738 0.142294 0.141685 0.141075
0.147375 0.147279 0.147183 0.147086 0.147019 0.146951 0.146884 0.146816 0.146743 0.146669 0.146595 0.146522 0.146406 0.14629 0.146174 0.146058 0.145865 0.145671 0.145478 0.145284 0.14498 0.144676 0.144372 0.144069 0.143625 0.143181 0.142738 0.142294 0.141685 0.141075
0.148161 0.148068 0.147976 0.147883 0.147812 0.14774 0.147669 0.147597 0.147517 0.147436 0.147356 0.147275 0.147153 0.147031 0.146909 0.146786 0.146591 0.146395 0.146199 0.146003 0.145704 0.145404 0.145104 0.144805 0.144373 0.143941 0.14351 0.143078 0.142489 0.1419
0.148946 0.148857 0.148769 0.14868 0.148605 0.148529 0.148454 0.148379 0.148291 0.148203 0.148116 0.148028 0.1479 0.147771 0.147643 0.147514 0.147316 0.147118 0.146921 0.146723 0.146427 0.146132 0.145836 0.145541 0.145121 0.144701 0.144282 0.143862 0.143293 0.142724
0.148946 0.148857 0.148769 0.14868 0.148605 0.148529 0.148454 0.148379 0.148291 0.148203 0.148116 0.148028 0.1479 0.147771 0.147643 0.147514 0.147316 0.147118 0.146921 0.146723 0.146427 0.146132 0.145836 0.145541 0.145121 0.144701 0.144282 0.143862 0.143293 0.142724
0.148946 0.148857 0.148769 0.14868 0.148605 0.148529 0.148454 0.148379 0.148291 0.148203 0.148116 0.148028 0.1479 0.147771 0.147643 0.147514 0.147316 0.147118 0.146921 0.146723 0.146427 0.146132 0.145836 0.145541 0.145121 0.144701 0.144282 0.143862 0.143293 0.142724
0.149682 0.149608 0.149534 0.14946 0.149393 0.149327 0.149261 0.149195 0.149114 0.149034 0.148953 0.148872 0.148751 0.148631 0.14851 0.14839 0.148203 0.148017 0.147831 0.147644 0.147367 0.147089 0.146811 0.146534 0.14614 0.145746 0.145352 0.144958 0.144424 0.14389
0.150418 0.150359 0.150299 0.150239 0.150182 0.150125 0.150068 0.150011 0.149937 0.149864 0.14979 0.149716 0.149603 0.149491 0.149378 0.149265 0.14909 0.148916 0.148741 0.148566 0.148306 0.148047 0.147787 0.147527 0.147159 0.146791 0.146423 0.146055 0.145555 0.145056
0.150418 0.150359 0.150299 0.150239 0.150182 0.150125 0.150068 0.150011 0.149937 0.149864 0.14979 0.149716 0.149603 0.149491 0.149378 0.149265 0.14909 0.148916 0.148741 0.148566 0.148306 0.148047 0.147787 0.147527 0.147159 0.146791 0.146423 0.146055 0.145555 0.145056
0.150418 0.150359 0.150299 0.150239 0.150182 0.150125 0.150068 0.150011 0.149937 0.149864 0.14979 0.149716 0.149603 0.149491 0.149378 0.149265 0.14909 0.148916 0.148741 0.148566 0.148306 0.148047 0.147787 0.147527 0.147159 0.146791 0.146423 0.146055 0.145555 0.145056
0.151124 0.151087 0.15105 0.151013 0.150975 0.150937 0.150899 0.150862 0.150806 0.15075 0.150694 0.150638 0.150545 0.150451 0.150358 0.150264 0.150113 0.149962 0.14981 0.149659 0.149429 0.149198 0.148968 0.148738 0.148409 0.148079 0.147749 0.14742 0.146969 0.146519
0.15183 0.151816 0.151801 0.151787 0.151768 0.151749 0.151731 0.151712 0.151674 0.151636 0.151598 0.15156 0.151486 0.151412 0.151338 0.151264 0.151136 0.151007 0.150879 0.150751 0.150551 0.15035 0.15015 0.149949 0.149658 0.149367 0.149076 0.148784 0.148383 0.147982
0.15183 0.151816 0.151801 0.151787 0.151768 0.151749 0.151731 0.151712 0.151674 0.151636 0.151598 0.15156 0.151486 0.151412 0.151338 0.151264 0.151136 0.151007 0.150879 0.150751 0.150551 0.15035 0.15015 0.149949 0.149658 0.149367 0.149076 0.148784 0.148383 0.147982
0.15183 0.151816 0.151801 0.151787 0.151768 0.151749 0.151731 0.151712 0.151674 0.151636 0.151598 0.15156 0.151486 0.151412 0.151338 0.151264 0.151136 0.151007 0.150879 0.150751 0.150551 0.15035 0.15015 0.149949 0.149658 0.149367 0.149076 0.148784 0.148383 0.147982
0.152518 0.152533 0.152547 0.152562 0.152569 0.152577 0.152585 0.152593 0.152581 0.15257 0.152558 0.152547 0.152501 0.152455 0.152409 0.152364 0.152268 0.152172 0.152077 0.151981 0.15182 0.151659 0.151498 0.151336 0.151094 0.150851 0.150608 0.150365 0.150025 0.149685
0.153207 0.15325 0.153293 0.153336 0.153371 0.153405 0.15344 0.153474 0.153489 0.153504 0.153518 0.153533 0.153516 0.153498 0.153481 0.153463 0.1534 0.153337 0.153274 0.153211 0.153089 0.152967 0.152845 0.152723 0.152529 0.152335 0.152141 0.151947 0.151667 0.151388
0.153207 0.15325 0.153293 0.153336 0.153371 0.153405 0.15344 0.153474 0.153489 0.153504 0.153518 0.153533 0.153516 0.153498 0.153481 0.153463 0.1534 0.153337 0.153274 0.153211 0.153089 0.152967 0.152845 0.152723 0.152529 0.152335 0.152141 0.151947 0.151667 0.151388
0.153207 0.15325 0.153293 0.153336 0.153371 0.153405 0.15344 0.153474 0.153489 0.153504 0.153518 0.153533 0.153516 0.153498 0.153481 0.153463 0.1534 0.153337 0.153274 0.153211 0.153089 0.152967 0.152845 0.152723 0.152529 0.152335 0.152141 0.151947 0.151667 0.151388
0.153885 0.153961 0.154037 0.154114 0.154181 0.154247 0.154314 0.154381 0.154428 0.154476 0.154523 0.154571 0.154588 0.154605 0.154623 0.15464 0.154616 0.154593 0.154569 0.154545 0.154469 0.154393 0.154316 0.15424 0.154101 0.153962 0.153824 0.153685 0.153473 0.153262
0.154563 0.154672 0.154782 0.154892 0.154991 0.15509 0.155189 0.155287 0.155368 0.155448 0.155528 0.155608 0.15566 0.155713 0.155765 0.155817 0.155832 0.155848 0.155863 0.155878 0.155848 0.155818 0.155787 0.155757 0.155674 0.15559 0.155506 0.155423 0.15528 0.155136
0.154563 0.154672 0.154782 0.154892 0.154991 0.15509 0.155189 0.155287 0.155368 0.155448 0.155528 0.155608 0.15566 0.155713 0.155765 0.155817 0.155832 0.155848 0.155863 0.155878 0.155848 0.155818 0.155787 0.155757 0.155674 0.15559 0.155506 0.155423 0.15528 0.155136
0.154563 0.154672 0.154782 0.154892 0.154991 0.15509 0.155189 0.155287 0.155368 0.155448 0.155528 0.155608 0.15566 0.155713 0.155765 0.155817 0.155832 0.155848 0.155863 0.155878 0.155848 0.155818 0.155787 0.155757 0.155674 0.15559 0.155506 0.155423 0.15528 0.155136
0.155234 0.15538 0.155526 0.155673 0.155808 0.155943 0.156078 0.156213 0.15633 0.156447 0.156564 0.156682 0.156773 0.156864 0.156956 0.157047 0.157106 0.157164 0.157223 0.157281 0.1573 0.157319 0.157338 0.157357 0.157332 0.157306 0.157281 0.157255 0.157182 0.157109
0.155905 0.156088 0.156271 0.156453 0.156625 0.156796 0.156967 0.157139 0.157293 0.157447 0.157601 0.157755 0.157886 0.158016 0.158147 0.158278 0.158379 0.158481 0.158583 0.158684 0.158753 0.158821 0.158889 0.158958 0.15899 0.159023 0.159055 0.159088 0.159085 0.159082
0.155905 0.156088 0.156271 0.156453 0.156625 0.156796 0.156967 0.157139 0.157293 0.157447 0.157601 0.157755 0.157886 0.158016 0.158147 0.158278 0.158379 0.158481 0.158583 0.158684 0.158753 0.158821 0.158889 0.158958 0.15899 0.159023 0.159055 0.159088 0.159085 0.159082
0.155905 0.156088 0.156271 0.156453 0.156625 0.156796 0.156967 0.157139 0.157293 0.157447 0.157601 0.157755 0.157886 0.158016 0.158147 0.158278 0.158379 0.158481 0.158583 0.158684 0.158753 0.158821 0.158889 0.158958 0.15899 0.159023 0.159055 0.159088 0.159085 0.159082
0.15657 0.156792 0.157013 0.157235 0.157446 0.157656 0.157866 0.158076 0.15827 0.158464 0.158658 0.158851 0.159024 0.159196 0.159368 0.15954 0.159687 0.159833 0.159979 0.160126 0.160244 0.160362 0.16048 0.160598 0.160687 0.160777 0.160866 0.160955 0.161019 0.161083
0.157235 0.157496 0.157756 0.158017 0.158266 0.158516 0.158765 0.159014 0.159248 0.159481 0.159714 0.159948 0.160161 0.160375 0.160589 0.160802 0.160994 0.161185 0.161376 0.161567 0.161735 0.161903 0.16207 0.162238 0.162384 0.162531 0.162677 0.162823 0.162954 0.163084
0.157235 0.157496 0.157756 0.158017 0.158266 0.158516 0.158765 0.159014 0.159248 0.159481 0.159714 0.159948 0.160161 0.160375 0.160589 0.160802 0.160994 0.161185 0.161376 0.161567 0.161735 0.161903 0.16207 0.162238 0.162384 0.162531 0.162677 0.162823 0.162954 0.163084
0.157235 0.157496 0.157756 0.158017 0.158266 0.158516 0.158765 0.159014 0.159248 0.159481 0.159714 0.159948 0.160161 0.160375 0.160589 0.160802 0.160994 0.161185 0.161376 0.161567 0.161735 0.161903 0.16207 0.162238 0.162384 0.162531 0.162677 0.162823 0.162954 0.163084
