37.754058461
37.7540448749
37.7540312889
37.7540177028
37.7540041168
37.7539905308
37.7539769447
37.7539633587
37.7539497727
37.7539361866
37.7539226006
37.7539090146
37.7538954285
37.7538818425
37.7538682564
37.7538546704
37.7538410844
37.7538274983
37.7538139123
37.7538003263
37.7537867402
37.7537731542
37.7537595681
37.7537459821
37.7537323961
37.75371881
37.753705224
37.753691638
37.7536780519
37.7536644659
37.7540555764
37.7540419903
37.7540284043
37.7540148183
37.7540012322
37.7539876462
37.7539740602
37.7539604741
37.7539468881
37.753933302
37.753919716
37.75390613
37.7538925439
37.7538789579
37.7538653719
37.7538517858
37.7538381998
37.7538246137
37.7538110277
37.7537974417
37.7537838556
37.7537702696
37.7537566836
37.7537430975
37.7537295115
37.7537159254
37.7537023394
37.7536887534
37.7536751673
37.7536615813
37.7540526918
37.7540391058
37.7540255197
37.7540119337
37.7539983476
37.7539847616
37.7539711756
37.7539575895
37.7539440035
37.7539304175
37.7539168314
37.7539032454
37.7538896593
37.7538760733
37.7538624873
37.7538489012
37.7538353152
37.7538217292
37.7538081431
37.7537945571
37.753780971
37.753767385
37.753753799
37.7537402129
37.7537266269
37.7537130409
37.7536994548
37.7536858688
37.7536722827
37.7536586967
37.7540498072
37.7540362212
37.7540226351
37.7540090491
37.7539954631
37.753981877
37.753968291
37.7539547049
37.7539411189
37.7539275329
37.7539139468
37.7539003608
37.7538867748
37.7538731887
37.7538596027
37.7538460166
37.7538324306
37.7538188446
37.7538052585
37.7537916725
37.7537780865
37.7537645004
37.7537509144
37.7537373283
37.7537237423
37.7537101563
37.7536965702
37.7536829842
37.7536693982
37.7536558121
37.7540469226
37.7540333366
37.7540197505
37.7540061645
37.7539925785
37.7539789924
37.7539654064
37.7539518204
37.7539382343
37.7539246483
37.7539110622
37.7538974762
37.7538838902
37.7538703041
37.7538567181
37.7538431321
37.753829546
37.75381596
37.7538023739
37.7537887879
37.7537752019
37.7537616158
37.7537480298
37.7537344438
37.7537208577
37.7537072717
37.7536936856
37.7536800996
37.7536665136
37.7536529275
37.754044038
37.754030452
37.754016866
37.7540032799
37.7539896939
37.7539761078
37.7539625218
37.7539489358
37.7539353497
37.7539217637
37.7539081777
37.7538945916
37.7538810056
37.7538674195
37.7538538335
37.7538402475
37.7538266614
37.7538130754
37.7537994894
37.7537859033
37.7537723173
37.7537587312
37.7537451452
37.7537315592
37.7537179731
37.7537043871
37.7536908011
37.753677215
37.753663629
37.753650043
37.7540411534
37.7540275674
37.7540139814
37.7540003953
37.7539868093
37.7539732233
37.7539596372
37.7539460512
37.7539324652
37.7539188791
37.7539052931
37.753891707
37.753878121
37.753864535
37.7538509489
37.7538373629
37.7538237769
37.7538101908
37.7537966048
37.7537830187
37.7537694327
37.7537558467
37.7537422606
37.7537286746
37.7537150886
37.7537015025
37.7536879165
37.7536743304
37.7536607444
37.7536471584
37.7540382689
37.7540246828
37.7540110968
37.7539975108
37.7539839247
37.7539703387
37.7539567526
37.7539431666
37.7539295806
37.7539159945
37.7539024085
37.7538888225
37.7538752364
37.7538616504
37.7538480643
37.7538344783
37.7538208923
37.7538073062
37.7537937202
37.7537801342
37.7537665481
37.7537529621
37.753739376
37.75372579
37.753712204
37.7536986179
37.7536850319
37.7536714459
37.7536578598
37.7536442738
37.7540353843
37.7540217982
37.7540082122
37.7539946262
37.7539810401
37.7539674541
37.7539538681
37.753940282
37.753926696
37.7539131099
37.7538995239
37.7538859379
37.7538723518
37.7538587658
37.7538451798
37.7538315937
37.7538180077
37.7538044216
37.7537908356
37.7537772496
37.7537636635
37.7537500775
37.7537364915
37.7537229054
37.7537093194
37.7536957333
37.7536821473
37.7536685613
37.7536549752
37.7536413892
37.7540324997
37.7540189137
37.7540053276
37.7539917416
37.7539781555
37.7539645695
37.7539509835
37.7539373974
37.7539238114
37.7539102254
37.7538966393
37.7538830533
37.7538694672
37.7538558812
37.7538422952
37.7538287091
37.7538151231
37.7538015371
37.753787951
37.753774365
37.7537607789
37.7537471929
37.7537336069
37.7537200208
37.7537064348
37.7536928488
37.7536792627
37.7536656767
37.7536520906
37.7536385046
37.7540296151
37.7540160291
37.754002443
37.753988857
37.753975271
37.7539616849
37.7539480989
37.7539345128
37.7539209268
37.7539073408
37.7538937547
37.7538801687
37.7538665827
37.7538529966
37.7538394106
37.7538258245
37.7538122385
37.7537986525
37.7537850664
37.7537714804
37.7537578944
37.7537443083
37.7537307223
37.7537171362
37.7537035502
37.7536899642
37.7536763781
37.7536627921
37.7536492061
37.75363562
37.7540267305
37.7540131445
37.7539995584
37.7539859724
37.7539723864
37.7539588003
37.7539452143
37.7539316283
37.7539180422
37.7539044562
37.7538908701
37.7538772841
37.7538636981
37.753850112
37.753836526
37.75382294
37.7538093539
37.7537957679
37.7537821818
37.7537685958
37.7537550098
37.7537414237
37.7537278377
37.7537142517
37.7537006656
37.7536870796
37.7536734936
37.7536599075
37.7536463215
37.7536327354
37.7540238459
37.7540102599
37.7539966739
37.7539830878
37.7539695018
37.7539559158
37.7539423297
37.7539287437
37.7539151576
37.7539015716
37.7538879856
37.7538743995
37.7538608135
37.7538472275
37.7538336414
37.7538200554
37.7538064693
37.7537928833
37.7537792973
37.7537657112
37.7537521252
37.7537385392
37.7537249531
37.7537113671
37.753697781
37.753684195
37.753670609
37.7536570229
37.7536434369
37.7536298509
37.7540209614
37.7540073753
37.7539937893
37.7539802032
37.7539666172
37.7539530312
37.7539394451
37.7539258591
37.7539122731
37.753898687
37.753885101
37.7538715149
37.7538579289
37.7538443429
37.7538307568
37.7538171708
37.7538035848
37.7537899987
37.7537764127
37.7537628266
37.7537492406
37.7537356546
37.7537220685
37.7537084825
37.7536948965
37.7536813104
37.7536677244
37.7536541383
37.7536405523
37.7536269663
37.7540180768
37.7540044907
37.7539909047
37.7539773187
37.7539637326
37.7539501466
37.7539365605
37.7539229745
37.7539093885
37.7538958024
37.7538822164
37.7538686304
37.7538550443
37.7538414583
37.7538278722
37.7538142862
37.7538007002
37.7537871141
37.7537735281
37.7537599421
37.753746356
37.75373277
37.7537191839
37.7537055979
37.7536920119
37.7536784258
37.7536648398
37.7536512538
37.7536376677
37.7536240817
37.7540151922
37.7540016061
37.7539880201
37.7539744341
37.753960848
37.753947262
37.753933676
37.7539200899
37.7539065039
37.7538929178
37.7538793318
37.7538657458
37.7538521597
37.7538385737
37.7538249877
37.7538114016
37.7537978156
37.7537842295
37.7537706435
37.7537570575
37.7537434714
37.7537298854
37.7537162994
37.7537027133
37.7536891273
37.7536755412
37.7536619552
37.7536483692
37.7536347831
37.7536211971
37.7540123076
37.7539987216
37.7539851355
37.7539715495
37.7539579634
37.7539443774
37.7539307914
37.7539172053
37.7539036193
37.7538900333
37.7538764472
37.7538628612
37.7538492751
37.7538356891
37.7538221031
37.753808517
37.753794931
37.753781345
37.7537677589
37.7537541729
37.7537405868
37.7537270008
37.7537134148
37.7536998287
37.7536862427
37.7536726567
37.7536590706
37.7536454846
37.7536318985
37.7536183125
37.754009423
37.753995837
37.7539822509
37.7539686649
37.7539550789
37.7539414928
37.7539279068
37.7539143207
37.7539007347
37.7538871487
37.7538735626
37.7538599766
37.7538463906
37.7538328045
37.7538192185
37.7538056324
37.7537920464
37.7537784604
37.7537648743
37.7537512883
37.7537377023
37.7537241162
37.7537105302
37.7536969442
37.7536833581
37.7536697721
37.753656186
37.7536426
37.753629014
37.7536154279
37.7540065384
37.7539929524
37.7539793664
37.7539657803
37.7539521943
37.7539386082
37.7539250222
37.7539114362
37.7538978501
37.7538842641
37.7538706781
37.753857092
37.753843506
37.7538299199
37.7538163339
37.7538027479
37.7537891618
37.7537755758
37.7537619898
37.7537484037
37.7537348177
37.7537212316
37.7537076456
37.7536940596
37.7536804735
37.7536668875
37.7536533015
37.7536397154
37.7536261294
37.7536125433
37.7540036538
37.7539900678
37.7539764818
37.7539628957
37.7539493097
37.7539357237
37.7539221376
37.7539085516
37.7538949655
37.7538813795
37.7538677935
37.7538542074
37.7538406214
37.7538270354
37.7538134493
37.7537998633
37.7537862772
37.7537726912
37.7537591052
37.7537455191
37.7537319331
37.7537183471
37.753704761
37.753691175
37.7536775889
37.7536640029
37.7536504169
37.7536368308
37.7536232448
37.7536096588
37.7540007693
37.7539871832
37.7539735972
37.7539600111
37.7539464251
37.7539328391
37.753919253
37.753905667
37.753892081
37.7538784949
37.7538649089
37.7538513228
37.7538377368
37.7538241508
37.7538105647
37.7537969787
37.7537833927
37.7537698066
37.7537562206
37.7537426345
37.7537290485
37.7537154625
37.7537018764
37.7536882904
37.7536747044
37.7536611183
37.7536475323
37.7536339462
37.7536203602
37.7536067742
37.7539978847
37.7539842986
37.7539707126
37.7539571266
37.7539435405
37.7539299545
37.7539163684
37.7539027824
37.7538891964
37.7538756103
37.7538620243
37.7538484383
37.7538348522
37.7538212662
37.7538076801
37.7537940941
37.7537805081
37.753766922
37.753753336
37.75373975
37.7537261639
37.7537125779
37.7536989918
37.7536854058
37.7536718198
37.7536582337
37.7536446477
37.7536310617
37.7536174756
37.7536038896
37.7539950001
37.753981414
37.753967828
37.753954242
37.7539406559
37.7539270699
37.7539134839
37.7538998978
37.7538863118
37.7538727257
37.7538591397
37.7538455537
37.7538319676
37.7538183816
37.7538047956
37.7537912095
37.7537776235
37.7537640374
37.7537504514
37.7537368654
37.7537232793
37.7537096933
37.7536961073
37.7536825212
37.7536689352
37.7536553491
37.7536417631
37.7536281771
37.753614591
37.753601005
37.7539921155
37.7539785295
37.7539649434
37.7539513574
37.7539377713
37.7539241853
37.7539105993
37.7538970132
37.7538834272
37.7538698412
37.7538562551
37.7538426691
37.753829083
37.753815497
37.753801911
37.7537883249
37.7537747389
37.7537611529
37.7537475668
37.7537339808
37.7537203948
37.7537068087
37.7536932227
37.7536796366
37.7536660506
37.7536524646
37.7536388785
37.7536252925
37.7536117065
37.7535981204
37.7539892309
37.7539756449
37.7539620588
37.7539484728
37.7539348868
37.7539213007
37.7539077147
37.7538941287
37.7538805426
37.7538669566
37.7538533705
37.7538397845
37.7538261985
37.7538126124
37.7537990264
37.7537854404
37.7537718543
37.7537582683
37.7537446822
37.7537310962
37.7537175102
37.7537039241
37.7536903381
37.7536767521
37.753663166
37.75364958
37.7536359939
37.7536224079
37.7536088219
37.7535952358
37.7539863463
37.7539727603
37.7539591743
37.7539455882
37.7539320022
37.7539184161
37.7539048301
37.7538912441
37.753877658
37.753864072
37.753850486
37.7538368999
37.7538233139
37.7538097278
37.7537961418
37.7537825558
37.7537689697
37.7537553837
37.7537417977
37.7537282116
37.7537146256
37.7537010395
37.7536874535
37.7536738675
37.7536602814
37.7536466954
37.7536331094
37.7536195233
37.7536059373
37.7535923512
37.7539834617
37.7539698757
37.7539562897
37.7539427036
37.7539291176
37.7539155316
37.7539019455
37.7538883595
37.7538747734
37.7538611874
37.7538476014
37.7538340153
37.7538204293
37.7538068433
37.7537932572
37.7537796712
37.7537660851
37.7537524991
37.7537389131
37.753725327
37.753711741
37.753698155
37.7536845689
37.7536709829
37.7536573968
37.7536438108
37.7536302248
37.7536166387
37.7536030527
37.7535894667
37.7539805772
37.7539669911
37.7539534051
37.753939819
37.753926233
37.753912647
37.7538990609
37.7538854749
37.7538718889
37.7538583028
37.7538447168
37.7538311307
37.7538175447
37.7538039587
37.7537903726
37.7537767866
37.7537632006
37.7537496145
37.7537360285
37.7537224424
37.7537088564
37.7536952704
37.7536816843
37.7536680983
37.7536545123
37.7536409262
37.7536273402
37.7536137541
37.7536001681
37.7535865821
37.7539776926
37.7539641065
37.7539505205
37.7539369345
37.7539233484
37.7539097624
37.7538961763
37.7538825903
37.7538690043
37.7538554182
37.7538418322
37.7538282462
37.7538146601
37.7538010741
37.753787488
37.753773902
37.753760316
37.7537467299
37.7537331439
37.7537195579
37.7537059718
37.7536923858
37.7536787997
37.7536652137
37.7536516277
37.7536380416
37.7536244556
37.7536108696
37.7535972835
37.7535836975
37.753974808
37.7539612219
37.7539476359
37.7539340499
37.7539204638
37.7539068778
37.7538932918
37.7538797057
37.7538661197
37.7538525336
37.7538389476
37.7538253616
37.7538117755
37.7537981895
37.7537846035
37.7537710174
37.7537574314
37.7537438454
37.7537302593
37.7537166733
37.7537030872
37.7536895012
37.7536759152
37.7536623291
37.7536487431
37.7536351571
37.753621571
37.753607985
37.7535943989
37.7535808129
