109.389329909
109.389308831
109.389287754
109.389266676
109.389245599
109.389224521
109.389203444
109.389182367
109.389161289
109.389140212
109.389119134
109.389098057
109.389076979
109.389055902
109.389034824
109.389013747
109.38899267
109.388971592
109.388950515
109.388929437
109.38890836
109.388887282
109.388866205
109.388845127
109.38882405
109.388802973
109.388781895
109.388760818
109.38873974
109.388718663
109.388697585
109.388676508
109.38865543
109.388634353
109.388613276
109.388592198
109.388571121
109.388550043
109.388528966
109.388507888
109.388486811
109.388465733
109.388444656
109.388423579
109.388402501
109.388381424
109.388360346
109.388339269
109.388318191
109.388297114
