37.7517613333
37.751778
37.7517946667
37.7518113333
37.751828
37.7518446667
37.7518613333
37.751878
37.7518946667
37.7519113333
37.751928
37.7519446667
37.7519613333
37.751978
37.7519946667
37.7520113333
37.752028
37.7520446667
37.7520613333
37.752078
37.7520946667
37.7521113333
37.752128
37.7521446667
37.7521613333
37.752178
37.7521946667
37.7522113333
37.752228
37.7522446667
37.7522613333
37.752278
37.7522946667
37.7523113333
37.752328
37.7523446667
37.7523613333
37.752378
37.7523946667
37.7524113333
37.752428
37.7524446667
37.7524613333
37.752478
37.7524946667
37.7525113333
37.752528
37.7525446667
37.7525613333
37.752578
