-0.73964 -0.73942 -0.7392 -0.738979 -0.738757 -0.738535 -0.738311 -0.738088 -0.737863 -0.737638 -0.737413 -0.737186 -0.73696 -0.736732 -0.736504 -0.736275 -0.736045 -0.735815 -0.735584 -0.735353 -0.73512 -0.734888 -0.734654 -0.73442 -0.734186 -0.73395 -0.733714 -0.733478 -0.73324 -0.733003
-0.739527 -0.739307 -0.739087 -0.738866 -0.738644 -0.738422 -0.738199 -0.737976 -0.737751 -0.737526 -0.737301 -0.737075 -0.736848 -0.73662 -0.736392 -0.736164 -0.735934 -0.735704 -0.735473 -0.735242 -0.73501 -0.734778 -0.734544 -0.734311 -0.734076 -0.733841 -0.733605 -0.733369 -0.733132 -0.732894
-0.739414 -0.739194 -0.738974 -0.738753 -0.738531 -0.738309 -0.738086 -0.737863 -0.737639 -0.737414 -0.737188 -0.736962 -0.736736 -0.736508 -0.73628 -0.736052 -0.735822 -0.735593 -0.735362 -0.735131 -0.734899 -0.734667 -0.734434 -0.7342 -0.733966 -0.733731 -0.733496 -0.73326 -0.733023 -0.732786
-0.7393 -0.73908 -0.73886 -0.738639 -0.738418 -0.738196 -0.737973 -0.737749 -0.737525 -0.737301 -0.737075 -0.73685 -0.736623 -0.736396 -0.736168 -0.735939 -0.73571 -0.735481 -0.73525 -0.735019 -0.734788 -0.734556 -0.734323 -0.734089 -0.733855 -0.733621 -0.733386 -0.73315 -0.732913 -0.732676
-0.739185 -0.738966 -0.738746 -0.738525 -0.738304 -0.738082 -0.737859 -0.737636 -0.737412 -0.737187 -0.736962 -0.736736 -0.73651 -0.736283 -0.736055 -0.735827 -0.735598 -0.735368 -0.735138 -0.734907 -0.734676 -0.734444 -0.734211 -0.733978 -0.733744 -0.73351 -0.733275 -0.733039 -0.732803 -0.732566
-0.73907 -0.738851 -0.738631 -0.73841 -0.738189 -0.737967 -0.737744 -0.737521 -0.737297 -0.737073 -0.736848 -0.736622 -0.736396 -0.736169 -0.735941 -0.735713 -0.735484 -0.735255 -0.735025 -0.734794 -0.734563 -0.734331 -0.734099 -0.733866 -0.733632 -0.733398 -0.733163 -0.732928 -0.732692 -0.732456
-0.738955 -0.738735 -0.738516 -0.738295 -0.738074 -0.737852 -0.737629 -0.737406 -0.737183 -0.736958 -0.736733 -0.736508 -0.736282 -0.736055 -0.735827 -0.735599 -0.735371 -0.735141 -0.734912 -0.734681 -0.73445 -0.734218 -0.733986 -0.733753 -0.73352 -0.733286 -0.733051 -0.732816 -0.732581 -0.732344
-0.738839 -0.73862 -0.7384 -0.738179 -0.737958 -0.737736 -0.737514 -0.737291 -0.737067 -0.736843 -0.736618 -0.736393 -0.736167 -0.73594 -0.735713 -0.735485 -0.735256 -0.735027 -0.734797 -0.734567 -0.734336 -0.734105 -0.733873 -0.73364 -0.733407 -0.733173 -0.732939 -0.732704 -0.732468 -0.732232
-0.738722 -0.738503 -0.738283 -0.738063 -0.737842 -0.73762 -0.737398 -0.737175 -0.736951 -0.736727 -0.736502 -0.736277 -0.736051 -0.735825 -0.735597 -0.73537 -0.735141 -0.734912 -0.734683 -0.734453 -0.734222 -0.733991 -0.733759 -0.733526 -0.733293 -0.73306 -0.732826 -0.732591 -0.732356 -0.73212
-0.738605 -0.738386 -0.738167 -0.737946 -0.737725 -0.737503 -0.737281 -0.737058 -0.736835 -0.736611 -0.736386 -0.736161 -0.735935 -0.735709 -0.735482 -0.735254 -0.735026 -0.734797 -0.734567 -0.734337 -0.734107 -0.733876 -0.733644 -0.733412 -0.733179 -0.732946 -0.732712 -0.732477 -0.732242 -0.732007
-0.738488 -0.738269 -0.738049 -0.737829 -0.737608 -0.737386 -0.737164 -0.736941 -0.736718 -0.736494 -0.736269 -0.736044 -0.735818 -0.735592 -0.735365 -0.735138 -0.73491 -0.734681 -0.734452 -0.734222 -0.733991 -0.73376 -0.733529 -0.733297 -0.733064 -0.732831 -0.732597 -0.732363 -0.732128 -0.731893
-0.73837 -0.738151 -0.737931 -0.737711 -0.73749 -0.737269 -0.737046 -0.736824 -0.7366 -0.736377 -0.736152 -0.735927 -0.735701 -0.735475 -0.735248 -0.735021 -0.734793 -0.734564 -0.734335 -0.734105 -0.733875 -0.733644 -0.733413 -0.733181 -0.732949 -0.732715 -0.732482 -0.732248 -0.732013 -0.731778
-0.738251 -0.738032 -0.737813 -0.737592 -0.737372 -0.73715 -0.736928 -0.736706 -0.736482 -0.736259 -0.736034 -0.735809 -0.735584 -0.735357 -0.735131 -0.734903 -0.734676 -0.734447 -0.734218 -0.733988 -0.733758 -0.733528 -0.733296 -0.733065 -0.732832 -0.732599 -0.732366 -0.732132 -0.731898 -0.731663
-0.738132 -0.737913 -0.737694 -0.737473 -0.737253 -0.737031 -0.736809 -0.736587 -0.736364 -0.73614 -0.735916 -0.735691 -0.735465 -0.735239 -0.735012 -0.734785 -0.734557 -0.734329 -0.7341 -0.733871 -0.733641 -0.73341 -0.733179 -0.732948 -0.732715 -0.732483 -0.73225 -0.732016 -0.731782 -0.731547
-0.738013 -0.737794 -0.737574 -0.737354 -0.737133 -0.736912 -0.73669 -0.736468 -0.736244 -0.736021 -0.735797 -0.735572 -0.735346 -0.73512 -0.734894 -0.734667 -0.734439 -0.734211 -0.733982 -0.733753 -0.733523 -0.733292 -0.733061 -0.73283 -0.732598 -0.732365 -0.732132 -0.731899 -0.731665 -0.731431
-0.737892 -0.737674 -0.737454 -0.737234 -0.737013 -0.736792 -0.73657 -0.736348 -0.736125 -0.735901 -0.735677 -0.735452 -0.735227 -0.735001 -0.734774 -0.734547 -0.73432 -0.734092 -0.733863 -0.733634 -0.733404 -0.733174 -0.732943 -0.732712 -0.73248 -0.732248 -0.732015 -0.731781 -0.731548 -0.731313
-0.737772 -0.737553 -0.737333 -0.737113 -0.736893 -0.736671 -0.73645 -0.736227 -0.736004 -0.735781 -0.735557 -0.735332 -0.735107 -0.734881 -0.734654 -0.734428 -0.7342 -0.733972 -0.733743 -0.733514 -0.733285 -0.733055 -0.732824 -0.732593 -0.732361 -0.732129 -0.731896 -0.731663 -0.731429 -0.731195
-0.73765 -0.737432 -0.737212 -0.736992 -0.736772 -0.73655 -0.736329 -0.736106 -0.735883 -0.73566 -0.735436 -0.735211 -0.734986 -0.73476 -0.734534 -0.734307 -0.73408 -0.733852 -0.733623 -0.733394 -0.733165 -0.732935 -0.732704 -0.732473 -0.732242 -0.73201 -0.731777 -0.731544 -0.731311 -0.731077
-0.737529 -0.73731 -0.73709 -0.736871 -0.73665 -0.736429 -0.736207 -0.735985 -0.735762 -0.735538 -0.735314 -0.73509 -0.734865 -0.734639 -0.734413 -0.734186 -0.733959 -0.733731 -0.733502 -0.733274 -0.733044 -0.732814 -0.732584 -0.732353 -0.732121 -0.73189 -0.731657 -0.731424 -0.731191 -0.730957
-0.737406 -0.737188 -0.736968 -0.736748 -0.736528 -0.736307 -0.736085 -0.735863 -0.73564 -0.735416 -0.735192 -0.734968 -0.734743 -0.734517 -0.734291 -0.734064 -0.733837 -0.733609 -0.733381 -0.733152 -0.732923 -0.732693 -0.732463 -0.732232 -0.732001 -0.731769 -0.731537 -0.731304 -0.731071 -0.730837
-0.737283 -0.737065 -0.736845 -0.736625 -0.736405 -0.736184 -0.735962 -0.73574 -0.735517 -0.735294 -0.73507 -0.734845 -0.73462 -0.734395 -0.734169 -0.733942 -0.733715 -0.733487 -0.733259 -0.73303 -0.732801 -0.732571 -0.732341 -0.73211 -0.731879 -0.731647 -0.731415 -0.731183 -0.73095 -0.730716
-0.73716 -0.736941 -0.736722 -0.736502 -0.736282 -0.73606 -0.735839 -0.735617 -0.735394 -0.73517 -0.734947 -0.734722 -0.734497 -0.734272 -0.734045 -0.733819 -0.733592 -0.733364 -0.733136 -0.732907 -0.732678 -0.732449 -0.732219 -0.731988 -0.731757 -0.731525 -0.731293 -0.731061 -0.730828 -0.730595
-0.737036 -0.736817 -0.736598 -0.736378 -0.736158 -0.735936 -0.735715 -0.735493 -0.73527 -0.735047 -0.734823 -0.734598 -0.734373 -0.734148 -0.733922 -0.733695 -0.733468 -0.733241 -0.733013 -0.732784 -0.732555 -0.732325 -0.732095 -0.731865 -0.731634 -0.731402 -0.73117 -0.730938 -0.730705 -0.730472
-0.736912 -0.736693 -0.736473 -0.736253 -0.736033 -0.735812 -0.73559 -0.735368 -0.735145 -0.734922 -0.734698 -0.734474 -0.734249 -0.734024 -0.733797 -0.733571 -0.733344 -0.733117 -0.732889 -0.73266 -0.732431 -0.732202 -0.731972 -0.731741 -0.73151 -0.731279 -0.731047 -0.730815 -0.730582 -0.730349
-0.736787 -0.736568 -0.736348 -0.736129 -0.735908 -0.735687 -0.735465 -0.735243 -0.73502 -0.734797 -0.734573 -0.734349 -0.734124 -0.733898 -0.733673 -0.733446 -0.733219 -0.732992 -0.732764 -0.732535 -0.732306 -0.732077 -0.731847 -0.731617 -0.731386 -0.731155 -0.730923 -0.730691 -0.730458 -0.730225
-0.736661 -0.736442 -0.736223 -0.736003 -0.735782 -0.735561 -0.73534 -0.735117 -0.734895 -0.734671 -0.734448 -0.734223 -0.733998 -0.733773 -0.733547 -0.733321 -0.733094 -0.732866 -0.732638 -0.73241 -0.732181 -0.731952 -0.731722 -0.731491 -0.731261 -0.73103 -0.730798 -0.730566 -0.730333 -0.730101
-0.736535 -0.736316 -0.736097 -0.735877 -0.735656 -0.735435 -0.735213 -0.734991 -0.734768 -0.734545 -0.734321 -0.734097 -0.733872 -0.733647 -0.733421 -0.733194 -0.732967 -0.73274 -0.732512 -0.732284 -0.732055 -0.731826 -0.731596 -0.731366 -0.731135 -0.730904 -0.730672 -0.73044 -0.730208 -0.729975
-0.736408 -0.736189 -0.73597 -0.73575 -0.735529 -0.735308 -0.735086 -0.734864 -0.734641 -0.734418 -0.734194 -0.73397 -0.733745 -0.73352 -0.733294 -0.733067 -0.732841 -0.732613 -0.732385 -0.732157 -0.731928 -0.731699 -0.731469 -0.731239 -0.731008 -0.730777 -0.730546 -0.730314 -0.730082 -0.729849
-0.736281 -0.736062 -0.735842 -0.735622 -0.735402 -0.735181 -0.734959 -0.734737 -0.734514 -0.734291 -0.734067 -0.733842 -0.733618 -0.733392 -0.733166 -0.73294 -0.732713 -0.732486 -0.732258 -0.732029 -0.731801 -0.731571 -0.731342 -0.731112 -0.730881 -0.73065 -0.730419 -0.730187 -0.729955 -0.729722
-0.736153 -0.735934 -0.735714 -0.735494 -0.735274 -0.735053 -0.734831 -0.734609 -0.734386 -0.734162 -0.733939 -0.733714 -0.733489 -0.733264 -0.733038 -0.732812 -0.732585 -0.732358 -0.73213 -0.731901 -0.731672 -0.731443 -0.731214 -0.730984 -0.730753 -0.730522 -0.730291 -0.730059 -0.729827 -0.729594
