109.381805261
109.381784183
109.381763106
109.381742029
109.381720951
109.381699874
109.381678796
109.381657719
109.381636641
109.381615564
109.381594486
109.381573409
109.381552332
109.381531254
109.381510177
109.381489099
109.381468022
109.381446944
109.381425867
109.381404789
109.381383712
109.381362635
109.381341557
109.38132048
109.381299402
109.381278325
109.381257247
109.38123617
109.381215092
109.381194015
109.381172938
109.38115186
109.381130783
109.381109705
109.381088628
109.38106755
109.381046473
109.381025395
109.381004318
109.380983241
109.380962163
109.380941086
109.380920008
109.380898931
109.380877853
109.380856776
109.380835698
109.380814621
109.380793544
109.380772466
109.380751389
109.380730311
109.380709234
109.380688156
109.380667079
109.380646001
109.380624924
109.380603846
109.380582769
109.380561692
109.380540614
109.380519537
109.380498459
109.380477382
109.380456304
109.380435227
109.380414149
109.380393072
109.380371995
109.380350917
