109.391311188
109.391290111
109.391269034
109.391247956
109.391226879
109.391205801
109.391184724
109.391163646
109.391142569
109.391121491
109.391100414
109.391079337
109.391058259
109.391037182
109.391016104
109.390995027
109.390973949
109.390952872
109.390931794
109.390910717
109.39088964
109.390868562
109.390847485
109.390826407
109.39080533
109.390784252
109.390763175
109.390742097
109.39072102
109.390699943
109.390678865
109.390657788
109.39063671
109.390615633
109.390594555
109.390573478
109.3905524
109.390531323
109.390510246
109.390489168
