37.74975417
37.7497722256
37.7497902811
37.7498083367
37.7498263922
37.7498444478
37.7498625033
37.7498805589
37.7498986144
37.74991667
37.7499347256
37.7499527811
37.7499708367
37.7499888922
37.7500069478
37.7500250033
37.7500430589
37.7500611144
37.75007917
37.7500972256
37.7501152811
37.7501333367
37.7501513922
37.7501694478
37.7501875033
37.7502055589
37.7502236144
37.75024167
37.7502597256
37.7502777811
37.7502958367
37.7503138922
37.7503319478
37.7503500033
37.7503680589
37.7503861144
37.75040417
37.7504222256
37.7504402811
37.7504583367
37.7504763922
37.7504944478
37.7505125033
37.7505305589
37.7505486144
37.75056667
37.7505847256
37.7506027811
37.7506208367
37.7506388922
37.7506569478
37.7506750033
37.7506930589
37.7507111144
37.75072917
37.7507472256
37.7507652811
37.7507833367
37.7508013922
37.7508194478
37.7508375033
37.7508555589
37.7508736144
37.75089167
37.7509097256
37.7509277811
37.7509458367
37.7509638922
37.7509819478
37.7510000033
